grf_X grf_Y
-6.15665e-37 -2.16672e-19
1.81676e-25 -2.84072e-09
-3.54154e-24 4.48694e-07
1.96071e-24 2.82893e-07
-6.39774e-26 2.60254e-07
3.96917e-11 2.51744e-07
9.81124e-11 2.40934e-07
3.36459e-11 2.31109e-07
8.97665e-11 2.19979e-07
3.34756e-11 2.10267e-07
8.36234e-11 1.9897e-07
3.07279e-11 1.88743e-07
7.14189e-11 1.76712e-07
2.35948e-11 1.6551e-07
5.41309e-11 1.5107e-07
1.28045e-11 8.50259e-08
3.47414e-11 4.85735e-08
2.08602e-12 1.90287e-08
1.56964e-11 -8.40639e-09
-8.70685e-12 -3.23055e-08
-1.97022e-12 -5.55828e-08
-3.85124e-11 -7.378e-08
-2.52758e-12 -9.74359e-08
-6.736e-11 -9.39369e-08
-3.23679e-11 -9.00235e-08
-4.34296e-11 -8.86012e-08
-6.79846e-12 -1.08286e-07
-8.03191e-11 -1.26824e-07
-3.22268e-12 -1.68102e-07
6.20152e-12 -2.07459e-07
1.09461e-11 -2.54428e-07
-6.15675e-11 -2.94852e-07
1.18762e-11 -3.46052e-07
-1.20767e-10 -3.77896e-07
-8.47952e-11 -4.15506e-07
-1.47071e-10 -4.36843e-07
-9.09079e-11 -4.5543e-07
1.3334e-10 -4.87527e-07
8.79983e-11 -5.01671e-07
-2.52081e-10 -4.77545e-07
3.31461e-10 -5.15834e-07
2.74075e-09 -5.21283e-07
-1.68399e-09 -4.80264e-07
0.122438 23.8443
-7.20035e-10 -4.20478e-07
-5.67519e-10 -1.40429e-07
5.65938e-10 4.17983e-08
1.94292e-10 2.76757e-07
2.53664e-10 2.18297e-07
-1.96823e-10 3.93652e-07
9.55783e-11 5.23376e-07
-1.80712e-10 3.89647e-07
3.5068e-10 4.16353e-07
-5.59072e-10 5.33224e-07
-0.59786 76.6431
-1.96542e-10 2.8261e-07
4.3677e-10 -1.57017e-07
-2.41186e-10 8.44785e-09
1.09639e-10 -4.11029e-08
-1.72756e-10 -3.21119e-08
-0.309406 33.8747
-0.34325 24.4351
-0.39672 28.2049
-0.511691 32.7715
-0.268671 28.3867
-0.299105 29.201
-0.461157 32.2618
-0.632213 37.5335
-0.44299 35.0266
-0.50558 37.8939
-0.485038 41.9646
-0.778664 47.6044
-0.492085 42.9388
-0.465895 43.6146
-0.572035 47.9151
-0.63994 52.9515
-0.743489 60.1939
-0.558737 54.4503
-0.612176 54.9399
-0.617991 58.1072
-0.764511 64.8776
-0.986661 70.578
-1.03759 76.0601
-0.92248 79.1954
-0.829629 83.4295
-0.99947 85.5377
-1.03788 88.6709
-0.890543 90.8985
-0.839768 94.5581
-0.98545 96.5325
-1.00536 99.3538
-0.874367 101.55
-0.824377 105.656
-1.01231 107.79
-1.05607 111.045
-0.987571 114.368
-0.826342 117.809
-1.04117 121.214
-0.939087 123.793
-0.95918 128.15
-0.838752 131.001
-0.872589 134.757
-1.14896 137.524
-1.2695 142.037
-1.00211 145.052
-0.947331 148.976
-0.925816 152.608
-0.974128 156.312
-1.28864 160.067
-1.33754 163.663
-1.20972 167.324
-1.12925 170.903
-1.39717 174.42
-1.43003 177.792
-1.32354 181.187
-1.64044 184.336
-1.51491 187.603
-1.4781 190.619
-1.71226 193.45
-1.67981 196.123
-1.47298 198.724
-1.72846 200.792
-1.64951 202.758
-1.55337 204.49
-1.62669 206.107
-1.62536 207.401
-1.49642 208.597
-1.66851 209.508
-1.50934 210.56
-1.4651 211.269
-1.58507 212.199
-2.00732 238.164
-3.3597 336.57
-14.581 1666.23
-15.6507 1494.71
-13.9042 1512.7
-12.0315 1555.91
-10.3059 1561.81
-8.46913 1539.86
-7.03135 1495.67
-5.34644 1434.8
-4.16152 1361.02
-3.30006 1278.62
-2.57765 1191.55
-1.89767 1103.79
-2.01905 1018.63
-2.06962 939.49
-2.42093 868.982
-2.80552 807.227
-3.31328 752.778
-3.63039 704.429
-4.13395 661.235
-4.2577 626.832
-4.66499 598.309
-5.05376 576.831
-5.30253 561.567
-5.27706 552.521
-5.68927 548.708
-5.69421 549.573
-5.77263 554.544
-5.71478 563.174
-5.78453 574.686
-5.6387 588.074
-5.7485 603.036
-5.40146 619.159
-5.41726 635.616
-5.35625 651.719
-5.27241 667.52
-4.94184 682.529
-5.11452 696.571
-4.89287 709.172
-4.88193 720.543
-4.73095 730.557
-4.79743 739.457
-4.65716 746.612
-4.80987 752.815
-4.59348 757.864
-4.7619 762.162
-4.71406 765.179
-4.85502 767.875
-4.80147 769.796
-4.97042 771.78
-4.89119 772.826
-5.07333 774.201
-4.94855 775.102
-5.17722 776.525
-5.20282 777.312
-5.35329 778.921
-5.17518 780.033
-5.38601 781.961
-5.31042 783.193
-5.48555 785.38
-5.34307 786.938
-5.54274 789.472
-5.41403 791.117
-5.61708 793.798
-5.42718 795.601
-5.61185 798.403
-5.47923 800.086
-5.64515 802.886
-5.45672 804.434
-5.64661 807.166
-5.48333 808.521
-5.66614 811.212
-5.47931 812.425
-5.67278 815.073
-5.50231 816.128
-5.61674 818.899
-5.57225 819.834
-5.57869 822.396
-5.56325 823.507
-5.5783 825.878
-5.40057 823.999
-5.54345 825.398
-5.27384 821.374
-5.34217 818.587
-4.92767 809.37
-5.03568 801.833
-4.93074 795.704
-4.82337 786.465
-4.57512 777.147
-4.61757 766.066
-4.32514 753.978
-4.36171 741.628
-3.94967 727.211
-4.07886 713.705
-4.11816 707.902
-4.21436 706.404
-4.11655 703.223
-4.22365 702.769
-3.9761 696.942
-4.14346 695.943
-3.9365 686.359
-4.55679 684.674
-4.62528 680.83
-4.63688 677.164
-4.41419 670.256
-4.45422 666.215
-4.08053 656.571
-4.23612 652.976
-3.85169 642.894
-4.03764 639.478
-3.73073 630.58
-3.87709 627.134
-3.38351 615.35
-3.64116 612.347
-3.43848 604.973
-3.40346 599.229
-3.25334 592.036
-3.08761 584.012
-3.29162 581.525
-2.98983 573.094
-2.77663 564.049
-3.06496 562.454
-2.70558 553.206
-2.46237 543.284
-2.68646 540.145
-2.4898 532.679
-2.25386 523.426
-2.01871 512.977
-2.07304 506.548
-1.88935 497.489
-1.65738 486.777
-1.98964 484.973
-1.78244 477.523
-1.52012 467.766
-1.26202 456.594
-1.13424 446.553
-0.987252 436.142
-1.43147 436.299
-1.21787 429.253
-0.951451 419.654
-0.631989 407.766
-0.486375 395.643
-0.63228 388.84
-0.578585 386.689
-0.884849 388.532
-0.805164 386.429
-0.64043 383.137
-0.48342 379.47
-0.694957 380.469
-0.574936 377.926
-0.394456 374.494
-0.233206 370.831
-0.411119 371.762
-0.296554 369.217
-0.130926 365.837
0.00950916 362.293
-0.148134 363.099
-0.0498598 360.487
0.108281 356.296
0.213929 352.655
0.0708201 353.089
0.151677 350.27
0.265635 346.824
0.165341 346.876
0.268875 343.356
0.366616 339.87
0.268494 339.867
0.353113 336.334
0.300498 335.992
0.424236 331.506
0.379387 330.76
0.450192 327.037
0.406377 326.615
0.52077 321.787
0.487183 320.942
0.527491 317.615
0.505446 316.647
0.609891 311.58
0.585907 310.786
0.584608 308.637
0.579318 307.309
0.655239 302.699
0.651274 301.562
0.663805 298.744
0.663931 297.46
0.727577 292.437
0.73263 291.455
0.7128 289.657
0.717674 288.116
0.753852 284.063
0.771326 282.597
0.787003 278.344
0.808749 277.447
0.795764 275.186
0.804554 273.46
0.803044 270.46
0.826073 268.955
0.83078 264.196
0.871794 263.057
0.838998 261.476
0.847648 259.884
0.844094 256.29
0.878322 254.637
0.842218 250.852
0.896374 249.864
0.875187 247.583
0.891698 245.917
0.856085 243.258
0.895381 241.898
0.851326 237.658
0.92601 236.596
0.884862 235.239
0.901761 233.921
0.86656 230.755
0.919441 229.358
0.839745 226.237
0.925493 225.48
0.893606 223.456
1.00359 215.072
1.11206 199.612
1.37029 183.97
1.45051 167.019
1.66144 156.858
1.66189 149.239
1.67911 146.225
1.55152 145.512
1.5227 148.645
1.34516 151.145
1.32834 157.622
1.12891 161.636
1.14303 169.633
0.97989 174.293
0.999068 180.919
0.849853 184.316
0.910003 189.857
0.778292 191.355
0.871985 195.739
0.763964 196.563
0.848569 199.493
0.741781 198.937
0.840201 201.102
0.726058 199.768
0.843871 200.058
0.75673 198.15
0.852553 198
0.751138 195.816
0.847748 195.745
0.732019 193.582
0.830242 193.741
0.721459 192.038
0.799206 192.282
0.682735 190.453
0.769506 190.753
0.65073 188.875
0.745485 189.228
0.639848 187.611
0.72255 187.921
0.613137 186.142
0.706255 186.466
0.597669 184.665
0.695502 185.025
0.594663 183.38
0.685591 183.733
0.580179 181.962
0.679266 182.354
0.583447 180.804
0.671221 181.184
0.570242 179.506
0.665139 179.919
0.5658 178.3
0.658829 178.751
0.559078 177.157
0.651803 177.65
0.553877 176.137
0.643393 176.665
0.543297 175.143
0.634277 175.727
0.538397 174.353
0.625104 174.971
0.523742 173.535
0.611215 174.222
0.520773 172.983
0.599106 173.709
0.500522 172.401
0.584911 173.199
0.49488 172.041
0.572934 172.897
0.476325 171.719
0.557966 172.649
0.470191 171.621
0.545818 172.605
0.451687 171.556
0.530366 172.61
0.441231 171.693
0.515878 172.804
0.429418 171.885
0.504301 173.065
0.415631 172.258
0.487027 173.498
0.398784 172.711
0.461652 174.886
0.361678 174.809
0.422943 176.544
0.334295 176.074
0.4022 177.579
0.32182 176.997
0.389435 178.449
0.308008 177.853
0.374603 179.343
0.29405 178.81
0.358449 180.37
0.277486 179.902
0.337076 181.538
0.257179 181.146
0.314556 182.855
0.235635 182.526
0.290876 184.304
0.212671 184.038
0.26622 185.878
0.189364 185.669
0.241351 187.569
0.165913 187.414
0.216461 189.369
0.142499 189.261
0.191753 191.268
0.11931 191.207
0.167183 193.264
0.0961466 193.249
0.1426 195.357
0.0728794 195.388
0.117791 197.547
0.0492487 197.623
0.0925427 199.832
0.0250639 199.955
0.0666432 202.214
9.47123e-05 202.383
0.0399207 204.692
-0.0257925 204.907
0.0122223 207.266
-0.0527528 207.525
-0.0165373 209.934
-0.0807846 210.239
-0.046329 212.697
-0.109842 213.046
-0.0770282 215.552
-0.139756 215.946
-0.108481 218.501
-0.170359 218.939
-0.140476 221.54
-0.201449 222.022
-0.172837 224.67
-0.232864 225.194
-0.20541 227.888
-0.264478 228.455
-0.238139 231.197
-0.296392 231.813
-0.271246 234.613
-0.328788 235.283
-0.30477 238.14
-0.361608 238.864
-0.33863 241.776
-0.394774 242.552
-0.372762 245.517
-0.428284 246.342
-0.407221 249.357
-0.462203 250.228
-0.442091 253.29
-0.496654 254.204
-0.477488 257.311
-0.531738 258.267
-0.513515 261.416
-0.567563 262.41
-0.550255 265.599
-0.604143 266.629
-0.587688 269.854
-0.641466 270.918
-0.625744 274.178
-0.679363 275.273
-0.664238 278.565
-0.717713 279.692
-0.703056 283.017
-0.756349 284.177
-0.741979 287.534
-0.795 288.722
-0.780692 292.107
-0.833344 293.322
-0.818903 296.731
-0.871088 297.966
-0.856316 301.397
-0.908031 302.652
-0.892914 306.099
-0.944286 307.366
-0.928743 310.827
-0.979826 312.109
-0.963964 315.579
-1.01496 316.865
-0.998697 320.343
-1.04965 321.637
-1.03315 325.117
-1.0843 326.407
-1.06738 329.887
-1.11865 331.182
-1.10152 334.657
-1.15322 335.937
-1.1355 339.404
-1.18727 340.688
-1.16927 344.143
-1.22158 345.396
-1.20263 348.838
-1.25478 350.097
-1.23545 353.518
-1.28826 354.726
-1.26745 358.127
-1.31963 359.351
-1.29843 362.723
-1.35145 363.866
-1.32802 367.208
-1.37966 368.383
-1.356 371.681
-1.4091 372.73
-1.38244 375.992
-1.43322 377.111
-1.40716 380.321
-1.4607 381.252
-1.43056 384.42
-1.48035 385.475
-1.45196 388.572
-1.60617 389.22
-1.58608 392.264
-1.48185 393.281
-1.51 396.266
-1.43423 396.884
-1.48751 399.79
-1.45291 400.67
-1.53987 403.496
-1.46116 403.953
-1.52935 406.719
-1.44285 407.03
-1.33667 407.091
-1.22592 407.041
-1.10096 406.924
-0.961937 406.806
-0.809756 406.748
-0.649142 406.795
-0.48432 406.992
-0.321172 407.372
-1.56662 406.745
-1.42798 407.141
-0.584349 408.426
-0.00123115 410.134
0.397624 412.022
0.67147 413.943
0.856573 415.743
0.988808 417.224
1.06105 418.249
1.09388 418.537
1.13664 418.146
1.20265 416.818
1.24136 415.812
1.55251 408.141
1.62881 404.46
1.60473 403.76
1.51142 405.035
1.77466 399.422
1.74938 397.698
1.72422 397.3
1.91164 392.245
1.93739 389.549
1.79894 389.715
1.99915 384.306
1.93058 382.061
1.87514 380.73
1.9708 375.661
1.98366 371.856
1.8436 370.235
2.04354 363.581
1.95009 359.763
1.98748 355.246
2.1518 347.728
2.16703 342.011
2.02596 338.377
2.26082 330.174
2.24393 324.007
2.45012 314.949
2.33069 308.856
2.376 302.535
2.57276 293.214
2.61992 285.175
2.69714 275.742
2.7737 267.097
2.93332 256.706
2.96695 247.735
2.89894 239.312
2.99033 230.449
3.18742 219.859
3.2526 209.411
3.30261 198.002
3.40526 187.064
3.56007 175.624
3.595 164.609
3.60057 152.998
3.69167 141.848
3.82195 130.499
3.8552 119.328
3.78955 108.251
3.88299 98.2654
4.09353 85.6871
4.0317 74.8694
4.06639 65.4452
4.04266 54.54
4.16108 43.8468
4.19512 34.986
4.22531 30.9202
4.31542 29.6888
4.23788 28.9511
4.46673 28.6292
4.22487 26.4848
4.36088 17.5479
4.6151 7.74963
1.32107 1.05323
9.73875e-09 1.32751e-06
5.31832e-10 7.91289e-07
-1.31967e-09 1.31846e-07
-2.49378e-09 -2.5735e-07
-5.85955e-10 -6.83211e-07
-1.24789e-09 -9.47041e-07
-9.765e-10 -1.25839e-06
-1.06026e-09 -1.30007e-06
-4.21216e-10 -1.32287e-06
-7.78125e-10 -1.28192e-06
1.00175e-10 -1.41913e-06
-1.1306e-09 -1.33396e-06
3.27839e-11 -1.48399e-06
1.45547e-10 -1.43308e-06
-1.34445e-10 -1.55781e-06
-1.02497e-09 -1.42697e-06
7.89628e-10 -1.6271e-06
-3.19947e-10 -1.51376e-06
-7.81382e-11 -1.65971e-06
-5.05003e-10 -1.48308e-06
4.57784e-10 -1.70709e-06
-2.26121e-10 -1.78019e-06
3.01035e-10 -1.60339e-06
-8.97406e-10 -1.68362e-06
5.68998e-09 -2.32104e-05
1.94251e-10 -2.19963e-05
-7.5232e-09 -2.1521e-06
-3.0282e-09 -1.83748e-06
9.66714e-10 -1.72616e-06
7.60949e-10 -1.61046e-06
1.17075e-09 -1.56555e-06
4.85182e-10 -1.39727e-06
8.66982e-10 -9.93701e-07
1.93456e-10 -2.68922e-07
7.55172e-10 6.47157e-07
-5.62305e-10 1.78777e-06
4.7539e-10 2.58774e-06
2.99345e-10 3.35359e-06
2.96088e-10 3.89776e-06
-5.52762e-10 4.26711e-06
6.76854e-10 4.20183e-06
-1.78188e-10 3.85002e-06
1.92969e-10 3.1335e-06
-5.17933e-10 2.27979e-06
2.30804e-10 1.23115e-06
-3.02002e-10 2.48848e-07
-6.84412e-11 -3.7438e-07
-9.0646e-10 -8.62026e-07
-2.60786e-11 -1.36454e-06
-4.06093e-10 -1.73955e-06
-6.20243e-11 -2.04452e-06
-9.38909e-10 -2.19105e-06
4.22427e-10 -2.38925e-06
-7.02655e-11 -2.49045e-06
2.20379e-10 -2.56719e-06
-6.48808e-10 -2.5189e-06
6.16732e-10 -2.55407e-06
-4.08966e-11 -2.47663e-06
6.41862e-11 -2.36623e-06
4.48116e-10 -2.25723e-06
-2.60047e-10 -1.99546e-06
4.2549e-10 -1.76948e-06
7.64192e-12 -1.60641e-06
1.63128e-10 -1.48263e-06
1.92704e-10 -1.2574e-06
-4.00085e-10 -1.01844e-06
9.53819e-10 -8.0393e-07
-7.54908e-10 -4.85295e-07
9.56428e-10 -2.26923e-07
-9.83342e-10 1.13637e-07
1.11114e-09 3.66647e-07
-1.14735e-09 6.70853e-07
7.75636e-10 9.18645e-07
-4.4782e-10 1.01933e-06
7.3712e-10 1.18219e-06
-1.77248e-10 1.21735e-06
5.97942e-10 1.10775e-06
-7.22686e-10 1.0105e-06
-4.41268e-11 8.38719e-07
-3.67924e-11 5.2533e-07
2.06478e-11 3.03676e-07
-8.98638e-10 2.60337e-08
7.72203e-10 -2.59996e-07
-1.01577e-09 -2.7098e-07
7.35938e-10 -2.52613e-07
1.26093e-10 -3.40169e-07
1.75334e-10 -3.25938e-07
-9.85977e-10 -3.61264e-07
6.15422e-10 -3.54601e-07
-4.0093e-10 -4.76882e-07
7.75501e-10 -4.17913e-07
-9.61624e-11 -4.87672e-07
-8.34317e-11 -4.1128e-07
-7.77819e-11 -4.44306e-07
1.05712e-10 -4.07862e-07
-5.3682e-10 -4.57457e-07
7.92672e-10 -3.96825e-07
-7.45181e-10 -5.28036e-07
5.53027e-10 -3.76009e-07
-1.02192e-09 -2.60728e-07
1.17953e-09 -3.82956e-07
3.29686e-11 -2.21164e-07
9.77557e-11 -3.27202e-07
-3.10585e-10 -1.71744e-07
2.17904e-10 -2.67537e-07
-4.59165e-10 -1.13612e-07
4.38335e-10 -2.00042e-07
-6.9111e-10 -5.06247e-08
7.48773e-10 -1.36029e-07
-2.81559e-10 2.27631e-08
3.63857e-10 -1.72528e-08
-6.74039e-10 1.23154e-07
6.524e-10 8.0519e-09
-7.52012e-10 1.3638e-07
8.00133e-10 6.09773e-09
-7.34846e-11 1.30866e-07
1.03137e-10 2.36729e-07
-4.56524e-10 5.88198e-08
3.39377e-10 1.67127e-07
-7.2933e-10 2.36609e-07
7.14351e-10 4.69684e-08
-2.61174e-10 1.19024e-07
3.03257e-10 1.93585e-07
-6.70267e-10 2.2627e-07
6.21123e-10 1.9362e-07
-4.53313e-10 2.08261e-07
4.97643e-10 2.01817e-07
-8.55553e-10 1.77715e-07
8.25016e-10 1.73562e-07
6.54449e-11 1.54724e-07
4.56675e-11 1.34858e-07
-3.76154e-10 1.06616e-07
2.2445e-10 8.56774e-08
-6.12807e-10 4.9464e-08
5.61518e-10 3.10728e-08
-3.09151e-10 -2.54128e-09
3.51135e-10 -2.39564e-08
-7.12298e-10 -6.27659e-08
6.66549e-10 -7.61827e-08
7.98324e-12 -9.96286e-08
6.27621e-11 -1.17777e-07
-3.90103e-10 -1.40859e-07
2.69552e-10 -1.48336e-07
-6.57914e-10 -1.70571e-07
6.04063e-10 -1.64615e-07
1.58744e-12 -1.67654e-07
6.9158e-11 -1.64314e-07
-3.81763e-10 -1.67568e-07
2.78876e-10 -1.54795e-07
-6.58099e-10 -1.61952e-07
5.9527e-10 -1.40101e-07
4.61697e-12 -1.32398e-07
8.80135e-11 -1.21425e-07
-4.03803e-10 -1.23544e-07
2.99893e-10 -1.09868e-07
-6.39392e-10 -1.2408e-07
5.53578e-10 -1.08949e-07
-3.99114e-11 -1.14406e-07
1.38355e-10 -1.16362e-07
-4.64324e-10 -1.3981e-07
3.5291e-10 -1.41357e-07
-2.61846e-10 -1.67483e-07
3.02324e-10 -1.76373e-07
-4.22745e-10 -2.14977e-07
4.50087e-10 -2.22607e-07
-3.75803e-11 -2.53483e-07
2.31141e-10 -2.69513e-07
-3.97385e-10 -3.16015e-07
4.35235e-10 -3.23405e-07
-1.39531e-10 -3.54e-07
-7.27972e-11 -3.79721e-07
1.83114e-10 -3.88506e-07
-3.86042e-10 -4.28516e-07
2.52642e-10 -4.28863e-07
-1.88352e-10 -4.54521e-07
-6.71645e-11 -4.73345e-07
1.87141e-10 -4.67393e-07
-2.00776e-10 -4.91206e-07
1.12791e-10 -4.81983e-07
-1.70081e-10 -5.03318e-07
1.03613e-10 -4.88501e-07
-1.25718e-10 -5.04927e-07
6.32809e-11 -5.09452e-07
8.63525e-11 -4.86369e-07
-7.64106e-11 -4.98785e-07
4.66442e-11 -5.0547e-07
8.97431e-12 -4.80009e-07
-4.14897e-12 -4.90853e-07
8.30411e-11 -5.01131e-07
-9.6507e-11 -4.76424e-07
-8.45502e-12 -4.92905e-07
1.14776e-10 -5.02493e-07
-1.70698e-10 -4.70284e-07
3.2035e-11 -5.03837e-07
2.06806e-10 -4.90235e-07
-2.84616e-10 -4.96219e-07
8.12638e-11 -4.99444e-07
1.94352e-10 -5.49203e-07
-3.43965e-10 -5.11392e-07
1.16791e-10 -5.68048e-07
2.73899e-10 -5.70753e-07
-5.07306e-10 -5.76045e-07
2.14203e-10 -5.81223e-07
3.12821e-10 -6.40858e-07
-5.74947e-10 -5.9689e-07
1.93891e-10 -6.03046e-07
4.20275e-10 -6.68121e-07
-7.01107e-10 -6.15259e-07
2.88416e-10 -6.79538e-07
4.04055e-10 -6.65085e-07
-7.49647e-10 -6.05432e-07
3.06236e-10 -6.69811e-07
6.39841e-10 -6.54831e-07
3.66631e-10 -7.17154e-07
1.59913e-09 -7.40031e-07
2.93363e-09 -7.50623e-07
4.92866e-10 -7.79078e-07
3.63486e-10 -7.43573e-07
-8.89743e-10 -7.82644e-07
-1.71868e-09 -7.19172e-07
-3.27251e-09 -6.14007e-07
-8.09274e-10 -6.78471e-07
-4.96045e-10 -6.32335e-07
-3.63167e-10 -5.9464e-07
-2.54443e-10 -6.57584e-07
-2.48814e-10 -6.09259e-07
-1.04213e-10 -5.64081e-07
2.3322e-10 -6.34947e-07
-3.56082e-10 -5.83061e-07
3.53502e-10 -5.3956e-07
6.67901e-10 -6.1521e-07
1.04241e-09 -5.69963e-07
-1.36526e-10 -5.14733e-07
-4.94572e-10 -5.86578e-07
-4.71804e-10 -5.32179e-07
-4.13656e-10 -4.75083e-07
-3.09168e-10 -5.52223e-07
-1.04821e-10 -5.00422e-07
-4.71412e-11 -4.44085e-07
1.98375e-11 -5.26595e-07
5.655e-11 -4.72859e-07
1.08805e-10 -4.14e-07
1.79909e-10 -4.16162e-07
2.22183e-10 -3.6572e-07
2.83583e-10 -4.59881e-07
2.74817e-10 -4.09063e-07
2.58821e-10 -3.54837e-07
2.48271e-10 -3.40032e-07
2.31649e-10 -3.52806e-07
1.87172e-10 -3.09752e-07
1.83965e-10 -4.1999e-07
1.18048e-10 -3.77163e-07
6.59731e-11 -3.29503e-07
3.05293e-11 -2.87546e-07
4.55847e-11 -4.02946e-07
-7.38711e-12 -3.60021e-07
-4.26409e-11 -3.11552e-07
-5.95549e-11 -2.64992e-07
-4.68112e-11 -2.89673e-07
-6.33111e-11 -2.46254e-07
-5.35246e-11 -2.5811e-07
-6.16391e-11 -2.22821e-07
-1.72085e-11 -3.34977e-07
-4.63907e-11 -2.94566e-07
-5.76478e-11 -2.4949e-07
-5.34965e-11 -2.05738e-07
-3.74196e-11 -1.83192e-07
-1.05738e-11 -2.06343e-07
-1.66062e-11 -1.70371e-07
-5.81407e-12 -1.6471e-07
3.77502e-13 -1.53531e-07
9.11732e-12 -1.5454e-07
9.28938e-12 -1.41738e-07
1.71652e-11 -1.4847e-07
1.38748e-11 -1.35405e-07
1.96097e-11 -1.4182e-07
1.61686e-11 -1.32392e-07
1.90301e-11 -1.36017e-07
1.63679e-11 -1.30582e-07
1.68186e-11 -1.31448e-07
1.47428e-11 -1.28234e-07
1.37428e-11 -1.26923e-07
1.19109e-11 -1.24022e-07
1.03203e-11 -1.21091e-07
8.63576e-12 -1.17341e-07
7.11682e-12 -1.13026e-07
5.75812e-12 -1.08051e-07
4.61232e-12 -1.02475e-07
3.68566e-12 -9.63483e-08
3.02112e-12 -8.97515e-08
2.75443e-12 -8.27854e-08
2.83222e-12 -7.55676e-08
3.0788e-12 -6.82256e-08
-1.1948e-10 -5.92443e-08
6.69267e-12 -5.20712e-08
3.4731e-11 -4.54088e-08
2.61946e-11 -3.90998e-08
1.26758e-11 -3.32311e-08
3.01913e-12 -2.79128e-08
-1.7578e-12 -2.32397e-08
-2.78442e-12 -1.92831e-08
-1.51189e-12 -1.60875e-08
8.28993e-13 -1.36694e-08
3.34041e-12 -1.20176e-08
5.44124e-12 -1.10949e-08
6.81808e-12 -1.08397e-08
7.36399e-12 -1.11696e-08
7.1385e-12 -1.19847e-08
6.32231e-12 -1.31731e-08
5.20086e-12 -1.46149e-08
4.11803e-12 -1.61886e-08
3.40866e-12 -1.77762e-08
3.37644e-12 -1.92684e-08
4.2139e-12 -2.05692e-08
5.76758e-12 -2.1598e-08
9.09848e-12 -2.2316e-08
1.28951e-11 -2.26853e-08
1.61437e-11 -2.26785e-08
1.8404e-11 -2.22859e-08
1.95893e-11 -2.15176e-08
1.97903e-11 -2.04033e-08
1.91776e-11 -1.89911e-08
1.79483e-11 -1.73451e-08
1.63033e-11 -1.55427e-08
1.44228e-11 -1.36707e-08
1.24599e-11 -1.18223e-08
1.05345e-11 -1.00928e-08
8.73414e-12 -8.57541e-09
7.11544e-12 -7.35817e-09
5.70851e-12 -6.51983e-09
4.52403e-12 -6.12697e-09
3.55667e-12 -6.23135e-09
2.79435e-12 -6.86795e-09
2.22027e-12 -8.0536e-09
1.54486e-12 -9.78183e-09
4.66715e-13 -1.20228e-08
-4.98495e-13 -1.47376e-08
-1.11493e-12 -1.78737e-08
-1.36607e-12 -2.13655e-08
-1.30927e-12 -2.51359e-08
-1.01276e-12 -2.91003e-08
-5.36807e-13 -3.31696e-08
6.66923e-14 -3.72543e-08
7.5337e-13 -4.12681e-08
1.48442e-12 -4.51314e-08
2.22501e-12 -4.87743e-08
2.94527e-12 -5.21397e-08
3.61877e-12 -5.51852e-08
4.22382e-12 -5.78845e-08
4.74244e-12 -6.02285e-08
5.1626e-12 -6.22254e-08
5.47636e-12 -6.38999e-08
5.68066e-12 -6.52919e-08
5.77543e-12 -6.64549e-08
5.76464e-12 -6.74531e-08
5.65563e-12 -6.83589e-08
5.45444e-12 -6.9246e-08
5.16777e-12 -7.01818e-08
4.82738e-12 -7.12424e-08
4.4564e-12 -7.24975e-08
4.0664e-12 -7.40064e-08
3.66132e-12 -7.58164e-08
3.24859e-12 -7.796e-08
2.8312e-12 -8.04544e-08
2.4172e-12 -8.33003e-08
2.01092e-12 -8.64827e-08
1.62037e-12 -8.99712e-08
1.24918e-12 -9.37218e-08
9.02911e-13 -9.76788e-08
5.85082e-13 -1.01778e-07
3.00674e-13 -1.05947e-07
4.96542e-14 -1.10114e-07
-1.63729e-13 -1.14205e-07
-3.4094e-13 -1.18151e-07
-4.7929e-13 -1.21887e-07
-5.82355e-13 -1.25361e-07
-6.50578e-13 -1.28529e-07
-7.01168e-13 -1.31363e-07
-8.81351e-13 -1.33845e-07
-1.14643e-12 -1.35972e-07
-1.40815e-12 -1.37759e-07
-1.59508e-12 -1.39235e-07
-1.67908e-12 -1.40442e-07
-1.65502e-12 -1.41433e-07
-1.54391e-12 -1.42269e-07
-1.37285e-12 -1.43019e-07
-1.17281e-12 -1.43752e-07
-9.71551e-13 -1.44537e-07
-7.96239e-13 -1.4544e-07
-6.57572e-13 -1.4652e-07
-5.72777e-13 -1.47828e-07
-5.42901e-13 -1.49402e-07
-5.74772e-13 -1.5127e-07
-6.62188e-13 -1.53441e-07
-8.01074e-13 -1.55914e-07
-9.8457e-13 -1.58672e-07
-1.20666e-12 -1.61683e-07
-1.4528e-12 -1.64906e-07
-1.71885e-12 -1.68287e-07
-1.99277e-12 -1.71765e-07
-2.26336e-12 -1.75276e-07
-2.52523e-12 -1.78752e-07
-2.76777e-12 -1.82127e-07
-2.98603e-12 -1.85338e-07
-3.17201e-12 -1.8833e-07
-3.32247e-12 -1.91056e-07
-3.43651e-12 -1.93481e-07
-3.50817e-12 -1.95582e-07
-3.54091e-12 -1.97351e-07
-3.53211e-12 -1.98792e-07
-3.48835e-12 -1.99924e-07
-3.41122e-12 -2.00777e-07
-3.30423e-12 -2.01395e-07
-3.20083e-12 -2.01829e-07
-3.13909e-12 -2.02138e-07
-3.12005e-12 -2.02385e-07
-3.13139e-12 -2.02634e-07
-3.1456e-12 -2.02948e-07
-3.13464e-12 -2.03385e-07
-3.0736e-12 -2.03998e-07
-2.96505e-12 -2.04829e-07
-2.80596e-12 -2.05911e-07
-2.60808e-12 -2.07261e-07
-2.38654e-12 -2.08886e-07
-2.16554e-12 -2.10776e-07
-1.95816e-12 -2.12911e-07
-1.77742e-12 -2.15256e-07
-1.63908e-12 -2.17766e-07
-1.54921e-12 -2.20389e-07
-1.50284e-12 -2.23063e-07
-1.50964e-12 -2.25727e-07
-1.55526e-12 -2.28315e-07
-1.63706e-12 -2.30767e-07
-1.74284e-12 -2.33025e-07
-1.86193e-12 -2.35041e-07
-1.98484e-12 -2.36775e-07
-2.09516e-12 -2.38199e-07
-1.94978e-12 -2.39301e-07
-1.60895e-12 -2.40078e-07
-1.24939e-12 -2.40545e-07
-9.36875e-13 -2.40725e-07
-6.89399e-13 -2.40654e-07
-5.00077e-13 -2.4038e-07
-3.51269e-13 -2.39956e-07
-2.28328e-13 -2.39443e-07
-1.18857e-13 -2.38905e-07
-1.12183e-14 -2.38406e-07
9.75027e-14 -2.38006e-07
2.14637e-13 -2.37762e-07
3.30572e-13 -2.37722e-07
4.49894e-13 -2.37924e-07
5.7015e-13 -2.38394e-07
5.62846e-13 -2.39142e-07
4.70186e-13 -2.40168e-07
3.89619e-13 -2.41458e-07
3.58958e-13 -2.42985e-07
3.78466e-13 -2.44711e-07
4.45675e-13 -2.46589e-07
5.40057e-13 -2.48562e-07
6.48071e-13 -2.50571e-07
7.6556e-13 -2.52553e-07
8.83592e-13 -2.54444e-07
1.32473e-12 -2.56188e-07
1.98224e-12 -2.57734e-07
2.63048e-12 -2.59038e-07
3.133e-12 -2.60067e-07
3.44838e-12 -2.608e-07
3.58959e-12 -2.61228e-07
3.59807e-12 -2.61355e-07
3.55278e-12 -2.61198e-07
3.50152e-12 -2.60784e-07
3.47038e-12 -2.60156e-07
3.49239e-12 -2.59365e-07
3.59698e-12 -2.58474e-07
3.77227e-12 -2.57547e-07
4.00953e-12 -2.56654e-07
4.29006e-12 -2.55862e-07
4.59735e-12 -2.55235e-07
4.90819e-12 -2.5483e-07
5.16917e-12 -2.54694e-07
5.34464e-12 -2.54832e-07
5.41447e-12 -2.55198e-07
5.41727e-12 -2.55799e-07
5.38102e-12 -2.56636e-07
5.31951e-12 -2.57698e-07
5.2394e-12 -2.58961e-07
5.14542e-12 -2.60396e-07
5.03751e-12 -2.61964e-07
4.91746e-12 -2.6362e-07
4.78724e-12 -2.65315e-07
4.64873e-12 -2.67e-07
4.50369e-12 -2.68624e-07
4.3548e-12 -2.7014e-07
4.20253e-12 -2.71505e-07
4.04599e-12 -2.72683e-07
3.89195e-12 -2.73648e-07
3.73149e-12 -2.74378e-07
3.57421e-12 -2.74867e-07
3.41342e-12 -2.75115e-07
3.2513e-12 -2.75134e-07
3.08324e-12 -2.74941e-07
2.8917e-12 -2.74518e-07
2.68885e-12 -2.73898e-07
2.48264e-12 -2.73125e-07
2.27183e-12 -2.7225e-07
2.05769e-12 -2.71327e-07
1.83769e-12 -2.70415e-07
1.60247e-12 -2.69571e-07
1.35388e-12 -2.68848e-07
4.93924e-13 -2.68348e-07
-1.6747e-12 -2.68104e-07
-3.76973e-12 -2.68142e-07
-5.47529e-12 -2.68472e-07
-6.83333e-12 -2.69094e-07
-7.92986e-12 -2.69989e-07
-8.82301e-12 -2.71126e-07
-9.5355e-12 -2.72465e-07
-1.00752e-11 -2.73953e-07
-1.04398e-11 -2.7553e-07
-1.12942e-11 -2.77126e-07
-1.21949e-11 -2.78671e-07
-1.27437e-11 -2.80105e-07
-1.29694e-11 -2.81369e-07
-1.28751e-11 -2.82412e-07
-1.25219e-11 -2.83192e-07
-1.19509e-11 -2.83679e-07
-1.12058e-11 -2.83854e-07
-1.03231e-11 -2.83711e-07
-9.33723e-12 -2.83261e-07
-8.2809e-12 -2.82524e-07
-7.18313e-12 -2.81535e-07
-6.06932e-12 -2.8034e-07
-4.96125e-12 -2.7899e-07
-3.88095e-12 -2.77548e-07
-2.84334e-12 -2.76076e-07
-1.86268e-12 -2.74639e-07
-9.50682e-13 -2.73299e-07
-1.12307e-13 -2.72115e-07
6.46067e-13 -2.71135e-07
1.32192e-12 -2.70402e-07
1.91559e-12 -2.69943e-07
2.42979e-12 -2.69775e-07
2.86719e-12 -2.69902e-07
-6.77201 553.376
-7.83458 490.441
-6.65148 456.627
-5.72669 471.674
-4.87108 477.683
-3.99446 475.333
-3.10771 465.215
-2.23721 447.998
-1.40566 424.437
-0.63025 395.366
0.0772883 361.686
0.70988 324.325
1.26251 284.253
1.73415 242.455
2.12007 199.924
2.42819 157.619
2.66717 116.437
2.87758 77.1196
3.05684 41.9286
5.39558 11.5924
6.61827e-09 -1.48224e-06
-1.05708e-09 -1.4431e-06
-2.11693e-09 -1.38514e-06
-1.10726e-09 -1.31123e-06
-1.43368e-09 -1.21119e-06
-1.07417e-09 -1.09339e-06
-7.69947e-10 -9.56213e-07
-1.09882e-10 -8.05253e-07
-1.66242e-10 -6.32415e-07
1.96848e-10 -4.48452e-07
3.24102e-10 -2.50255e-07
3.39353e-10 -4.80327e-08
-7.66197e-10 1.70027e-07
4.55723e-10 3.60538e-07
2.40861e-10 5.39753e-07
2.8045e-10 6.85622e-07
-9.4805e-10 8.10177e-07
3.90975e-10 8.66098e-07
3.12276e-10 8.75047e-07
-5.86441e-11 8.3282e-07
-8.34358e-10 7.5083e-07
1.18965e-10 6.1106e-07
-6.52904e-10 4.51599e-07
3.00363e-10 2.52855e-07
-2.87007e-10 5.50109e-08
1.82238e-10 -1.46626e-07
-8.23566e-10 -3.20059e-07
-8.62252e-11 -4.80799e-07
-7.27649e-10 -5.96123e-07
2.84677e-10 -6.90713e-07
-2.29388e-10 -7.36682e-07
2.43816e-10 -7.54509e-07
-4.79882 161.184
-3.22137 120.75
-3.10564 127.786
-2.81009 142.2
-11.8479 819.521
-11.1546 586.586
-9.74252 577.764
-7.98686 545.707
-7.06484 529.829
-6.0529 522.901
-5.75803 522.556
-5.38635 524.275
-5.58896 527.577
-5.09862 527.38
-5.01854 523.645
-5.15816 516.999
-5.74537 505.761
-6.10431 492.175
-5.99926 475.723
-6.18662 458.339
-6.02433 439.073
-5.9807 419.618
-5.87616 399.741
-6.15329 382.13
-5.94527 364.913
-5.94446 349.094
-5.9614 335.376
-6.24619 325.892
-6.1628 318.295
-6.0547 313.234
-6.44631 313.491
-6.44138 316.104
-6.5527 322.048
-6.91408 332.747
-6.96387 345.584
-7.10708 361.393
-7.21309 379.597
-7.61823 401.272
-7.62475 423.799
-7.78018 447.944
-7.8163 472.221
-8.08269 497.078
-7.98696 519.533
-8.04992 540.321
-7.92765 558.705
-8.07911 576.501
-7.99418 591.133
-7.98617 603.746
-7.87871 613.653
-8.0597 622.387
-7.85313 627.595
-7.81993 630.749
-7.79837 631.323
-7.90598 631.156
-7.68539 627.853
-7.69751 622.883
-7.62072 616.304
-7.69441 609.793
-7.62566 601.386
-7.53432 592.282
-7.42089 582.262
-7.58414 573.284
-7.4347 563.184
-7.31413 553.015
-7.24347 542.355
-7.28026 533.292
-7.1077 523.626
-7.07122 514.501
-6.98999 506.058
-6.93602 498.566
-6.85958 490.729
-6.81303 484.45
-6.63761 478.163
-6.69167 473.379
-6.52576 468.641
-6.49008 465.356
-6.42735 462.087
-6.40436 460.416
-6.30942 458.757
-6.31107 458.407
-6.29287 458.975
-6.2016 459.287
-6.22273 461.019
-6.24801 463.497
-6.1647 465.627
-6.16365 468.83
-6.19824 472.917
-6.16764 476.443
-6.15335 480.969
-6.17071 486.158
-6.15676 490.771
-6.19505 496.285
-6.18965 502.353
-6.17522 507.695
-6.22668 513.911
-6.22753 520.555
-6.23658 526.452
-6.28914 533.134
-6.29904 540.195
-6.34956 547.25
-6.37001 554.535
-6.40501 560.93
-6.416 567.902
-6.47553 575.216
-6.49873 582.672
-6.54677 589.178
-6.55501 596.199
-6.57911 603.449
-6.63085 610.861
-6.64317 617.229
-6.69174 624.15
-6.70427 631.235
-6.71593 638.381
-6.74572 644.114
-6.59421 644.676
-6.57633 647.039
-6.42389 643.301
-6.42204 643.417
-6.18814 635.769
-6.2607 633.614
-5.99572 622.04
-6.04353 617.954
-5.97022 610.366
-5.9444 604.261
-5.81772 593.561
-5.7925 586.233
-5.56747 572.97
-5.56214 565.162
-5.34345 549.735
-5.36983 542.07
-5.19472 529.387
-5.19931 521.762
-4.96844 507.263
-5.01224 500.263
-4.78286 486.068
-4.81295 479.864
-4.67474 469.113
-4.6807 463.618
-4.47075 451.451
-4.50719 447.106
-4.34109 437.048
-4.37698 433.771
-4.14776 422.096
-4.21399 419.882
-4.19234 416.681
-4.18268 414.877
-4.08209 410.378
-4.07325 409.13
-3.92801 403.173
-3.94768 402.776
-3.75665 394.79
-3.81262 395.142
-3.77386 393.296
-3.77934 393.551
-3.66587 389.378
-3.67999 389.743
-3.51442 382.942
-3.55706 383.658
-3.45185 378.997
-3.48307 379.722
-3.30766 371.783
-3.35616 372.459
-3.29784 369.452
-3.31375 369.911
-3.17931 363.665
-3.20386 364.084
-3.04822 356.107
-3.08375 356.507
-3.00334 351.876
-3.02263 352.24
-2.87434 344.062
-2.89965 344.278
-2.81711 339.144
-2.83261 339.451
-2.68932 330.746
-2.7071 330.858
-2.63775 326.027
-2.64721 326.319
-2.52088 317.869
-2.5279 317.985
-2.45773 312.753
-2.46108 313.117
-2.36903 304.342
-2.38692 304.252
-2.35972 298.897
-2.36863 298.889
-2.78086 289.716
-3.04853 289.124
-2.88249 285.962
-2.91806 286.1
-2.87798 285.538
-2.16548 285.225
-2.18694 285.023
-2.18257 285.128
-2.18779 284.699
-2.10706 287.396
-2.18016 285.036
-2.05695 287.256
-2.09478 285.91
-1.98192 287.807
-2.05855 284.867
-1.91409 286.76
-1.95853 285.34
-1.92755 284.541
-1.92217 283.553
-1.80053 285.905
-1.90982 283.554
-1.76308 285.52
-1.84102 283.877
-1.70888 285.575
-1.83501 282.741
-1.67332 284.402
-1.7609 282.709
-1.6563 283.594
-1.69811 282.606
-1.72239 281.141
-1.65523 281.309
-1.68146 280.513
-1.70888 279.296
-1.54785 281.244
-1.71797 278.787
-1.52836 280.4
-1.6464 278.656
-1.47647 280.03
-1.66092 277.168
-1.44856 278.508
-1.56636 276.763
-1.38809 277.99
-1.59566 275.03
-1.36683 276.282
-1.48762 274.643
-1.39138 274.666
-1.42462 273.702
-1.46045 272.333
-1.25287 273.713
-1.49325 270.988
-1.2409 272.216
-1.37451 270.692
-1.1745 271.723
-1.45237 261.146
-1.14949 250.442
-1.24565 235.689
-1.09703 223.921
-1.19138 213.053
-1.31842 205.04
-1.40626 201.09
-1.5779 199.886
-1.51018 203.551
-1.94058 204.651
-1.7788 211.701
-2.0728 215.804
-1.88859 223.797
-2.19533 227.51
-1.88333 235.851
-2.04881 239.925
-1.72749 247.138
-1.92094 249.473
-1.51966 255.99
-1.63509 257.922
-1.26407 263.114
-1.4402 263.496
-1.04449 268.099
-1.18957 268.252
-0.852155 271.922
-1.07607 271.003
-0.734845 274.454
-0.940866 273.674
-0.662918 276.554
-0.945991 275.037
-0.65799 278.009
-0.908274 276.921
-0.677518 279.493
-1.00108 277.78
-0.739841 280.634
-1.00247 279.573
-0.7937 282.042
-1.12742 280.329
-0.868355 283.2
-1.1227 282.256
-0.913745 284.73
-1.23607 283.12
-0.967585 286.035
-1.20997 285.168
-0.985753 287.729
-1.2962 286.221
-1.01098 289.247
-1.22927 288.573
-1.00176 291.132
-1.29228 289.767
-1.0046 292.778
-1.23788 291.992
-0.985046 294.795
-1.29033 293.455
-0.981325 296.749
-1.153 296.548
-0.947046 298.974
-1.20172 297.92
-0.93906 300.733
-1.24584 299.488
-0.940011 302.942
-1.11167 302.942
-0.911814 305.429
-1.16502 304.537
-0.917225 307.429
-1.23845 306.281
-0.928615 309.869
-1.10113 309.997
-0.910971 312.596
-1.1741 311.811
-0.921809 314.799
-1.24687 313.739
-0.93842 317.457
-1.12115 317.636
-0.918624 320.348
-1.19086 319.604
-0.930078 322.746
-1.27068 321.772
-0.95537 325.593
-1.14341 325.781
-0.930605 328.594
-1.20931 327.848
-0.944336 331.128
-1.27822 330.219
-0.954071 334.075
-1.15986 334.14
-0.924866 337.136
-1.23109 336.313
-0.933771 339.818
-1.23589 339.162
-0.932861 342.834
-1.22211 342.314
-0.926414 345.862
-1.24903 345.09
-0.93112 348.815
-1.20384 348.379
-0.920706 351.728
-1.26944 350.69
-0.933463 354.503
-1.17311 354.254
-0.913316 357.312
-1.25627 356.186
-0.927496 359.827
-1.20251 359.28
-0.91398 362.556
-1.27031 361.393
-0.926462 365.158
-1.18159 364.72
-0.904733 367.798
-1.26436 366.501
-0.917574 370.171
-1.18429 369.573
-0.895052 372.667
-1.25966 371.293
-0.905833 374.939
-1.17473 374.257
-0.881079 377.282
-1.24906 375.806
-0.890995 379.373
-1.16807 378.546
-0.866025 381.527
-1.23655 379.952
-0.87441 383.432
-1.15984 382.45
-0.849483 385.374
-1.22165 383.694
-0.855943 387.068
-1.15069 385.914
-0.831179 388.78
-1.20373 387.001
-0.834988 390.264
-1.14 388.94
-0.810793 391.761
-1.18257 389.897
-0.811183 393.047
-1.12667 391.549
-0.78681 394.325
-1.15624 392.377
-0.781925 395.4
-1.10766 393.717
-0.757021 396.434
-1.12391 394.391
-0.747164 397.272
-1.08314 395.398
-0.722617 398.043
-1.0878 395.897
-0.708897 398.635
-1.05457 396.575
-0.685409 399.141
-1.0503 396.886
-0.669011 399.486
-1.02326 397.254
-0.646671 399.731
-1.01272 397.359
-0.687384 399.541
-0.838133 398.431
-0.904963 398.048
-0.943977 398.24
-0.96837 398.815
-0.971061 399.667
-0.954857 400.614
-0.938758 401.415
-0.919763 402.043
-0.899344 402.487
-0.877362 402.764
-0.854615 402.894
-0.83171 402.896
-0.809246 402.791
-0.787667 402.594
-0.767276 402.32
-0.748252 401.98
-0.730607 401.582
-0.714308 401.135
-0.699269 400.641
-0.685332 400.107
-0.672339 399.533
-0.660073 398.922
-0.648354 398.275
-0.636968 397.592
-0.62576 396.874
-0.61455 396.12
-0.603208 395.332
-0.591605 394.508
-0.579647 393.65
-0.567275 392.756
-0.554414 391.828
-0.541051 390.865
-0.527156 389.867
-0.512745 388.835
-0.497805 387.77
-0.482365 386.672
-0.466469 385.541
-0.450122 384.378
-0.433384 383.185
-0.41628 381.961
-0.398867 380.707
-0.381173 379.424
-0.363248 378.114
-0.345121 376.777
-0.326842 375.413
-0.308433 374.024
-0.289944 372.611
-0.2714 371.175
-0.252832 369.716
-0.234273 368.235
-0.215731 366.734
-0.197253 365.213
-0.178843 363.673
-0.160522 362.115
-0.142311 360.54
-0.124217 358.949
-0.10626 357.342
-0.0884399 355.721
-0.0707658 354.087
-0.0532404 352.439
-0.0358605 350.779
-0.0186277 349.108
-0.00153762 347.427
0.0154146 345.736
0.03224 344.036
0.0489355 342.328
0.065519 340.612
0.0819956 338.89
0.0983754 337.162
0.11466 335.428
0.130863 333.69
0.146978 331.948
0.163024 330.203
0.178984 328.455
0.194868 326.706
0.210661 324.955
0.226365 323.204
0.242029 321.453
0.25767 319.702
0.273238 317.952
0.287693 316.163
0.302112 314.346
0.316626 312.514
0.331107 310.674
0.345384 308.834
0.359347 306.998
0.372937 305.169
0.386121 303.349
0.398953 301.539
0.411526 299.74
0.423858 297.952
0.435953 296.175
0.447813 294.41
0.459448 292.658
0.470856 290.917
0.48206 289.19
0.49306 287.475
0.503861 285.773
0.514485 284.085
0.524934 282.411
0.53522 280.752
0.545358 279.107
0.555355 277.477
0.565235 275.864
0.575014 274.266
0.584703 272.684
0.594297 271.119
0.603789 269.571
0.613183 268.04
0.622462 266.526
0.63162 265.031
0.640645 263.553
0.649538 262.093
0.658278 260.652
0.666863 259.229
0.675274 257.825
0.683491 256.441
0.691502 255.075
0.699294 253.729
0.706849 252.403
0.714154 251.096
0.721206 249.809
0.728 248.543
0.734541 247.297
0.740844 246.071
0.74692 244.866
0.752781 243.682
0.758444 242.518
0.763928 241.376
0.769243 240.255
0.774405 239.155
0.779418 238.077
0.784304 237.02
0.789048 235.985
0.793674 234.971
0.798165 233.98
0.802516 233.01
0.806726 232.062
0.810776 231.136
0.814661 230.233
0.818359 229.351
0.821863 228.491
0.825159 227.654
0.828235 226.839
0.831073 226.046
0.833673 225.275
0.83602 224.527
0.838124 223.8
0.839976 223.096
0.841587 222.414
0.842962 221.753
0.84412 221.115
0.845065 220.499
0.845828 219.905
0.846415 219.332
0.846854 218.781
0.847159 218.252
0.847345 217.744
0.847439 217.257
0.84745 216.792
4.06106 215.02
6.76605 212.109
6.18634 209.672
5.43507 207.466
4.84091 205.219
4.26736 202.892
3.69191 200.524
3.12753 198.17
8.89657 192.924
6.03769 189.01
3.91475 186.177
2.55763 183.323
1.76771 180.908
0.896848 175.07
0.658167 171.147
0.632593 168.762
0.705166 167.165
0.40356 162.988
0.527824 160.282
0.834384 159.203
1.08099 158.088
0.945374 154.895
1.15083 152.335
1.54068 150.964
2.04595 146.8
2.29332 144.68
2.86501 142.843
3.5447 139.283
3.98448 136.052
4.25821 133.749
3.90074 129.046
3.99982 126.19
4.06788 123.516
4.18901 119.502
4.12524 115.944
4.0398 110.965
3.77585 107.777
3.66115 103.381
3.42855 99.9543
3.31353 95.8706
3.0968 92.3576
2.98471 87.1299
2.84697 83.2465
2.79827 78.235
2.69421 74.1987
2.69545 69.5052
2.61125 65.2107
2.61434 59.3172
2.57257 54.7986
2.61824 49.2599
5.0557 43.4191
5.29086 37.0783
4.91331 31.4314
4.77355 24.4716
4.63528 18.9866
4.56518 12.7665
4.3984 7.50458
4.28448 7.30303
4.08689 9.48914
3.9707 13.7999
3.7791 13.6098
3.66895 7.30393
1.50302e-09 1.21197e-07
-7.95449e-12 7.97005e-08
-5.25876e-11 1.33651e-07
5.56633e-09 3.64119e-07
1.22163e-09 1.49687e-08
-5.26617e-10 -3.79066e-07
-1.03843e-09 -6.06831e-07
-7.4412e-10 -1.02401e-06
-7.31195e-10 -1.01616e-06
-3.31403e-10 -1.365e-06
-4.31595e-10 -1.64973e-06
-4.47562e-10 -1.43696e-06
-2.37756e-10 -1.66452e-06
-3.00891e-11 -1.8088e-06
-4.10189e-10 -1.52892e-06
-2.24313e-10 -1.60563e-06
-1.04568e-10 -1.71587e-06
1.49907e-11 -1.75266e-06
-2.77627e-10 -1.73354e-06
-2.69327e-10 -1.65182e-06
-1.6589e-10 -1.63079e-06
-5.08491e-11 -1.56707e-06
-3.0688e-10 -1.5117e-06
-3.00396e-10 -1.39944e-06
-1.51998e-10 -1.34856e-06
-4.26254e-11 -1.25393e-06
-2.84015e-10 -1.16832e-06
-4.47782e-10 -1.02167e-06
-4.71254e-11 -9.454e-07
1.03427e-10 -8.31607e-07
-1.42991e-10 -7.3412e-07
-3.64176e-10 -5.82279e-07
4.19488e-11 -5.16085e-07
1.58494e-10 -4.23876e-07
-7.41003e-11 -3.63221e-07
-4.63534e-10 -2.58998e-07
5.12139e-10 -2.71395e-07
-1.16274e-10 -2.5541e-07
-1.55215e-11 -2.83143e-07
-3.19257e-11 -2.80649e-07
2.08409e-10 -3.79548e-07
-1.10639e-10 -4.44916e-07
3.81475e-10 -5.53762e-07
-4.24333e-10 -5.94671e-07
1.14179e-10 -7.2026e-07
1.49211e-10 -7.96484e-07
1.14886e-11 -8.94627e-07
-5.04276e-10 -9.03994e-07
5.6222e-10 -1.01247e-06
-1.36468e-10 -1.0399e-06
7.50945e-11 -1.09016e-06
-1.38021e-10 -1.04494e-06
2.6292e-10 -1.08567e-06
-1.68051e-10 -1.03815e-06
2.34314e-10 -9.98777e-07
-1.38956e-10 -9.28244e-07
1.88164e-10 -9.1342e-07
2.05184e-11 -1.03579e-06
1.49825e-10 -9.67394e-07
-3.64212e-10 -8.0562e-07
4.60994e-10 -9.56892e-07
-3.99091e-10 -7.58106e-07
1.82524e-10 -8.73985e-07
-1.10029e-10 -6.60387e-07
1.46806e-10 -7.52941e-07
-3.9906e-10 -5.10292e-07
4.38921e-10 -6.02081e-07
-3.8281e-10 -4.20994e-07
-7.04813e-11 -4.49553e-07
1.83844e-10 -3.41851e-07
-2.8142e-11 -3.67438e-07
1.62322e-10 -2.56053e-07
6.33909e-11 -2.68355e-07
-3.58111e-10 -2.9219e-07
3.60392e-10 -1.45772e-07
-3.56578e-10 -1.65324e-07
1.23441e-10 -2.02574e-07
-8.67885e-11 -8.24144e-08
1.44564e-10 -1.05625e-07
-5.80187e-10 -1.73996e-07
8.51892e-10 -5.30898e-08
-8.6654e-10 -1.10264e-07
6.40623e-10 5.79454e-08
-2.53156e-10 -8.71439e-08
5.37492e-10 4.85365e-08
-8.11731e-10 -7.01088e-08
9.48467e-10 3.9856e-08
-8.7084e-11 -8.21401e-08
9.25815e-11 4.87309e-08
-3.5554e-11 -1.67245e-07
4.97615e-11 -1.11326e-08
-6.81729e-10 -1.57697e-07
4.66809e-10 -2.95428e-08
-4.48673e-10 -4.4676e-08
6.11944e-10 -1.54076e-07
-1.06264e-10 -4.13632e-08
3.22371e-11 1.35215e-08
-1.45179e-10 -1.9056e-07
1.66541e-10 -7.72062e-08
-6.06384e-10 5.36084e-09
5.46086e-10 -1.62932e-07
-7.59952e-10 -7.89322e-08
9.03276e-10 -1.11566e-08
4.67197e-12 -1.77238e-07
1.35533e-11 -7.02138e-08
-3.48356e-10 8.19891e-09
2.66237e-10 -1.62654e-07
-5.12038e-10 -8.21561e-08
4.72556e-10 2.3828e-08
-4.81388e-10 -1.79344e-07
5.66521e-10 -6.09046e-08
-1.3105e-10 3.10924e-08
1.85384e-10 -2.21891e-08
-4.49477e-10 5.50723e-08
4.27025e-10 -1.22536e-07
-6.95801e-10 -4.46414e-08
6.70177e-10 5.98054e-08
-6.89763e-12 9.94064e-08
1.44792e-10 -9.23659e-08
-3.61888e-10 -1.13288e-08
2.63163e-10 7.88111e-08
-5.90677e-10 1.25891e-07
5.96879e-10 -5.7776e-08
-2.52004e-10 1.42856e-08
3.22903e-10 9.68883e-08
-5.28627e-10 1.41413e-07
6.61861e-10 1.34629e-07
-1.78313e-10 1.59945e-07
3.6968e-10 1.47453e-07
-4.54622e-10 1.4983e-07
6.13573e-10 1.56185e-07
-2.69256e-10 1.48652e-07
2.78983e-10 1.5263e-07
-6.43754e-10 1.28668e-07
5.00542e-10 1.36314e-07
-3.14303e-10 1.19198e-07
-1.26766e-10 1.05469e-07
3.45288e-10 1.06797e-07
-5.3559e-10 7.8805e-08
3.90648e-10 8.05719e-08
-3.77853e-10 5.64835e-08
-4.78491e-11 4.10789e-08
3.64529e-10 4.23848e-08
-4.27365e-10 1.55697e-08
3.46063e-10 1.85058e-08
-3.54165e-10 -4.31952e-09
8.45761e-12 -1.54106e-08
3.79265e-10 -6.68628e-09
-3.19963e-10 -2.4796e-08
6.71813e-12 -3.15917e-08
3.71158e-10 -1.60429e-08
-2.72115e-10 -2.69499e-08
-1.48157e-11 -2.95786e-08
3.28012e-10 -8.99783e-09
-2.50141e-10 -1.57184e-08
-8.09389e-12 -1.50437e-08
2.77226e-10 8.59299e-09
-2.32581e-10 4.11569e-09
5.50725e-12 6.43897e-09
2.28791e-10 3.11787e-08
-2.11219e-10 2.68807e-08
1.97424e-11 2.85994e-08
1.78383e-10 5.20872e-08
-1.88669e-10 4.57271e-08
3.63291e-11 4.49046e-08
1.28444e-10 6.54433e-08
-1.64118e-10 5.56646e-08
5.37132e-11 5.12854e-08
7.83096e-11 6.81914e-08
-1.38272e-10 5.4719e-08
7.14718e-11 4.69617e-08
2.75333e-11 6.07905e-08
-1.11449e-10 4.44727e-08
9.00367e-11 3.44235e-08
-2.21143e-11 4.64392e-08
-8.22372e-11 2.87033e-08
1.09762e-10 1.79538e-08
-7.11923e-11 2.98305e-08
-5.17162e-11 1.23566e-08
1.29543e-10 2.56296e-09
-1.20501e-10 1.58668e-08
-2.04435e-11 5.02594e-11
1.48974e-10 -7.57421e-09
-1.7038e-10 8.15051e-09
1.13518e-11 -5.30293e-09
1.67988e-10 -1.0332e-08
-2.20932e-10 7.97171e-09
4.36182e-11 -3.28139e-09
1.86777e-10 -6.17104e-09
-2.72186e-10 1.40262e-08
7.62442e-11 4.01374e-09
2.04505e-10 1.28088e-09
-3.15068e-10 1.38499e-08
2.03347e-10 -4.89261e-09
4.02398e-10 -1.42347e-08
-1.12307e-10 6.40167e-10
4.79255e-10 -1.56203e-08
5.96435e-10 -2.20958e-08
-8.54707e-11 -5.71314e-09
4.75879e-10 -2.27238e-08
4.06655e-10 -2.90997e-08
-9.4064e-11 -2.56413e-08
-8.64069e-11 -3.25416e-08
-1.13206e-10 -4.03313e-08
-2.51831e-10 -4.71042e-08
-4.21963e-10 -5.22461e-08
-4.39231e-10 -5.98164e-08
-4.92044e-10 -6.60059e-08
-4.6748e-10 -7.3139e-08
-4.55979e-10 -7.89986e-08
-4.01746e-10 -8.44702e-08
-3.47686e-10 -8.86263e-08
-2.76007e-10 -9.17886e-08
-2.03901e-10 -9.36627e-08
-1.2916e-10 -9.4367e-08
-5.84111e-11 -9.39044e-08
6.70377e-12 -9.24074e-08
6.36822e-11 -9.0034e-08
1.1167e-10 -8.70032e-08
1.49942e-10 -8.35643e-08
1.85018e-10 -8.02169e-08
2.03669e-10 -7.69763e-08
2.11555e-10 -7.3983e-08
2.14135e-10 -7.18092e-08
2.10669e-10 -7.08032e-08
2.00647e-10 -7.12369e-08
1.84636e-10 -7.33486e-08
1.63804e-10 -7.73321e-08
1.39564e-10 -8.33261e-08
1.1336e-10 -9.14053e-08
8.5056e-11 -1.01322e-07
5.75284e-11 -1.13002e-07
3.2444e-11 -1.26349e-07
1.04888e-11 -1.41192e-07
-8.05346e-12 -1.57296e-07
-2.31359e-11 -1.74226e-07
-3.48171e-11 -1.91496e-07
-4.32087e-11 -2.0874e-07
-4.85356e-11 -2.256e-07
-5.11076e-11 -2.41735e-07
-5.12957e-11 -2.56835e-07
-4.95279e-11 -2.70628e-07
-4.62749e-11 -2.82884e-07
-4.19813e-11 -2.93422e-07
-3.70015e-11 -3.02117e-07
-3.16361e-11 -3.08898e-07
-2.61415e-11 -3.13755e-07
-2.07281e-11 -3.16734e-07
-1.55606e-11 -3.17939e-07
-1.07636e-11 -3.17528e-07
-6.42518e-12 -3.15707e-07
-2.60129e-12 -3.12724e-07
6.78619e-13 -3.08862e-07
3.40476e-12 -3.0443e-07
5.58549e-12 -2.99755e-07
7.24183e-12 -2.95165e-07
8.40445e-12 -2.90986e-07
9.11082e-12 -2.87525e-07
9.40299e-12 -2.85058e-07
9.32631e-12 -2.83826e-07
8.92651e-12 -2.84016e-07
8.25085e-12 -2.85763e-07
7.34412e-12 -2.89138e-07
6.25154e-12 -2.94147e-07
5.01642e-12 -3.00734e-07
3.67956e-12 -3.08777e-07
2.28157e-12 -3.18101e-07
8.2796e-13 -3.26528e-07
-8.18795e-13 -3.30636e-07
-2.30262e-12 -3.51157e-07
-3.86239e-12 -3.24331e-07
-6.10609e-12 -3.63559e-07
-5.49621e-12 -3.56939e-07
-6.10527e-12 -3.92835e-07
-6.1828e-12 -3.80745e-07
-8.51558e-12 -3.74361e-07
-7.78003e-12 -4.1627e-07
-6.96595e-12 -4.04673e-07
-8.76891e-12 -3.95344e-07
-7.09285e-12 -4.36747e-07
-6.36978e-12 -4.20037e-07
-8.30153e-12 -4.03135e-07
-5.74069e-12 -4.43796e-07
-5.1511e-12 -4.21556e-07
-7.19368e-12 -3.98698e-07
-3.62584e-12 -4.38962e-07
-3.38095e-12 -4.11829e-07
-5.71708e-12 -3.83897e-07
-1.12048e-12 -4.25381e-07
-1.43022e-12 -3.95086e-07
-4.23458e-12 -3.64041e-07
1.40297e-12 -4.08914e-07
3.06249e-13 -3.77651e-07
-3.15544e-12 -3.45626e-07
-8.13857e-12 -3.95705e-07
2.05465e-13 -3.65381e-07
-1.00863e-12 -3.34121e-07
6.31237e-12 -3.90903e-07
2.02646e-12 -3.62519e-07
-3.75572e-12 -3.32782e-07
4.97311e-12 -3.95828e-07
5.45842e-13 -3.6901e-07
-5.0801e-12 -3.40348e-07
5.55236e-12 -4.08138e-07
1.18912e-13 -3.81356e-07
-6.19132e-12 -3.52282e-07
-6.05135e-12 -3.44513e-07
7.67311e-12 -4.1891e-07
-2.9346e-14 -3.91088e-07
-7.60229e-12 -3.60104e-07
-9.29149e-12 -3.38595e-07
8.25511e-12 -4.18447e-07
-3.43114e-13 -3.8783e-07
-8.34102e-12 -3.5328e-07
-8.3273e-12 -3.35317e-07
1.18752e-11 -4.17479e-07
1.18962e-12 -3.83131e-07
-7.67462e-12 -3.44656e-07
-9.68436e-12 -3.11255e-07
1.49997e-11 -3.96695e-07
3.0513e-12 -3.59133e-07
-6.67314e-12 -3.17631e-07
-8.75028e-12 -2.82254e-07
1.90735e-11 -3.71988e-07
4.73468e-12 -3.33436e-07
-6.28055e-12 -2.91429e-07
-9.34148e-12 -2.53121e-07
2.19273e-11 -3.4847e-07
5.50537e-12 -3.10846e-07
-6.54572e-12 -2.70269e-07
-1.03806e-11 -2.31325e-07
7.11186e-12 -2.64072e-07
-1.50421e-12 -2.28367e-07
-2.41015e-12 -2.10543e-07
3.19147e-11 -3.22393e-07
9.4837e-12 -2.92715e-07
-5.62129e-12 -2.60147e-07
-1.117e-11 -2.26781e-07
-9.95515e-12 -2.01489e-07
2.114e-11 -2.81945e-07
3.92276e-12 -2.52941e-07
-7.02301e-12 -2.22521e-07
-8.49353e-12 -1.98089e-07
4.77611e-12 -2.16256e-07
-2.56385e-13 -1.95767e-07
7.24636e-12 -2.10158e-07
2.1612e-12 -1.95106e-07
9.04299e-12 -2.11522e-07
3.102e-12 -1.97862e-07
7.5532e-12 -2.08511e-07
3.82614e-12 -1.99883e-07
7.40419e-12 -2.0863e-07
4.12345e-12 -2.01492e-07
6.5012e-12 -2.06712e-07
4.33396e-12 -2.01189e-07
5.73577e-12 -2.02837e-07
4.55785e-12 -1.98125e-07
5.26103e-12 -1.96638e-07
4.80512e-12 -1.91893e-07
5.14961e-12 -1.8803e-07
5.12042e-12 -1.82678e-07
5.36525e-12 -1.77258e-07
5.544e-12 -1.712e-07
5.80336e-12 -1.64943e-07
6.06277e-12 -1.58485e-07
6.33406e-12 -1.52016e-07
6.59411e-12 -1.45659e-07
6.90354e-12 -1.39553e-07
7.20216e-12 -1.33825e-07
7.44448e-12 -1.28586e-07
7.60629e-12 -1.23933e-07
7.67493e-12 -1.19943e-07
7.27498e-12 -1.16664e-07
6.7231e-12 -1.14124e-07
6.16825e-12 -1.12331e-07
5.63919e-12 -1.11266e-07
5.13115e-12 -1.10888e-07
4.63737e-12 -1.11134e-07
4.15042e-12 -1.11924e-07
3.67488e-12 -1.13161e-07
3.21059e-12 -1.1474e-07
2.7693e-12 -1.16547e-07
2.35429e-12 -1.18467e-07
1.97372e-12 -1.20388e-07
1.63919e-12 -1.22204e-07
1.35575e-12 -1.2382e-07
1.12445e-12 -1.25154e-07
9.51957e-13 -1.2614e-07
8.37179e-13 -1.26733e-07
7.79635e-13 -1.26903e-07
7.74009e-13 -1.26642e-07
8.14403e-13 -1.25962e-07
8.94129e-13 -1.24892e-07
1.00061e-12 -1.23476e-07
1.12863e-12 -1.21775e-07
1.26311e-12 -1.19859e-07
1.39416e-12 -1.17807e-07
1.50948e-12 -1.15703e-07
1.59922e-12 -1.13633e-07
1.65285e-12 -1.11681e-07
1.66217e-12 -1.09926e-07
1.61973e-12 -1.0844e-07
1.52118e-12 -1.07284e-07
1.34946e-12 -1.06506e-07
1.10379e-12 -1.06141e-07
7.94209e-13 -1.06208e-07
4.38967e-13 -1.06709e-07
4.64741e-14 -1.07633e-07
-3.73745e-13 -1.08951e-07
-8.18741e-13 -1.10622e-07
-1.28335e-12 -1.12591e-07
-1.75895e-12 -1.14797e-07
-2.23926e-12 -1.17167e-07
-2.72234e-12 -1.19627e-07
-3.19228e-12 -1.22101e-07
-3.64312e-12 -1.24515e-07
-4.06992e-12 -1.268e-07
-4.45974e-12 -1.28892e-07
-4.80805e-12 -1.30739e-07
-5.07671e-12 -1.32301e-07
-5.18014e-12 -1.33549e-07
-5.17987e-12 -1.34464e-07
-5.1189e-12 -1.35045e-07
-5.01667e-12 -1.35303e-07
-4.87898e-12 -1.35262e-07
-4.72066e-12 -1.34957e-07
-4.54702e-12 -1.34431e-07
-13.3688 888.854
-12.1946 726.841
-9.90055 713.648
-8.18192 720.466
-6.52887 708.618
-4.77967 681.429
-2.99846 637.658
-1.21772 581.159
0.474305 511.91
-21.1473 2277.58
-17.7938 1556.4
-12.3877 1435.19
-5.60837 1162.48
-0.158628 925.579
4.01288 727.944
6.19205 566.454
7.9243 421.932
8.23842 317.425
5.77037 213.338
3.02435 113.427
9.30543 14.8525
-7.03433e-10 1.57731e-07
3.59951 -0.0138331
2.1192 -0.0077145
1.14011 -0.00483224
0.667125 12.4825
-0.125652 28.0856
-0.871891 33.2694
-0.385875 33.2874
-0.752401 33.0946
-0.512135 32.4944
-0.174824 31.8848
0.526292 30.3883
0.586052 29.485
1.23633 28.7242
1.13478 28.3064
1.70036 27.9618
2.33924 27.6045
2.63285 27.8878
2.65939 28.7077
3.18888 29.8026
2.98085 31.5543
3.31002 33.6072
3.49414 36.0579
3.50533 38.9303
3.23553 42.2415
3.41175 45.7809
2.90584 49.8013
2.98167 53.99
2.91361 58.4407
2.72738 63.0946
2.3122 67.8882
2.34612 72.5311
1.77742 77.1683
1.81564 81.3956
1.7332 84.4571
1.578 88.1583
-9.25977 1183.35
-8.01014 853.099
-6.52395 700.836
-5.18898 644.685
-4.39682 611.151
-3.69309 585.381
-3.43424 568.237
-2.73467 552.226
-2.37052 534.088
-1.87755 515.576
-1.91827 496.706
-2.0526 475.716
-1.91115 453.991
-1.94965 432.823
-1.75425 412.275
-1.85837 394.458
-1.75319 378.379
-1.92792 365.951
-1.99081 356.506
-2.42247 351.475
-2.47327 349.066
-2.59818 349.898
-3.04182 354.485
-3.13736 361.483
-3.47409 371.548
-3.67774 383.355
-4.12291 398.281
-4.15632 413.868
-4.31729 430.243
-4.60003 448.147
-4.61365 466.002
-4.79503 484.141
-4.74513 501.746
-5.01989 520.139
-4.94975 536.947
-4.90538 552.905
-4.93969 568.507
-4.85162 582.44
-4.87771 595.765
-4.79795 607.895
-5.01583 619.889
-4.74319 629.846
-4.65202 638.858
-4.82698 647.703
-4.74049 655.369
-4.77544 662.745
-4.75772 669.134
-4.94869 676.172
-4.81597 682.023
-4.85902 687.412
-5.07891 693.484
-4.93805 698.614
-5.12175 703.975
-5.15431 709.301
-5.42084 715.744
-5.4882 721.635
-5.5156 727.729
-5.53113 733.707
-5.78986 739.983
-5.78896 745.1
-5.84088 750.072
-5.80687 753.866
-5.92745 758.297
-5.89115 761.75
-6.06898 765.176
-6.03375 767.929
-6.06521 770.801
-6.06895 772.709
-6.14257 774.864
-6.17196 776.913
-6.19811 778.254
-6.14263 779.674
-6.1039 780.472
-6.15226 781.725
-6.20124 782.923
-6.29547 784.269
-6.1275 784.576
-6.14582 785.456
-6.15388 786.665
-6.14369 787.301
-6.18812 788.496
-6.08193 789.55
-6.03689 790.082
-6.0699 791.238
-6.07854 792.757
-6.05668 793.723
-6.0536 795.072
-6.05328 796.763
-6.01942 797.831
-6.02892 799.459
-5.97698 801.258
-5.95518 802.571
-5.97024 804.475
-5.90774 806.433
-5.89202 807.905
-5.9133 810.013
-5.90072 812.427
-5.87058 814.293
-5.88536 816.554
-5.87387 819.123
-5.88242 821.074
-5.83706 823.43
-5.85361 826.058
-5.82243 828.652
-5.84324 830.62
-5.7773 832.587
-5.79454 835.212
-5.58782 833.855
-5.74087 836.004
-5.36993 830.714
-5.57731 832.423
-5.23133 825.567
-5.51505 825.7
-5.36026 822.126
-5.39585 820.95
-5.19143 814.303
-5.32477 812.442
-4.99937 802.627
-5.30551 800.039
-5.15428 794.006
-5.19248 790.837
-4.9766 782.052
-5.11801 779.015
-4.77758 767.079
-5.05966 764.373
-5.04358 759.831
-5.05259 755.971
-4.88391 748.846
-4.9528 745.033
-4.6863 735.312
-4.87218 732.157
-4.48585 719.297
-4.73517 716.647
-4.72935 712.62
-4.73431 709.088
-4.56263 702.196
-4.60169 698.646
-4.32084 688.686
-4.46286 685.799
-4.21501 676.259
-4.35742 673.51
-4.11184 663.992
-4.24741 661.179
-4.00745 651.724
-4.13113 648.764
-3.86112 638.389
-3.99889 635.357
-3.87137 628.605
-3.8951 624.784
-3.6002 613.631
-3.71961 610.045
-3.60174 603.167
-3.60875 598.839
-3.32793 587.496
-3.42738 583.393
-3.24212 574.082
-3.29396 569.615
-2.93235 554.871
-3.08262 550.242
-3.0014 542.873
-3.00053 537.7
-2.72122 524.996
-2.79491 519.729
-2.55235 507.289
-2.61965 501.848
-2.34832 488.076
-2.42392 482.287
-2.20683 469.78
-2.24824 463.65
-1.93652 447.547
-2.0085 440.782
-1.82599 428.335
-1.83874 421.369
-1.50154 402.978
-1.60159 394.276
-1.49799 379.511
-1.45864 368.957
-2.12569 366.96
-1.82753 360.19
-1.5031 357.575
-1.48336 351.084
-1.5009 348.113
-1.44085 340.535
-1.43486 337.421
-1.37923 330.468
-1.33881 323.915
-1.31294 321.231
-1.25596 314.033
-1.20096 308.418
-1.16268 301.244
-1.10539 298.921
-1.05736 292.115
-1.01142 284.044
-0.907764 280.874
-0.884896 274.788
-0.856956 266.658
-0.720448 263.311
-0.688671 255.965
-0.671634 247.426
-0.533156 244.608
-0.521976 237.564
-0.533312 228.657
-0.334753 224.803
-0.367228 218.004
-0.39974 209.348
-0.187742 205.149
-0.205045 197.527
-0.289829 189.282
-0.0432557 185.35
-0.0997445 177.597
-0.170554 168.641
0.0794613 165.082
0.0110712 157.813
-0.106383 148.796
0.203545 145.33
0.0989605 137.938
-0.0227213 129.176
0.290652 120.976
-0.0135424 53.5392
-1.19349 9.18743
-2.11225 8.58345
-3.46033 8.73482
-4.61984 8.91852
-4.38556 9.21643
-4.2449 9.67772
-3.86672 9.95257
-3.41334 10.2086
-2.73838 10.4477
-2.35875 10.6355
-2.04344 10.7931
-1.72524 10.9218
-4.70504e-10 -6.4617e-08
3.39329e-10 -2.69086e-07
-0.428987 11.6342
2.46324e-12 -7.15105e-08
2.12469e-10 -2.66245e-07
1.90211e-10 -2.72555e-07
1.50954e-10 -2.68684e-07
1.12966e-10 -2.64456e-07
7.45783e-11 -2.6059e-07
4.46619e-11 -2.57037e-07
2.08631e-11 -2.53787e-07
-3.5873e-12 -2.50624e-07
-1.99831e-11 -2.4764e-07
-7.47155e-11 -1.51021e-07
-1.67031e-10 2.87941e-08
-1.40202e-10 -6.05901e-09
-0.166561 49.9117
-0.164227 47.1173
-0.0646868 48.9961
0.0365711 52.8365
0.15178 55.3891
0.264624 55.9194
0.3876 55.0403
0.517834 53.2965
0.643449 51.0968
0.751263 48.7346
0.836864 46.4044
0.891488 44.2322
0.923762 42.2774
0.936048 40.5638
0.927225 39.0929
0.903453 37.8463
0.860784 36.8044
0.813629 35.9322
0.765408 35.1995
0.714836 34.5827
0.663266 34.0621
0.616477 33.6189
0.56586 33.2477
0.525697 32.9329
0.495853 32.667
0.4717 32.4494
0.444305 32.2867
0.428871 32.172
0.423828 32.1039
0.425163 32.0848
0.419125 32.1258
0.422816 32.2211
0.434213 32.3693
0.448284 32.5727
0.451158 32.8415
0.462049 33.168
0.478653 33.5496
0.496621 33.9867
0.499905 34.4896
0.510023 35.0499
0.524733 35.6641
0.540128 36.332
0.548431 37.0581
0.557882 37.8396
0.558966 38.681
0.563725 39.577
0.568775 40.5269
0.562599 41.537
0.561909 42.6007
0.563961 43.7159
0.563533 44.884
0.559587 46.1066
0.5559 47.3915
0.54718 48.7468
0.54153 50.1719
0.533281 51.6686
0.52559 53.2345
0.514031 54.8661
0.505672 56.5496
0.494582 58.2771
0.486517 60.0366
0.475655 61.819
0.46886 63.6093
0.459929 65.3942
0.455454 67.1544
0.446382 68.8708
0.447155 70.5195
0.434652 72.079
0.471413 73.5382
0.437649 74.8868
0.436269 76.1506
0.425513 77.3556
0.487896 78.5376
0.256782 79.6872
0.466729 80.8966
0.213295 82.0967
0.495751 83.5379
0.184883 84.9494
0.532913 86.4407
0.402797 87.9166
0.592668 89.4494
0.347024 90.975
0.580793 92.5836
0.227862 94.189
0.284492 95.942
-0.130082 97.7371
0.0744903 99.6356
-0.148357 101.522
0.372466 103.48
0.412581 105.407
0.92325 107.368
0.878832 109.288
1.35601 111.251
1.16652 113.171
1.55583 115.139
1.28145 117.072
1.51219 119.041
1.09648 120.978
1.27789 122.951
0.800012 124.899
0.958036 126.877
0.493977 128.847
0.585858 130.814
0.100753 132.762
0.24946 134.719
-0.16916 136.659
-0.0058392 138.622
-0.428536 140.571
-0.191586 142.577
-0.51637 144.582
-0.286101 146.652
-0.626107 148.722
-0.33061 150.877
-0.656761 153.03
-0.314238 155.277
-0.546324 157.527
-0.255234 159.859
-0.53661 162.192
-0.206146 164.616
-0.520568 167.034
-0.148769 169.549
-0.342566 172.067
-0.0855839 174.657
-0.360632 177.247
-0.082539 179.919
-0.405719 182.584
-0.0933798 185.335
-0.455395 188.07
-0.114711 190.893
-0.339514 193.708
-0.138464 196.582
-0.452773 199.447
-0.224315 202.382
-0.582597 205.303
-0.306166 208.304
-0.704595 211.285
-0.372045 214.355
-0.597536 217.418
-0.404509 220.541
-0.71185 223.656
-0.476039 226.843
-0.81824 230.015
-0.521527 233.27
-0.899304 236.505
-0.538409 239.832
-0.759837 243.15
-0.521448 246.536
-0.827533 249.907
-0.546116 253.358
-0.897452 256.788
-0.558607 260.309
-0.918592 263.803
-0.557788 267.393
-0.832175 270.962
-0.554604 274.609
-0.914275 278.227
-0.590834 281.936
-0.985044 285.606
-0.623563 289.375
-0.827512 293.121
-0.62695 296.931
-0.972744 300.708
-0.730298 304.562
-1.11917 308.374
-0.80186 312.274
-1.22857 316.117
-0.834445 320.061
-1.01125 323.976
-0.83538 327.937
-1.11413 331.853
-0.885712 335.829
-1.20161 339.748
-0.898479 343.741
-1.2559 347.661
-0.874922 351.669
-1.23853 355.593
-0.827276 359.609
-1.08152 363.551
-0.782062 367.552
-1.13361 371.458
-0.77583 375.442
-1.1842 379.31
-0.761212 383.271
-0.918286 387.159
-0.748243 391.064
-1.02732 394.873
-0.813148 398.717
-1.14385 402.448
-0.858305 406.24
-1.24261 409.901
-0.87657 413.641
-1.25456 417.234
-0.871466 420.898
-1.19447 424.412
-0.864566 427.97
-1.27624 431.344
-0.866219 434.784
-1.06769 438.08
-0.850175 441.368
-1.16007 444.481
-0.873286 447.613
-1.23649 450.547
-0.857929 453.528
-1.23956 456.295
-0.810615 459.122
-1.01364 461.777
-0.762312 464.421
-1.08119 466.859
-0.757451 469.318
-1.14371 471.543
-0.727161 473.824
-1.00013 475.897
-0.684132 477.982
-1.07071 479.82
-0.669549 481.709
-0.997277 483.363
-0.641137 485.047
-1.07161 486.46
-0.630683 487.94
-0.842836 489.217
-0.613804 490.469
-0.961667 491.475
-0.646386 492.5
-1.069 493.25
-0.641571 494.067
-0.924304 494.65
-0.605896 495.248
-1.01311 495.565
-0.588261 495.946
-0.904794 496.075
-0.537495 496.26
-0.963215 496.176
-0.500026 496.206
-0.75307 496.034
-0.441664 495.908
-0.839751 495.53
7.38193 493.403
12.4003 490.099
10.3722 487.866
7.29661 485.924
5.70025 484.066
3.53454 481.751
2.20655 479.299
0.163684 476.384
-0.874171 473.441
-2.51987 469.968
-3.17126 465.76
-4.2991 459.249
-4.38821 451.007
-4.91641 439.011
-4.68688 429.136
-4.24532 409.197
-3.93159 396.259
7.65483 385.627
5.25089 367.935
4.11746 356.747
3.87597 349.6
4.18247 335.374
4.23698 325.042
4.23705 318.862
4.46154 304.826
4.58074 294.658
4.66777 287.082
4.81709 273.882
5.01773 262.55
4.68622 254.85
3.41706 241.053
1.63669 230.783
0.523799 221.354
0.0173215 208.659
-0.792917 196.972
-1.00758 187.633
-0.782657 173.647
-0.985652 162.673
-0.625473 151.999
0.100295 139.041
0.249001 127.857
0.765851 117.296
2.23406 103.609
2.59346 93.7499
3.22117 83.2554
3.91385 70.5621
4.2437 60.4209
3.84939 51.5536
4.09031 40.2036
4.04698 30.1622
3.95119 22.7859
3.85893 21.5661
3.39527 21.1548
3.12457 19.6607
3.03565 20.1079
2.71651 17.8442
2.43842 11.0227
2.8384 2.24692
8.71964e-09 1.07551e-06
2.33579e-09 7.56683e-07
-2.60628e-09 3.04692e-07
-3.19813e-09 -1.86458e-07
-2.49754e-09 -5.13153e-07
-2.02352e-09 -7.31671e-07
-1.28586e-09 -1.07205e-06
-1.19105e-09 -1.16488e-06
-5.29259e-10 -1.2212e-06
-7.85251e-10 -1.31187e-06
-1.57512e-10 -1.29815e-06
6.85456e-11 -1.40902e-06
1.20931e-10 -1.38166e-06
2.87442e-11 -1.46421e-06
9.15954e-10 -1.40295e-06
4.6324e-10 -1.52487e-06
5.89488e-10 -1.42399e-06
6.33747e-10 -1.52798e-06
8.12703e-10 -1.67553e-06
4.84901e-10 -1.50859e-06
9.22604e-10 -1.63986e-06
2.10364e-10 -1.69827e-06
5.66946e-10 -1.5683e-06
5.6368e-10 -1.64746e-06
3.1796e-10 -1.753e-06
4.08573e-09 -1.47335e-05
-2.7737e-09 -3.1101e-06
-1.85362e-09 -3.0611e-06
-5.87179e-10 -3.05584e-06
-8.0369e-10 -1.3189e-06
5.39167e-12 -1.31037e-06
-7.09821e-11 -1.26189e-06
3.02768e-10 -1.26136e-06
-4.61999e-10 -1.18432e-06
7.51485e-11 -1.18195e-06
-2.82173e-11 -1.1073e-06
-2.72512e-10 -9.73341e-07
-6.35576e-10 -7.67117e-07
1.12047e-10 -5.68551e-07
-4.38459e-10 -3.04116e-07
-2.47119e-10 -3.41558e-08
-2.85197e-10 6.44573e-08
1.03013e-10 1.31082e-08
-2.1243e-10 3.13711e-08
-1.80095e-11 1.82025e-09
-1.5624e-10 1.54441e-08
1.03122e-10 -7.69144e-08
-2.08364e-10 3.632e-08
4.31514e-11 -5.17201e-08
-3.09458e-10 -7.84746e-08
3.36841e-10 -1.1928e-08
4.52586e-11 -1.06533e-07
3.58843e-10 -2.90763e-07
-2.98841e-10 -1.2591e-07
5.51796e-10 -3.10305e-07
4.84173e-12 -2.05678e-07
1.87313e-10 -3.55903e-07
5.79254e-11 -3.01158e-07
3.39546e-10 -4.7364e-07
-2.29883e-10 -3.42308e-07
3.9388e-10 -5.2206e-07
-1.08629e-10 -4.0636e-07
1.43639e-10 -5.6353e-07
2.38067e-10 -5.0942e-07
-2.2989e-10 -5.67434e-07
2.31529e-10 -5.08524e-07
-1.94456e-10 -5.60434e-07
6.74521e-11 -5.0407e-07
-7.62474e-11 -5.64045e-07
2.73448e-10 -5.97235e-07
-2.23659e-10 -6.17326e-07
-1.72026e-10 -4.33189e-07
3.66724e-10 -5.6766e-07
-2.54587e-10 -5.63281e-07
-2.0808e-10 -3.56004e-07
2.73636e-10 -4.31196e-07
-2.13443e-10 -4.12035e-07
-2.37875e-11 -4.51829e-07
2.09505e-10 -3.01605e-07
-2.70488e-10 -2.62119e-07
-1.38388e-10 -2.47583e-07
3.16805e-10 -3.15186e-07
-1.88336e-10 -2.90175e-07
-1.3549e-10 -5.43443e-08
3.32102e-10 -1.25162e-07
-1.67281e-10 -1.0834e-07
-9.14221e-11 -1.11024e-07
2.3888e-10 -1.24175e-07
-7.75535e-11 -1.32227e-07
-1.07719e-10 1.01995e-07
3.98324e-10 -1.52578e-08
-1.98076e-10 -2.06759e-08
-1.15601e-10 8.68966e-08
2.3985e-11 2.30158e-08
3.50947e-10 1.08803e-07
-1.62875e-10 6.24939e-08
-7.68579e-11 -1.41345e-08
-4.75629e-11 1.64642e-07
3.98549e-10 -1.14568e-08
-1.9654e-10 1.66235e-07
-1.01958e-10 6.17621e-08
-5.32095e-11 1.96305e-07
2.22781e-10 2.58321e-08
-5.9909e-11 1.57793e-07
1.34028e-11 1.74458e-08
-1.05593e-10 1.21408e-07
1.67444e-10 -3.31945e-08
6.27789e-11 1.18041e-08
6.22324e-11 1.27161e-07
-4.00793e-10 -4.5933e-08
2.34152e-10 6.79795e-08
-4.27261e-10 1.39929e-07
5.84883e-10 -6.18871e-08
-5.29157e-10 2.43197e-08
5.8739e-10 1.11298e-07
-6.13235e-10 3.93746e-08
7.49902e-10 1.14435e-07
-1.56324e-10 2.56722e-08
3.02316e-10 9.22872e-08
-4.76016e-10 9.83145e-08
4.06231e-10 7.82263e-08
-6.22257e-10 9.32543e-08
5.80814e-10 7.69984e-08
-6.17038e-10 8.29284e-08
6.20007e-10 8.14652e-08
-3.76082e-10 7.55747e-08
3.84078e-10 7.65091e-08
-6.40063e-10 6.13919e-08
5.50991e-10 6.59895e-08
-5.68243e-10 4.98344e-08
5.49794e-10 5.3505e-08
-6.12411e-10 3.55073e-08
5.88122e-10 3.92893e-08
-4.65399e-10 2.2703e-08
4.70286e-10 2.39953e-08
-7.27377e-10 2.38496e-09
6.58796e-10 6.96571e-09
-2.57711e-10 -7.65522e-09
3.26875e-10 -9.54415e-09
-5.88709e-10 -2.93816e-08
4.98297e-10 -2.73756e-08
-6.25771e-10 -4.91435e-08
6.07809e-10 -4.50229e-08
-3.9474e-10 -6.30525e-08
4.61034e-10 -6.20139e-08
-6.74848e-10 -8.64278e-08
6.2041e-10 -8.24655e-08
-3.27721e-10 -1.01679e-07
4.13368e-10 -1.0273e-07
-6.64412e-10 -1.2891e-07
5.79737e-10 -1.25158e-07
-3.5808e-10 -1.45453e-07
4.21793e-10 -1.44723e-07
-6.41336e-10 -1.70423e-07
5.54349e-10 -1.64393e-07
-3.55368e-10 -1.83673e-07
-5.78624e-11 -1.92665e-07
-1.80239e-11 -2.01689e-07
2.49109e-10 -2.03619e-07
-6.16246e-11 -2.13957e-07
-1.0755e-10 -2.24049e-07
5.55979e-11 -2.2895e-07
-6.314e-11 -2.37639e-07
4.16256e-10 -2.31337e-07
-1.82256e-10 -2.4446e-07
-1.91473e-10 -2.55928e-07
-1.41625e-10 -2.67171e-07
4.25955e-10 -2.61096e-07
-1.8023e-10 -2.78746e-07
-1.78835e-10 -2.94711e-07
-1.27947e-10 -3.10567e-07
4.30213e-10 -3.07079e-07
-1.48615e-10 -3.29373e-07
-1.60888e-10 -3.49939e-07
-1.19515e-10 -3.69517e-07
4.00604e-10 -3.6721e-07
-1.20551e-10 -3.90509e-07
-1.44257e-10 -4.12093e-07
-1.19732e-10 -4.30418e-07
4.1537e-10 -4.2477e-07
-1.8306e-10 -4.42129e-07
-1.01809e-10 -4.67976e-07
-2.0501e-10 -4.53949e-07
4.62042e-10 -4.67594e-07
-8.09034e-11 -4.58238e-07
-3.18546e-10 -4.62311e-07
2.35654e-10 -5.12309e-07
6.4668e-12 -4.62023e-07
3.488e-10 -5.47706e-07
-5.93314e-10 -5.04613e-07
5.75171e-10 -6.16932e-07
-4.56433e-10 -5.09361e-07
5.3067e-11 -5.42465e-07
-2.46589e-10 -5.50313e-07
4.86496e-10 -6.14268e-07
-2.31169e-10 -5.54642e-07
6.36293e-10 -6.63423e-07
-5.89134e-10 -6.095e-07
2.01409e-10 -6.19362e-07
-8.76989e-11 -6.07484e-07
4.20157e-10 -6.58779e-07
-3.13619e-10 -6.60163e-07
6.67786e-10 -7.44994e-07
-7.22879e-10 -6.65344e-07
-9.30837e-12 -6.65046e-07
-1.00024e-10 -7.09753e-07
4.97726e-10 -7.40664e-07
-5.23945e-10 -7.09752e-07
5.86604e-10 -7.85807e-07
-5.32804e-10 -7.6194e-07
7.27232e-11 -7.36438e-07
-4.06285e-10 -7.50965e-07
4.09502e-10 -7.65513e-07
-9.62206e-11 -7.99717e-07
6.88354e-10 -8.49091e-07
-9.73039e-10 -7.9553e-07
5.81174e-11 -7.67126e-07
9.99102e-11 -8.3519e-07
5.68828e-10 -8.37863e-07
-8.03063e-10 -8.2611e-07
6.35391e-10 -8.72878e-07
-3.15099e-10 -8.72323e-07
1.31862e-10 -8.16376e-07
-6.92918e-10 -8.48436e-07
4.5497e-10 -8.29573e-07
1.46172e-10 -8.87498e-07
6.99705e-10 -8.97934e-07
-1.20267e-09 -8.69265e-07
1.34826e-10 -8.12158e-07
2.86718e-10 -8.95578e-07
5.94503e-10 -8.64825e-07
-6.4206e-10 -8.88536e-07
5.03107e-10 -8.87447e-07
-1.24359e-10 -9.10128e-07
-5.39837e-11 -8.18226e-07
2.17668e-10 -9.11623e-07
1.50528e-10 -8.50387e-07
2.13473e-10 -9.22281e-07
-6.41444e-10 -8.42464e-07
4.46853e-10 -8.89273e-07
9.55578e-10 -8.03444e-07
9.85617e-10 -8.87663e-07
9.58681e-10 -8.15155e-07
2.97767e-11 -7.36349e-07
5.52175e-10 -8.82291e-07
-1.46519e-10 -7.30308e-07
-3.86767e-10 -6.73964e-07
-4.20993e-10 -7.66532e-07
-6.24714e-10 -6.81725e-07
-8.67063e-10 -6.37209e-07
-8.12889e-10 -7.70909e-07
-1.04847e-09 -6.58128e-07
-1.07822e-09 -6.69545e-07
-2.22345e-09 -7.49186e-07
-3.28751e-09 -5.61074e-07
-3.22002e-09 -3.226e-07
-2.06861e-09 -2.80486e-07
-6.90419e-10 -5.14046e-09
5.7341e-10 2.41975e-07
1.57807e-09 3.97397e-07
2.08861e-09 6.23747e-07
2.35565e-09 8.18527e-07
2.37312e-09 8.85402e-07
2.34216e-09 7.10535e-07
1.98158e-09 7.49399e-07
1.64439e-09 7.76076e-07
1.29745e-09 7.45586e-07
9.96617e-10 6.96307e-07
6.93376e-10 5.97163e-07
4.38229e-10 4.85259e-07
1.90736e-10 3.36296e-07
-9.46252e-12 1.85076e-07
-1.96671e-10 1.4938e-08
-3.41042e-10 -1.39267e-07
-4.68127e-10 -2.92805e-07
-5.54508e-10 -4.19657e-07
-6.21509e-10 -5.34351e-07
-6.53358e-10 -6.1657e-07
-6.67314e-10 -6.812e-07
-6.53331e-10 -7.12798e-07
-6.25425e-10 -7.26246e-07
-5.77616e-10 -7.09631e-07
-5.21211e-10 -6.77325e-07
-4.52861e-10 -6.19412e-07
-4.91187e-10 -5.4694e-07
-2.75145e-10 -4.56027e-07
-2.18387e-10 -3.56967e-07
-1.85494e-10 -2.4222e-07
-1.40673e-10 -1.25058e-07
-7.93088e-11 -3.30441e-10
-1.17209e-11 1.17621e-07
5.60839e-11 2.34914e-07
1.03107e-10 3.25662e-07
1.34709e-10 4.18802e-07
1.71451e-10 4.6512e-07
2.10805e-10 5.01815e-07
2.35115e-10 4.85224e-07
2.50234e-10 4.60227e-07
2.48222e-10 3.87185e-07
2.38771e-10 3.13702e-07
2.17699e-10 1.99743e-07
1.9281e-10 9.50803e-08
1.58153e-10 -4.13086e-08
1.25605e-10 -1.5562e-07
8.60316e-11 -2.87897e-07
5.46671e-11 -3.83555e-07
2.07123e-11 -4.88535e-07
-8.91096e-12 -5.49029e-07
-3.10217e-11 -6.14748e-07
-4.88391e-11 -6.31684e-07
-5.63844e-11 -6.55688e-07
-6.62939e-11 -6.30248e-07
-6.7532e-11 -6.16261e-07
-7.06966e-11 -5.53728e-07
-6.42037e-11 -5.08916e-07
-6.1398e-11 -4.17059e-07
-4.96521e-11 -3.50531e-07
-4.32419e-11 -2.39368e-07
-2.87087e-11 -1.63031e-07
-2.06652e-11 -4.60271e-08
-7.75559e-13 2.92933e-08
1.64272e-11 1.35844e-07
3.16009e-11 1.91422e-07
3.58946e-11 2.70661e-07
4.91946e-11 2.88467e-07
5.77596e-11 3.20074e-07
6.35545e-11 2.8613e-07
5.46649e-11 2.7e-07
5.72944e-11 1.94929e-07
5.62684e-11 1.36197e-07
4.98859e-11 2.65807e-08
2.63794e-11 -5.60425e-08
1.24425e-11 -1.83925e-07
-1.549e-11 -2.70042e-07
-2.05102e-11 -3.84645e-07
-2.80808e-11 -4.55904e-07
-3.24253e-11 -5.46931e-07
-5.54526e-11 -5.8558e-07
-5.94873e-11 -6.43061e-07
-7.77393e-11 -6.43354e-07
-6.64566e-11 -6.60993e-07
-6.24425e-11 -6.27287e-07
-4.72006e-11 -6.1363e-07
-5.31896e-11 -5.47598e-07
-3.62059e-11 -5.06443e-07
-3.34288e-11 -4.17069e-07
-1.32708e-11 -3.57941e-07
-1.02538e-11 -2.54908e-07
1.02925e-11 -1.88046e-07
1.66964e-11 -8.51739e-08
3.17821e-11 -2.56942e-08
2.77723e-11 6.75572e-08
4.54142e-11 1.12725e-07
5.90222e-11 1.74431e-07
6.85648e-11 1.80954e-07
5.73496e-11 2.03252e-07
4.82312e-11 1.64717e-07
2.48837e-11 1.46958e-07
1.81273e-11 7.52002e-08
1.80102e-11 2.28687e-08
9.34883e-12 -7.74687e-08
-7.08487e-12 -1.48025e-07
-2.31199e-11 -2.60169e-07
-3.57407e-11 -3.29986e-07
-4.03121e-11 -4.26741e-07
-3.37715e-11 -4.81711e-07
-4.11524e-11 -5.56901e-07
-5.05901e-11 -5.81757e-07
-5.91289e-11 -6.26968e-07
-6.83947e-11 -6.17727e-07
-5.52442e-11 -6.23973e-07
-2.93387e-11 -5.87339e-07
-1.68019e-11 -5.67371e-07
-1.37253e-11 -5.02504e-07
-1.76781e-11 -4.61406e-07
-1.42687e-11 -3.75218e-07
-1.69251e-11 -3.19552e-07
-2.22658e-12 -2.23378e-07
-4.28084e-13 -1.63221e-07
2.02456e-11 -6.96697e-08
1.33503e-11 -1.90425e-08
2.50887e-11 6.36468e-08
3.08474e-11 1.02033e-07
6.9713e-11 1.4888e-07
6.13432e-11 1.48291e-07
6.21433e-11 1.59554e-07
3.52655e-11 1.18888e-07
3.72564e-11 9.68623e-08
9.30627e-12 2.26565e-08
1.81111e-11 -2.41536e-08
1.09762e-11 -1.09013e-07
4.64013e-11 -1.7873e-07
2.49064e-11 -2.75731e-07
1.79231e-11 -3.41464e-07
-2.1159e-11 -4.29019e-07
-2.17349e-11 -4.73868e-07
-5.60525e-11 -5.4028e-07
-4.2741e-11 -5.55484e-07
-4.39521e-11 -5.80357e-07
8.07774e-12 -5.74344e-07
-4.5757e-12 -5.7485e-07
1.42443e-12 -5.38325e-07
-2.20822e-11 -5.15101e-07
1.09448e-10 -4.53314e-07
8.64509e-11 -4.14173e-07
1.0924e-10 -3.3208e-07
1.1178e-10 -2.73092e-07
1.86677e-10 -1.89408e-07
1.8301e-10 -1.34418e-07
2.13033e-10 -5.07932e-08
1.71711e-10 -8.2189e-09
1.78344e-10 6.26684e-08
1.51645e-10 9.46992e-08
1.7137e-10 1.24391e-07
1.12559e-10 1.15753e-07
5.9663e-11 1.11657e-07
-2.48817e-11 6.52731e-08
-7.47047e-11 3.23165e-08
-1.50485e-10 -4.43728e-08
-1.80442e-10 -9.61164e-08
-2.19399e-10 -1.83094e-07
-2.09107e-10 -2.49311e-07
-2.4556e-10 -3.43207e-07
-2.46045e-10 -3.99576e-07
-2.68092e-10 -4.76855e-07
-2.48213e-10 -5.12714e-07
-2.45546e-10 -5.66818e-07
-2.12624e-10 -5.73836e-07
-1.82816e-10 -5.94401e-07
-1.25827e-10 -5.75353e-07
-1.15117e-10 -5.71928e-07
-8.0453e-11 -5.23344e-07
-5.92017e-11 -4.91471e-07
-1.09869e-12 -4.23708e-07
1.17768e-13 -3.7876e-07
3.61557e-11 -2.94683e-07
5.46157e-11 -2.33953e-07
1.16682e-10 -1.51623e-07
9.79177e-11 -9.69867e-08
1.28932e-10 -1.81991e-08
7.83e-11 1.96322e-08
1.19715e-10 8.12882e-08
1.21729e-10 1.06288e-07
1.77014e-10 1.24779e-07
1.41541e-10 1.08969e-07
1.44461e-10 9.51789e-08
7.63807e-11 4.43662e-08
9.21949e-11 5.38376e-09
1.32976e-11 -7.18772e-08
5.02598e-11 -1.25301e-07
1.0334e-12 -2.08178e-07
5.00148e-11 -2.72463e-07
-2.59051e-11 -3.58877e-07
1.18861e-11 -4.09987e-07
-6.45628e-11 -4.77712e-07
-6.35933e-12 -5.074e-07
-8.20586e-11 -5.50883e-07
-1.47711e-11 -5.52902e-07
-6.75556e-11 -5.63774e-07
7.57994e-13 -5.41182e-07
-7.91449e-11 -5.30762e-07
-7.66086e-12 -4.80222e-07
-6.09346e-11 -4.41707e-07
1.78709e-11 -3.75631e-07
-6.28963e-11 -3.27898e-07
1.95981e-11 -2.48116e-07
-5.00865e-11 -1.91327e-07
4.20391e-11 -1.11685e-07
-5.93064e-11 -6.35269e-08
4.70702e-11 1.01896e-08
1.99244e-11 5.51902e-08
9.01523e-11 9.45837e-08
2.86087e-11 1.03321e-07
7.78614e-11 1.12267e-07
-2.35836e-11 8.44784e-08
5.96319e-11 6.49277e-08
-7.27876e-11 4.92226e-09
5.09636e-11 -3.56781e-08
5.76159e-12 -1.0101e-07
6.96746e-11 -1.65247e-07
-9.97166e-12 -2.45811e-07
4.25455e-11 -3.10932e-07
-7.82999e-11 -3.88641e-07
1.6947e-11 -4.3688e-07
-1.36396e-10 -4.98384e-07
-1.52196e-11 -5.19188e-07
-2.81996e-11 -5.42968e-07
3.48342e-11 -5.44762e-07
-4.08269e-11 -5.45437e-07
2.83962e-11 -5.19988e-07
-9.40133e-11 -4.98954e-07
2.53755e-11 -4.4758e-07
-1.36038e-10 -4.10091e-07
1.76829e-11 -3.37965e-07
-3.08497e-12 -2.76924e-07
7.1749e-11 -2.04988e-07
-1.73437e-11 -1.45665e-07
7.51092e-11 -7.37948e-08
-6.90473e-11 -2.5238e-08
8.19894e-11 3.55216e-08
-1.1337e-10 5.87786e-08
1.03374e-10 9.57874e-08
1.56433e-11 1.00882e-07
1.10448e-10 9.69863e-08
-1.77623e-11 6.30515e-08
1.02048e-10 3.1251e-08
-8.98343e-11 -3.18211e-08
9.81869e-11 -8.16317e-08
-1.14856e-10 -1.59584e-07
9.86854e-11 -2.19066e-07
-9.90454e-11 -2.99201e-07
7.15382e-11 -3.56992e-07
-1.4027e-10 -4.31346e-07
6.56254e-11 -4.69242e-07
-9.38575e-11 -5.15526e-07
6.55785e-11 -5.32243e-07
-1.53017e-10 -5.5733e-07
6.53318e-11 -5.44086e-07
-1.21971e-10 -5.3864e-07
7.78943e-11 -5.00961e-07
-1.55076e-10 -4.75382e-07
1.2083e-10 -4.14664e-07
-1.15348e-10 -3.67114e-07
1.28067e-10 -2.94392e-07
-1.45138e-10 -2.4224e-07
1.60719e-10 -1.62711e-07
-9.00917e-11 -1.06188e-07
1.71367e-10 -3.29906e-08
-1.18434e-10 7.40469e-09
1.94187e-10 6.20438e-08
-8.21816e-11 7.89302e-08
4.03155e-11 9.1459e-08
-4.80849e-12 8.49763e-08
-2.03069e-11 6.23348e-08
-2.30294e-11 2.61545e-08
-1.9299e-11 -2.13153e-08
-2.20295e-11 -7.84221e-08
-2.11375e-11 -1.42246e-07
-2.17844e-11 -2.09955e-07
-2.21926e-11 -2.78891e-07
-2.34509e-11 -3.45439e-07
-2.52242e-11 -4.05926e-07
-2.71354e-11 -4.57334e-07
-2.84775e-11 -4.97738e-07
-2.88173e-11 -5.25813e-07
-2.79374e-11 -5.40812e-07
-2.57768e-11 -5.42521e-07
-2.23865e-11 -5.31212e-07
-1.78958e-11 -5.07585e-07
-1.24852e-11 -4.72731e-07
-6.36672e-12 -4.28101e-07
2.35594e-13 -3.75487e-07
7.09632e-12 -3.16998e-07
1.36978e-11 -2.54228e-07
1.99393e-11 -1.89469e-07
2.61193e-11 -1.26284e-07
3.22921e-11 -6.86858e-08
3.8023e-11 -2.01798e-08
4.28813e-11 1.59865e-08
0.356586 13.8038
-2.36697e-10 3.01729e-08
-4.78284e-10 2.70897e-07
1.34189e-10 1.79014e-07
3.2366e-10 3.44e-07
3.4955e-10 4.81653e-07
-5.05001e-12 -1.74877e-06
-4.00565e-11 1.30251e-07
2.91814e-11 -2.36023e-07
3.80548e-11 -2.66251e-07
3.46505e-11 -2.69091e-07
3.18864e-11 -2.70503e-07
2.92449e-11 -2.71096e-07
2.63025e-11 -2.7114e-07
2.29336e-11 -2.70665e-07
1.91991e-11 -2.69691e-07
1.5257e-11 -2.68241e-07
1.13159e-11 -2.66344e-07
7.55679e-12 -2.64025e-07
4.06299e-12 -2.61318e-07
9.88141e-13 -2.58264e-07
-1.64009e-12 -2.5491e-07
-3.81992e-12 -2.51307e-07
-5.7207e-12 -2.47474e-07
-1.84186e-11 -2.42535e-07
-2.3682e-11 -2.37361e-07
-2.65562e-11 -2.32002e-07
-2.81843e-11 -2.26676e-07
-2.93319e-11 -2.21475e-07
-3.1625e-11 -2.16379e-07
-3.28305e-11 -2.11516e-07
-5.30004e-11 -2.07765e-07
-4.58036e-11 -2.032e-07
-2.96205e-11 -1.99492e-07
-2.37383e-11 -1.96793e-07
-6.90267e-11 -1.95563e-07
-8.74207e-11 -8.9077e-08
-9.72942e-11 4.93922e-09
-4.8126e-11 -8.45467e-08
-0.934239 45.5948
-0.862795 32.3201
-0.860503 28.2738
-0.59196 25.7798
-0.568276 23.6921
-0.535078 22.1801
-0.548074 21.389
-0.381158 20.9328
-0.408983 21.1607
-0.454766 21.9831
-0.460455 23.2253
-0.319308 24.4973
-0.359528 26.1538
-0.362405 28.022
-0.24573 29.7832
-0.311088 31.8787
-0.199212 33.7979
-0.255068 35.9949
-0.148524 38.0495
-0.198117 40.3119
-0.102517 42.4093
-0.133514 44.6619
-0.0551822 46.769
-0.130803 49.0593
-0.0546912 51.1493
-0.0682448 53.3399
-0.0317909 55.3767
-0.107136 57.6446
-0.0343376 59.696
-0.0871407 61.8194
-0.0645185 63.8483
-0.142655 66.0776
-0.101084 68.0574
-0.14637 70.1064
-0.161973 72.0649
-0.238737 74.2007
-0.242586 76.1247
-0.312882 78.2158
-0.300151 80.125
-0.373316 82.2024
-0.369779 84.0692
-0.41997 86.0438
-0.438786 87.9013
-0.505192 89.9618
-0.497638 91.7964
-0.532004 93.7085
-0.549206 95.5481
-0.59742 97.548
-0.595862 99.3744
-0.643009 101.354
-0.640599 103.166
-0.685664 105.125
-0.68389 106.933
-0.732197 108.912
-0.727174 110.712
-0.762522 112.611
-0.768571 114.429
-0.809516 116.417
-0.805739 118.224
-0.837024 120.119
-0.844228 121.936
-0.877987 123.909
-0.877969 125.708
-0.90792 127.611
-0.915762 129.405
-0.953452 131.365
-0.966562 133.123
-1.00458 134.942
-1.02482 136.709
-1.05214 138.609
-1.06781 140.402
-1.09685 142.406
-1.10291 144.231
-1.11247 146.106
-1.1022 147.909
-1.07208 149.764
-1.04416 150.647
-0.974529 150.511
-1.03048 149.462
-0.914669 148.175
-0.763749 146.603
-0.94972 145.24
-0.86164 143.943
-0.674692 143.025
-0.495035 142.347
-0.64513 142.19
-0.580202 142.389
-0.433222 143.21
-0.318181 144.138
-0.488669 145.555
-0.45951 147.406
-0.357626 149.704
-0.277198 152.095
-0.423528 154.883
-0.4218 157.69
-0.359051 160.781
-0.306823 163.865
-0.32444 167.175
-0.328966 170.326
-0.480241 173.72
-0.499048 177.018
-0.447059 180.53
-0.42957 183.791
-0.494673 187.234
-0.506921 190.567
-0.459301 194.127
-0.610313 197.397
-0.603229 200.918
-0.571016 204.444
-0.516083 208.124
-0.638824 211.664
-0.584338 215.521
-0.581565 219.072
-0.559731 222.825
-0.670451 226.632
-0.622276 230.688
-0.609449 234.577
-0.549141 238.717
-3.52942 538.571
-4.9696 519.944
-4.75769 519.79
-4.27702 556.117
-4.11199 589.727
-3.66868 621.673
-3.95111 651.197
-4.13855 678.866
-4.05425 704.571
-3.53939 728.29
-3.11865 749.51
-2.538 768.643
-2.38864 785.217
-1.91227 799.664
-1.55749 811.748
-1.2036 821.646
-1.00175 828.954
-0.794311 834.291
-0.676666 836.951
-0.490382 837.536
-0.427369 835.904
-0.264238 832.239
-0.443359 826.366
-0.267978 818.714
-0.360436 808.694
-0.410812 797.077
-0.493347 783.698
-0.614654 768.956
-0.724002 752.446
-0.649743 734.698
-0.866623 715.332
-0.939774 695.086
-1.21493 673.958
-1.15482 652.118
-1.29554 629.23
-1.28762 605.982
-1.48056 582.013
-1.65025 558.15
-1.74985 534
-1.64943 509.975
-1.86229 485.692
-1.88747 461.944
-2.10147 438.612
-1.94979 415.803
-2.0638 392.827
-1.98378 370.86
-2.18663 349.489
-2.17223 329.446
-2.37573 310.192
-2.29495 292.234
-2.71881 274.114
-2.92009 269.271
-3.30781 270.539
-3.44757 272.232
-3.77136 273.659
-3.81551 275.607
-3.93719 277.437
-3.88759 279.745
-3.85409 281.725
-3.60894 284.158
-3.38825 286.39
-3.25696 288.118
-2.9933 291.391
-2.9447 292.94
-2.63342 297.82
-2.66111 299.86
-2.2843 306.451
-2.46924 308.56
-1.92834 316.719
-2.23733 318.667
-1.69999 327.75
-1.68971 331.082
-1.44894 336.647
-1.62747 339.066
-1.31112 345.89
-1.63723 347.909
-1.25281 356.263
-1.57565 358.321
-1.218 366.312
-1.65602 367.838
-1.23398 376.148
-1.48117 378.466
-1.28768 384.032
-1.6792 385.382
-1.36505 392.401
-1.91697 393.041
-1.47421 401.638
-1.64239 404.075
-1.58806 407.583
-1.85696 409.011
-1.70558 413.702
-2.08361 414.73
-1.80731 420.865
-2.32666 421.104
-1.89885 428.692
-2.14106 429.972
-1.99165 433.673
-2.29991 433.878
-2.04996 438.888
-2.50161 438.392
-2.05884 444.86
-2.48268 444.378
-2.08967 449.79
-2.59409 448.234
-2.07453 454.725
-2.36528 453.871
-2.07626 457.467
-2.51204 455.46
-2.02987 460.517
-2.49217 458.285
-2.02082 463.44
-2.45165 461.079
-1.96992 465.49
-2.45883 462.556
-1.95886 467.424
-2.38081 464.63
-1.91057 468.39
-2.42851 464.904
-1.90433 469.568
-2.31879 466.458
-1.86338 469.656
-2.40046 465.759
-1.85019 470.151
-2.26503 466.739
-1.82335 469.535
-2.37877 465.325
-1.81601 469.385
-2.23978 465.675
-1.80001 468.128
-2.35713 463.641
-1.79078 467.379
-2.21044 463.406
-1.77254 465.492
-2.32813 460.767
-1.75717 464.191
-2.16831 460.001
-1.73513 461.707
-2.28335 456.797
-1.71186 459.889
-2.11612 455.504
-1.68586 456.886
-2.22243 451.84
-1.65368 454.587
-2.05262 450.023
-1.62293 451.12
-2.14955 445.944
-1.5835 448.368
-1.97279 443.655
-1.5511 444.424
-2.0631 439.162
-1.50731 441.23
-1.91127 436.322
-1.4736 437.047
-2.00014 431.618
-1.42923 433.612
-1.79027 428.717
-1.40147 428.76
-1.87417 423.432
-1.3566 424.732
-1.86983 419.262
-1.31728 420.789
-1.7395 415.527
-1.2861 415.936
-1.82763 410.213
-1.24196 411.844
-1.58638 406.737
-1.22102 406.143
-1.66691 400.713
-1.17794 401.34
-1.75161 395.541
-1.13703 397.3
-1.4346 392.315
-1.12467 391.066
-1.50862 385.83
-1.0847 385.745
-1.59296 380.228
-1.03925 381.323
-1.53651 375.782
-1.001 376.534
-1.55169 370.72
-0.955015 371.878
-1.36476 366.41
-0.923085 366.038
-1.44039 360.25
-0.870095 361.042
-1.37372 355.317
-0.828992 355.812
-1.3945 349.885
-0.784333 350.907
-1.20638 345.389
-0.759094 344.924
-1.28872 339.153
-0.715315 339.847
-1.24412 334.14
-0.684279 334.683
-1.24828 328.886
-0.650945 329.705
-1.14281 324.119
-0.62465 324.202
-1.22773 318.339
-0.583096 319.495
-0.992717 314.198
-0.56631 313.472
-1.07076 307.996
-0.522446 308.368
-1.12843 302.719
-0.483492 303.895
-0.937518 298.668
-0.464035 298.364
-1.01932 292.907
-0.421826 293.648
-0.990056 288.22
-0.389383 288.952
-0.962565 283.524
-0.357696 284.244
-0.932409 278.785
-0.325416 279.452
-0.90508 273.934
-0.292224 274.573
-0.871897 269.04
-0.260592 269.607
-0.849071 264.053
-0.23099 264.632
-0.81665 259.099
-0.205277 259.595
-0.804683 254.05
-0.182048 254.616
-0.772662 249.123
-0.163335 249.569
-0.774021 244.06
-0.145823 244.642
-0.738947 239.217
-0.132639 239.618
-0.753869 234.164
-0.118614 234.781
-0.711807 229.441
-0.10858 229.804
-0.738515 224.419
-0.0954945 225.081
-0.687518 219.841
-0.0862347 220.184
-0.722398 214.887
-0.30211 211.183
-0.460106 211.129
-0.0403125 211.496
-0.702029 206.371
-0.283538 202.793
-0.661502 198.585
-0.230144 196.026
-0.679252 192.525
-0.231196 190.615
-0.63308 187.744
-0.221871 186.209
-0.685134 183.514
-0.249315 182.18
-0.663963 179.737
-0.24804 178.519
-0.701862 176.096
-0.263596 174.954
-0.680509 172.673
-0.253901 171.601
-0.694623 169.343
-0.253833 168.337
-0.672313 166.19
-0.238591 165.254
-0.669732 163.153
-0.22941 162.285
-0.649633 160.275
-0.213498 159.475
-0.639025 157.525
-0.201192 156.794
-0.622207 154.922
-0.187101 154.26
-0.609516 152.455
-0.175223 151.862
-0.595765 150.128
-0.163771 149.604
-0.583961 147.937
-0.15381 147.479
-0.572615 145.876
-0.14472 145.483
-0.562263 143.941
-0.136685 143.61
-0.552619 142.126
-0.129552 141.854
-0.543697 140.426
-0.123219 140.21
-0.535301 138.834
-0.117526 138.673
-0.527249 137.347
-0.112259 137.239
-0.519369 135.961
-0.10729 135.904
-0.51149 134.671
-0.102391 134.664
-0.503455 133.474
-0.0974363 133.515
-0.495076 132.366
-0.0922356 132.454
-0.486191 131.346
-0.0866278 131.478
-0.476656 130.408
-0.0804687 130.584
-1.8466 130.135
-0.600486 130.557
-0.317617 129.53
-0.120059 128.327
-0.0399244 127.072
-0.0394331 125.701
-0.0706102 124.295
-0.105965 122.855
-0.14843 121.483
-0.190257 120.149
-0.219154 118.986
-0.239743 117.813
-0.24106 117.013
-0.248607 115.358
-0.212202 114.665
-0.180904 114.597
-0.195766 110.771
-0.104324 108.837
-0.00451292 112.255
-0.0108009 116.516
-0.0436395 120.363
-0.0868588 119.088
-0.0442982 118.841
0.0328128 120.253
0.0226189 122.485
0.0591404 120.26
0.0679643 119.265
0.174917 120.805
0.0906222 122.824
0.10201 119.96
0.171911 118.584
0.281048 119.981
0.209612 117.724
0.236293 117.76
0.132321 118.974
0.176991 115.629
0.0875962 113.522
0.0349962 113.938
0.0300707 109.04
0.0659859 107.06
-0.00233642 107.342
0.088712 103.175
0.0412546 100.663
0.00284732 101.005
-0.0186755 100.276
-0.0203086 101.231
0.0549888 95.3927
0.131215 93.1285
0.0512522 92.6781
0.170251 86.2839
0.182757 82.5404
0.158335 82.4373
0.139558 80.696
0.128833 81.1935
0.261081 73.9258
0.26639 69.5111
0.198137 68.0622
0.205197 66.5892
0.151444 65.3467
0.371327 58.139
0.344401 53.0052
0.251242 51.332
0.154463 51.1886
0.378847 44.415
0.342205 39.9948
0.229349 39.8039
0.102768 40.6295
0.349126 33.9806
0.314177 29.959
0.193874 29.7782
0.0670419 30.9794
0.0223999 32.3179
0.0194737 32.2023
0.0227932 31.8553
0.0430556 30.9002
0.0571729 30.4113
0.0812485 29.271
0.106949 28.17
0.117451 27.1508
0.151064 26.2811
0.149321 25.4914
0.179155 24.4262
0.162036 23.9312
0.150025 24.0409
0.152286 23.8219
0.123026 24.3045
0.12898 24.2937
0.0865311 25.2136
0.102139 25.3509
0.0775835 25.9468
0.0803879 26.3348
0.0405453 27.5626
0.0615015 28.0811
0.0359345 29.1238
0.0739336 29.4007
0.053968 30.4217
0.132956 30.1026
0.165076 29.6586
0.223971 28.698
0.260557 27.7931
0.350197 25.8971
0.367802 24.4555
0.471487 21.7177
0.509291 18.9648
0.566276 15.7701
0.566388 13.0763
0.621191 9.71286
0.579085 7.31081
0.637581 3.92101
0.632291 0.664298
0.634193 -2.62338
0.607207 -5.48031
0.619104 -8.63186
0.580965 -11.2107
0.605617 -14.2992
0.650408 -18.002
0.612408 -20.9877
0.771197 -26.0268
0.732247 -29.8947
0.569469 -31.3928
0.969441 -33.0414
0.819268 -28.0985
0.681417 -23.1177
0.467023 -23.5951
0.433249 -24.3752
9.10791e-10 -2.59779e-06
0.464835 -67.3881
1.0951e-10 -1.34725e-06
1.24349e-10 -1.60557e-07
8.015e-10 -2.62037e-06
0.491466 -73.0562
0.364936 -16.7051
2.8988e-10 -6.65595e-07
9.85945e-10 -2.68055e-06
0.60614 -79.3425
0.441164 -7.39264
1.46918e-09 -2.75644e-06
0.624842 -86.7767
3.69849e-09 -9.29256e-06
0.951681 -167.751
4.37233 -370.86
1.14371e-08 -3.2503e-05
0.154413 -422.284
-4.59609e-09 -3.57691e-06
-2.10027e-10 -3.62738e-06
1.26952e-09 -3.63454e-06
8.26552e-10 -2.30942e-06
1.09382e-09 -2.23082e-06
-0.418112 -120.137
-2.5865e-12 -2.08716e-06
4.81658e-10 -2.03123e-06
5.19019e-10 -1.98258e-06
4.53259e-10 -1.99301e-06
3.60014e-10 -1.91916e-06
0.742372 -149.227
1.48168e-09 -1.73423e-06
2.01278e-10 -1.8012e-06
-4.03513e-11 -1.79277e-06
-1.40883e-10 -1.76871e-06
-2.05023e-10 -1.72793e-06
-2.40849e-10 -1.66829e-06
-2.37335e-10 -1.6822e-06
0.494276 -155.258
5.92902e-10 -1.54163e-06
-1.16129e-10 -1.57205e-06
-2.09442e-10 -1.59755e-06
-1.41702e-10 -1.6155e-06
-2.10186e-10 -1.6032e-06
-1.52325e-10 -1.59911e-06
-1.4152e-10 -1.60152e-06
-1.0642e-10 -1.54034e-06
-1.0282e-10 -1.55604e-06
0.00401738 -187.76
-3.43113e-10 -1.44122e-06
-5.74596e-11 -1.606e-06
1.01065e-11 -1.66608e-06
7.2869e-11 -1.71206e-06
6.56134e-11 -1.73125e-06
8.72519e-11 -1.73815e-06
8.08374e-12 -1.71789e-06
1.1413e-11 -1.68187e-06
-3.4636e-11 -1.6145e-06
2.67644e-11 -1.64132e-06
0.0286573 -211.224
-1.95813e-10 -1.55253e-06
-3.89217e-11 -1.66654e-06
9.2192e-11 -1.77335e-06
1.24257e-11 -1.84626e-06
-7.93787e-12 -1.89156e-06
6.92944e-12 -1.90986e-06
1.69214e-11 -1.90344e-06
1.27285e-11 -1.87074e-06
1.05568e-11 -1.80972e-06
9.16517e-12 -1.72014e-06
4.46407e-11 -1.72387e-06
0.054498 -263.436
-1.72358e-10 -1.61154e-06
1.75896e-11 -1.88161e-06
1.08531e-10 -2.01314e-06
9.63292e-11 -2.10254e-06
4.63697e-11 -2.15772e-06
1.72555e-11 -2.18417e-06
-8.42851e-12 -2.1838e-06
-3.06096e-11 -2.15645e-06
-4.68714e-11 -2.10016e-06
-5.7228e-11 -2.0113e-06
-6.31474e-11 -1.88295e-06
0.0491212 -267.758
-2.34006e-10 -1.72845e-06
-3.15096e-11 -2.0146e-06
6.80171e-11 -2.14693e-06
5.98596e-11 -2.2315e-06
2.2897e-11 -2.27707e-06
-1.16088e-11 -2.28935e-06
-3.64195e-11 -2.27087e-06
-5.1956e-11 -2.22137e-06
-5.99635e-11 -2.13828e-06
-6.32324e-11 -2.01685e-06
-5.68116e-11 -1.85782e-06
-2.07391e-11 -1.79732e-06
-0.0315992 -314.691
-3.59524e-10 -1.65321e-06
-3.08429e-11 -1.9573e-06
8.66098e-11 -2.1077e-06
8.16859e-11 -2.20858e-06
4.43927e-11 -2.2705e-06
1.15294e-11 -2.29999e-06
-2.15653e-11 -2.29953e-06
-4.21941e-11 -2.26953e-06
-5.29795e-11 -2.20838e-06
-5.43415e-11 -2.11282e-06
-6.04523e-11 -1.97752e-06
-6.05474e-11 -1.79677e-06
-1.72724e-11 -1.72958e-06
-0.0829339 -290.92
-3.83664e-10 -1.54733e-06
-3.34465e-11 -1.85136e-06
-6.69202e-11 -1.99681e-06
-7.33632e-11 -2.09647e-06
-6.35077e-11 -2.15743e-06
-4.0645e-11 -2.18483e-06
-1.74166e-11 -2.18112e-06
7.16644e-12 -2.1467e-06
2.04856e-11 -2.07978e-06
3.199e-11 -1.97754e-06
4.23061e-11 -1.83545e-06
5.38484e-11 -1.65417e-06
9.21789e-11 -1.59964e-06
1.00254e-10 -1.52041e-06
9.37522e-11 -1.41895e-06
-0.0790051 -278.359
-2.58896e-10 -1.0064e-06
5.85347e-11 -1.40599e-06
1.36135e-10 -1.60679e-06
7.12962e-11 -1.76053e-06
7.9425e-12 -1.87034e-06
-2.39219e-11 -1.94084e-06
-2.99113e-11 -1.97598e-06
-1.08916e-11 -1.97811e-06
-3.47071e-10 -1.94856e-06
-3.4122e-10 -1.88635e-06
-3.52926e-10 -1.78988e-06
-3.76424e-10 -1.65719e-06
-3.8976e-10 -1.48363e-06
-3.1418e-10 -1.46142e-06
-3.0312e-10 -1.22956e-06
-1.99607e-10 -1.16244e-06
-1.11439e-10 -1.08105e-06
-6.42272e-11 -9.87089e-07
-0.914185 -233.454
-1.99984e-09 -7.80848e-07
-2.98323e-10 -1.14439e-06
5.47297e-11 -1.30794e-06
1.44051e-10 -1.43567e-06
1.53935e-10 -1.5291e-06
1.43756e-10 -1.5899e-06
1.32392e-10 -1.61955e-06
1.25375e-10 -1.61904e-06
1.23284e-10 -1.58864e-06
1.26893e-10 -1.52799e-06
1.3291e-10 -1.43622e-06
1.39059e-10 -1.31219e-06
1.43796e-10 -1.15228e-06
1.54358e-10 -9.81901e-07
-1.11612e-09 -9.70134e-07
-2.93298e-09 -7.59121e-07
1.89698e-09 -7.75336e-07
2.40918e-09 -7.51293e-07
1.10388e-09 -4.96254e-07
0.434291 -180.986
1.00705e-09 -4.5088e-07
2.77307e-10 -8.41665e-07
1.83971e-10 -1.0016e-06
1.62096e-10 -1.13112e-06
1.54709e-10 -1.22968e-06
1.48639e-10 -1.29717e-06
1.4027e-10 -1.334e-06
1.28948e-10 -1.34067e-06
1.14943e-10 -1.31759e-06
9.9524e-11 -1.26495e-06
9.78128e-11 -1.18306e-06
1.06975e-10 -1.07194e-06
1.10969e-10 -9.29271e-07
1.067e-10 -7.61635e-07
1.48958e-10 -8.11398e-07
8.48357e-11 -6.07971e-07
6.64275e-11 -6.32884e-07
-1.78946e-12 -4.10262e-07
1.13839 -152.917
2.29085e-09 -5.07382e-07
3.41167e-10 -6.63556e-07
1.99918e-11 -8.17231e-07
-8.76032e-11 -9.45419e-07
-1.37643e-10 -1.04602e-06
-1.55081e-10 -1.11597e-06
-1.69984e-10 -1.15499e-06
-1.82875e-10 -1.16342e-06
-1.92633e-10 -1.14181e-06
-1.99274e-10 -1.09082e-06
-2.03196e-10 -1.01115e-06
-2.05026e-10 -9.03054e-07
-2.05409e-10 -7.66081e-07
-2.03408e-10 -6.06906e-07
-1.71179e-10 -5.94356e-07
-1.76771e-10 -4.14922e-07
0.296156 -134.971
5.33071e-10 -3.5595e-07
4.782e-11 -7.52981e-07
-4.55453e-11 -8.87241e-07
-8.56342e-11 -9.91087e-07
-1.03001e-10 -1.06325e-06
-1.20606e-10 -1.10396e-06
-1.32634e-10 -1.11386e-06
-1.48039e-10 -1.09398e-06
-1.42243e-10 -1.04495e-06
-1.45497e-10 -9.67855e-07
-1.46821e-10 -8.6382e-07
-1.44478e-10 -7.33755e-07
-1.38736e-10 -5.77687e-07
-0.356197 -130.392
-5.78308e-10 -5.78996e-07
2.46982e-09 -7.12524e-07
8.27294e-09 -8.26605e-07
5.44456e-10 -9.28862e-07
-2.63376e-09 -1.00017e-06
-3.36948e-09 -1.03935e-06
-3.11979e-09 -1.04682e-06
-2.63194e-09 -1.02391e-06
-2.09434e-09 -9.71629e-07
-1.63786e-09 -8.9124e-07
-2.50669 -116.751
-5.35619e-09 -7.5596e-07
-1.2688e-09 -8.78586e-07
-2.04755e-10 -9.85784e-07
-3.77209e-10 -1.06225e-06
-4.74332e-11 -1.10213e-06
1.34899e-10 -1.10758e-06
1.57455e-10 -1.08097e-06
4.52122e-10 -1.01972e-06
-3.22886 -121.706
-4.95241e-09 -9.25225e-07
-5.1198e-10 -1.05096e-06
2.32723e-10 -1.15921e-06
1.82951e-09 -1.20905e-06
-6.68281e-11 -1.23955e-06
-4.02244e-11 -1.23145e-06
-1.98422 -98.6834
-2.98224e-09 -1.20745e-06
7.72345e-10 -1.2822e-06
4.64739e-10 -1.33822e-06
-0.871553 -52.9322
-1.24529e-09 -1.37044e-06
-3.12423e-09 -1.41449e-06
-3.06219 -62.0082
-3.07064 -7.16303
-1.96865 -23.5596
-1.59034 -36.4598
0.0233616 -39.7331
2.10137 -40.1444
3.37922 -40.4832
4.55523 -40.7675
5.67528 -40.9802
6.77237 -41.1044
7.34146 -41.2636
7.90294 -41.368
8.14626 -41.4838
