distance
0
-1.08216e-07
-4.10136e-07
-7.64601e-07
-1.28871e-06
-1.94394e-06
-2.80363e-06
-3.82713e-06
-5.08728e-06
-6.54542e-06
-8.27056e-06
-1.02259e-05
-1.24749e-05
-1.49834e-05
-1.78089e-05
-2.09308e-05
-2.44041e-05
-2.82071e-05
-3.23847e-05
-3.69201e-05
-4.18495e-05
-4.71271e-05
-5.28469e-05
-5.90395e-05
-6.57704e-05
-7.3045e-05
-8.09133e-05
-8.93567e-05
-9.84367e-05
-0.00010817
-0.000118595
-0.000129704
-0.000141542
-0.000154074
-0.000167181
-0.000180734
-0.000194479
-0.000208614
-0.000222997
-0.000237387
-0.000252087
-0.000266893
-0.000281595
-0.000296363
-0.000311129
-0.000325741
-0.000340472
-0.000355118
-0.00036954
-0.000384003
-0.000398338
-0.000412405
-0.000426055
-0.000439616
-0.000452971
-0.000465859
-0.000478218
-0.000490363
-0.000502171
-0.000513447
-0.000524216
-0.000534823
-0.000545
-0.000554566
-0.000563394
-0.000571844
-0.000579715
-0.000586992
-0.000593366
-0.000598662
-0.000603116
-0.0006065
-0.000609176
-0.000610993
-0.000611712
-0.000611595
-0.000610368
-0.000608137
-0.000604571
-0.000599439
-0.000593132
-0.00058552
-0.000576346
-0.00056542
-0.000552521
-0.000538155
-0.000522148
-0.000504281
-0.000484349
-0.000462137
-0.000438141
-0.000412198
-0.000384089
-0.000353538
-0.000320377
-0.000285149
-0.000247619
-0.00020755
-0.000164675
-0.00011881
-7.00479e-05
-1.81361e-05
3.68299e-05
9.5036e-05
0.000156621
0.000221615
0.000290103
0.00036202
0.000437556
0.000516801
0.000599715
0.000686471
0.00077712
0.000871525
0.000969812
0.00107121
0.00117591
0.00128408
0.00139585
0.00151049
0.0016282
0.00174905
0.00187254
0.00199877
0.00212733
0.00225832
0.00239173
0.00252724
0.00266485
0.00280283
0.00294217
0.00308328
0.00322598
0.00336978
0.00351488
0.00366133
0.00380892
0.00395778
0.0041082
0.00425995
0.00441328
0.00456838
0.00472527
0.00488416
0.00504534
0.00520881
0.00537494
0.00554386
0.00571544
0.00588968
0.00606662
0.00624613
0.00642801
0.00661227
0.00679898
0.00698809
0.0071795
0.0073733
0.00756963
0.00776848
0.0079698
0.00817368
0.00838027
0.00858957
0.00880152
0.00901623
0.00923382
0.00945431
0.00967769
0.00990403
0.0101334
0.0103659
0.0106015
0.0108401
0.0110821
0.0113274
0.0115759
0.0118277
0.012083
0.0123417
0.0126039
0.0128697
0.0131391
0.013412
0.0136886
0.0139689
0.0142529
0.0145406
0.0148322
0.0151275
0.0154268
0.0157299
0.016037
0.016348
0.0166632
0.0169823
0.0173056
0.017633
0.0179645
0.0183002
0.0186399
0.0189838
0.0193318
0.019684
0.0200404
0.0204008
0.0207654
0.0211342
0.021507
0.021884
0.0222653
0.0226508
0.0230407
0.0234349
0.0238335
0.0242365
0.0246439
0.025056
0.0254727
0.025894
0.0263202
0.0267511
0.0271868
0.0276274
0.0280728
0.0285231
0.0289783
0.0294386
0.0299037
0.0303737
0.0308487
0.0313287
0.0318136
0.0323033
0.032798
0.0332975
0.0338019
0.0343111
0.034825
0.0353438
0.0358672
0.0363954
0.0369282
0.0374656
0.0380075
0.038554
0.039105
0.0396604
0.04022
0.040784
0.0413523
0.0419247
0.0425011
0.0430815
0.0436659
0.0442542
0.0448462
0.0454419
0.0460412
0.0466441
0.0472504
0.04786
0.048473
0.0490891
0.0497083
0.0503304
0.0509555
0.0515834
0.052214
0.0528473
0.0534829
0.054121
0.0547613
0.0554038
0.0560484
0.0566949
0.0573432
0.0579932
0.0586448
0.0592979
0.0599523
0.060608
0.0612648
0.0619228
0.0625818
0.0632419
0.0639029
0.0645647
0.0652274
0.065891
0.0665552
0.0672202
0.0678858
0.0685521
0.069219
0.0698865
0.0705545
0.0712231
0.0718922
0.0725617
0.0732318
0.0739024
0.0745734
0.0752448
0.0759167
0.0765891
0.0772618
0.077935
0.0786086
0.0792808
0.07995
0.0806152
0.0812761
0.0819326
0.0825851
0.0832343
0.0838805
0.0845245
0.0851666
0.0858073
0.0864473
0.0870869
0.0877264
0.0883663
0.0890067
0.0896479
0.09029
0.0909332
0.0915775
0.0922229
0.0928694
0.093517
0.0941656
0.0948154
0.0954663
0.0961184
0.0967715
0.0974257
0.098081
0.0987374
0.099395
0.100054
0.100713
0.101374
0.102036
0.102699
0.103363
0.104028
0.104695
0.105362
0.10603
0.1067
0.10737
0.108042
0.108715
0.109389
0.110064
0.11074
0.111417
0.112095
0.112774
0.113455
0.114136
0.114819
0.115503
0.116188
0.116874
0.117561
0.118249
0.118938
0.119629
0.120321
0.121013
0.121707
0.122403
0.123099
0.123796
0.124495
0.125195
0.125896
0.126598
0.127302
0.128007
0.128713
0.12942
0.130128
0.130838
0.131547
0.132257
0.132968
0.133681
0.134394
0.135109
0.135825
0.136543
0.137261
0.137981
0.138701
0.139423
0.140146
0.140871
0.141596
0.142323
0.143051
0.14378
0.14451
0.145242
0.145975
0.14671
0.147445
0.148183
0.148921
0.149661
0.150402
0.151145
0.151889
0.152634
0.153381
0.154129
0.154879
0.155629
0.156381
0.157134
0.157889
0.158645
0.159402
0.160161
0.160921
0.161683
0.162447
0.163211
0.163978
0.164744
0.165509
0.166276
0.167044
0.167814
0.168585
0.169357
0.17013
0.170905
0.171682
0.17246
0.17324
0.17402
0.174803
0.175587
0.176371
0.177158
0.177945
0.178733
0.179522
0.180311
0.181102
0.181893
0.182685
0.183478
0.184271
0.185064
0.185857
0.186651
0.187445
0.188239
0.189033
0.189827
0.190621
0.191414
0.192208
0.193001
0.193794
0.194586
0.195378
0.19617
0.196961
0.197752
0.198542
0.199331
0.20012
0.200908
0.201695
0.202482
0.203268
0.204054
0.204838
0.205622
0.206406
0.207188
0.20797
0.208751
0.209531
0.210311
0.21109
0.211869
0.212647
0.213424
0.214201
0.214977
0.215752
0.216527
0.217302
0.218076
0.21885
0.219624
0.220397
0.22117
0.221942
0.222715
0.223487
0.224259
0.22503
0.225802
0.226573
0.227345
0.228116
0.228888
0.229659
0.230431
0.231202
0.231974
0.232746
0.233518
0.23429
0.235063
0.235836
0.23661
0.237384
0.238158
0.238933
0.239709
0.240485
0.241262
0.242039
0.242818
0.243597
0.244377
0.245157
0.245939
0.246722
0.247506
0.248291
0.249077
0.249864
0.250652
0.251442
0.252233
0.253025
0.253819
0.254614
0.255411
0.256209
0.257008
0.257809
0.258612
0.259416
0.260222
0.26103
0.26184
0.262651
0.263464
0.264279
0.265097
0.265916
0.266737
0.26756
0.268386
0.269213
0.270043
0.270875
0.27171
0.272546
0.273386
0.274227
0.275071
0.275918
0.276767
0.277618
0.278472
0.279329
0.280188
0.28105
0.281915
0.282782
0.283652
0.284525
0.2854
0.286279
0.28716
0.288044
0.288931
0.28982
0.290713
0.291608
0.292507
0.293408
0.294313
0.29522
0.29613
0.297044
0.29796
0.298879
0.299802
0.300727
0.301656
0.302587
0.303522
0.30446
0.305401
0.306345
0.307291
0.308242
0.309195
0.310151
0.31111
0.312073
0.313038
0.314007
0.314979
0.315954
0.316932
0.317913
0.318898
0.319885
0.320876
0.32187
0.322867
0.323867
0.32487
0.325877
0.326887
0.327899
0.328915
0.329935
0.330957
0.331982
0.333011
0.334043
0.335077
0.336115
0.337156
0.338201
0.339248
0.340298
0.341351
0.342408
0.343467
0.344529
0.345595
0.346663
0.347734
0.348808
0.349885
0.350965
0.352047
0.353133
0.354221
0.355311
0.356404
0.3575
0.358599
0.3597
0.360803
0.361909
0.363017
0.364128
0.36524
0.366355
0.367472
0.368591
0.369712
0.370835
0.37196
0.373086
0.374215
0.375345
0.376476
0.377609
0.378743
0.379879
0.381016
0.382154
0.383293
0.384434
0.385576
0.386718
0.387862
0.389006
0.390152
0.391298
0.392445
0.393593
0.394742
0.395891
0.397041
0.398191
0.399342
0.400493
0.401645
0.402798
0.403951
0.405104
0.406256
0.407408
0.408561
0.409714
0.410863
0.412007
0.413145
0.414277
0.415403
0.416526
0.417646
0.418764
0.419881
0.420997
0.422114
0.42323
0.424347
0.425464
0.426582
0.427701
0.42882
0.429939
0.43106
0.432181
0.433302
0.434425
0.435548
0.436672
0.437796
0.438921
0.440047
0.441173
0.4423
0.443427
0.444555
0.445684
0.446814
0.447944
0.449075
0.450207
0.45134
0.452474
0.453609
0.454744
0.455879
0.457016
0.458153
0.459291
0.460429
0.461568
0.462708
0.463848
0.464989
0.46613
0.467272
0.468415
0.469558
0.470702
0.471847
0.472993
0.47414
0.475288
0.476435
0.477584
0.478734
0.479885
0.481036
0.482188
0.483341
0.484495
0.48565
0.486802
0.487952
0.489097
0.490239
0.491378
0.492515
0.493651
0.494786
0.495921
0.497057
0.498193
0.49933
0.500468
0.501607
0.502747
0.503889
0.505032
0.506176
0.507322
0.508468
0.509617
0.510766
0.511917
0.513069
0.514223
0.515379
0.516535
0.517694
0.518853
0.520014
0.521177
0.522341
0.523506
0.524673
0.525841
0.527011
0.528181
0.529354
0.530527
0.531702
0.532878
0.534055
0.535233
0.536413
0.537593
0.538775
0.539959
0.541143
0.542328
0.543515
0.544703
0.545892
0.547082
0.548273
0.549466
0.55066
0.551854
0.553051
0.554248
0.555446
0.556646
0.557846
0.559048
0.560251
0.561456
0.562661
0.563868
0.565076
0.566285
0.567495
0.568706
0.569919
0.571132
0.572347
0.573563
0.574781
0.575999
0.577219
0.57844
0.579662
0.580885
0.58211
0.583336
0.584563
0.585791
0.587021
0.588252
0.589484
0.590718
0.591951
0.593183
0.594413
0.595641
0.596868
0.598092
0.599314
0.600534
0.601753
0.602969
0.604184
0.605398
0.606611
0.607824
0.609037
0.610246
0.611452
0.612655
0.613855
0.61505
0.616242
0.617429
0.618613
0.619795
0.620975
0.622154
0.623333
0.624511
0.625689
0.626867
0.628045
0.629225
0.630404
0.631585
0.632766
0.633948
0.635131
0.636314
0.637497
0.638681
0.639864
0.641048
0.642231
0.643415
0.644597
0.645779
0.646961
0.648141
0.649321
0.650499
0.651675
0.652849
0.654021
0.655191
0.656358
0.657522
0.658683
0.659841
0.660996
0.662147
0.663294
0.664438
0.665579
0.666716
0.667849
0.668979
0.670106
0.671229
0.672349
0.673466
0.67458
0.67569
0.676798
0.677903
0.679005
0.680104
0.6812
0.682294
0.683386
0.684475
0.685562
0.686647
0.687729
0.688809
0.689888
0.690964
0.692038
0.69311
0.694181
0.69525
0.696316
0.697381
0.698445
0.699506
0.700566
0.701624
0.70268
0.703734
0.704787
0.705838
0.706888
0.707935
0.708982
0.710026
0.711069
0.71211
0.713149
0.714187
0.715224
0.716258
0.717292
0.718323
0.719353
0.720382
0.72141
0.722435
0.72346
0.724483
0.725505
0.726525
0.727544
0.728562
0.729578
0.730593
0.731607
0.73262
0.733631
0.734641
0.73565
0.736658
0.737664
0.738669
0.739674
0.740676
0.741678
0.742679
0.743678
0.744676
0.745674
0.74667
0.747665
0.748658
0.749651
0.750642
0.751633
0.752622
0.75361
0.754598
0.755584
0.756568
0.757552
0.758535
0.759517
0.760497
0.761477
0.762455
0.763432
0.764408
0.765383
0.766357
0.76733
0.768301
0.769272
0.770241
0.771209
0.772176
0.773141
0.774105
0.775068
0.77603
0.776991
0.77795
0.778908
0.779864
0.780819
0.781774
0.782726
0.783678
0.784628
0.785577
0.786525
0.787472
0.788417
0.789362
0.790305
0.791247
0.792187
0.793127
0.794066
0.795003
0.79594
0.796875
0.79781
0.798743
0.799676
0.800607
0.801538
0.802467
0.803396
0.804324
0.805251
0.806177
0.807102
0.808026
0.80895
0.809873
0.810795
0.811716
0.812637
0.813557
0.814476
0.815395
0.816313
0.81723
0.818147
0.819063
0.819979
0.820894
0.821808
0.822722
0.823636
0.824549
0.825462
0.826375
0.827287
0.828198
0.82911
0.830021
0.830932
0.831843
0.832753
0.833663
0.834573
0.835483
0.836393
0.837302
0.838212
0.839121
0.84003
0.84094
0.841849
0.842758
0.843667
0.844576
0.845486
0.846395
0.847304
0.848214
0.849123
0.850033
0.850943
0.851853
0.852763
0.853673
0.854584
0.855494
0.856405
0.857316
0.858228
0.859139
0.860051
0.860963
0.861876
0.862788
0.863702
0.864615
0.865529
0.866443
0.867357
0.868272
0.869187
0.870103
0.871019
0.871935
0.872852
0.873769
0.874687
0.875605
0.876523
0.877442
0.878362
0.879282
0.880202
0.881122
0.882044
0.882965
0.883887
0.88481
0.885733
0.886656
0.88758
0.888505
0.88943
0.890355
0.89128
0.892205
0.89313
0.894054
0.894978
0.895901
0.896824
0.897746
0.898667
0.899588
0.900508
0.901428
0.902348
0.903268
0.904187
0.905107
0.906026
0.906946
0.907865
0.908786
0.909706
0.910627
0.911548
0.91247
0.913393
0.914316
0.915239
0.916164
0.917089
0.918015
0.918941
0.919869
0.920797
0.921726
0.922656
0.923587
0.924519
0.925452
0.926385
0.92732
0.928255
0.929192
0.93013
0.931068
0.932008
0.932949
0.93389
0.934833
0.935777
0.936722
0.937668
0.938615
0.939563
0.940512
0.941463
0.942414
0.943367
0.944321
0.945276
0.946232
0.947189
0.948147
0.949107
0.950067
0.951029
0.951992
0.952956
0.953921
0.954887
0.955854
0.956822
0.957791
0.958762
0.959733
0.960705
0.961679
0.962653
0.963628
0.964605
0.965582
0.966561
0.96754
0.96852
0.969501
0.970484
0.971467
0.972451
0.973436
0.974422
0.975408
0.976396
0.977384
0.978374
0.979364
0.980355
0.981347
0.98234
0.983333
0.984328
0.985323
0.986319
0.987316
0.988314
0.989313
0.990312
0.991312
0.992313
0.993315
0.994318
0.995319
0.996316
0.997306
0.99829
0.999269
1.00024
1.00122
1.00219
1.00316
1.00414
1.00511
1.00608
1.00706
1.00803
1.00901
1.00999
1.01097
1.01195
1.01293
1.01391
1.01489
1.01588
1.01686
1.01784
1.01883
1.01982
1.0208
1.02179
1.02278
1.02377
1.02476
1.02575
1.02674
1.02773
1.02873
1.02972
1.03072
1.03171
1.03271
1.0337
1.0347
1.0357
1.0367
1.0377
1.0387
1.0397
1.0407
1.0417
1.04271
1.04371
1.04471
1.04572
1.04672
1.04773
1.04873
1.04974
1.05075
1.05176
1.05277
1.05378
1.05479
1.0558
1.05681
1.05783
1.05884
1.05985
1.06087
1.06189
1.0629
1.06392
1.06494
1.06596
1.06698
1.068
1.06903
1.07005
1.07108
1.0721
1.07313
1.07416
1.07518
1.07621
1.07725
1.07828
1.07931
1.08034
1.08138
1.08242
1.08345
1.08449
1.08553
1.08657
1.08761
1.08866
1.0897
1.09075
1.0918
1.09284
1.09389
1.09494
1.096
1.09705
1.09811
1.09916
1.10022
1.10128
1.10234
1.1034
1.10446
1.10553
1.10659
1.10766
1.10873
1.1098
1.11087
1.11194
1.11302
1.11409
1.11517
1.11625
1.11733
1.11841
1.11949
1.12057
1.12166
1.12275
1.12383
1.12492
1.12602
1.12711
1.1282
1.1293
1.1304
1.13149
1.13259
1.1337
1.1348
1.1359
1.13701
1.13812
1.13922
1.14033
1.14145
1.14256
1.14367
1.14479
1.14591
1.14703
1.14815
1.14927
1.15039
1.15152
1.15264
1.15377
1.1549
1.15603
1.15716
1.1583
1.15943
1.16057
1.16171
1.16285
1.16399
1.16513
1.16628
1.16742
1.16857
1.16972
1.17087
1.17202
1.17318
1.17433
1.17549
1.17665
1.17781
1.17897
1.18013
1.18129
1.18246
1.18363
1.18479
1.18596
1.18714
1.18831
1.18948
1.19066
1.19184
1.19302
1.1942
1.19538
1.19656
1.19775
1.19893
1.20012
1.20131
1.2025
1.20369
1.20488
1.20608
1.20727
1.20847
1.20967
1.21087
1.21207
1.21327
1.21448
1.21568
1.21689
1.2181
1.21931
1.22052
1.22173
1.22295
1.22416
1.22538
1.2266
1.22782
1.22904
1.23026
1.23148
1.23271
1.23393
1.23516
1.23639
1.23762
1.23885
1.24009
1.24132
1.24256
1.24379
1.24503
1.24627
1.24751
1.24875
1.24999
1.25122
1.25246
1.2537
1.25494
1.25618
1.25741
1.25865
1.25989
1.26112
1.26236
1.2636
1.26483
1.26607
1.26731
1.26854
1.26978
1.27102
1.27225
1.27349
1.27473
1.27596
1.2772
1.27843
1.27966
1.2809
1.28213
1.28336
1.28459
1.28582
1.28705
1.28829
1.28952
1.29075
1.29198
1.29321
1.29443
1.29566
1.29689
1.29812
1.29935
1.30057
1.3018
1.30302
1.30425
1.30547
1.30669
1.30791
1.30913
1.31035
1.31157
1.31279
1.314
1.31521
1.31642
1.31763
1.31884
1.32005
1.32125
1.32246
1.32366
1.32486
1.32605
1.32725
1.32844
1.32963
1.33082
1.33201
1.33319
1.33438
1.33556
1.33674
1.33791
1.33909
1.34026
1.34143
1.3426
1.34376
1.34493
1.34609
1.34725
1.34841
1.34957
1.35072
1.35188
1.35303
1.35418
1.35533
1.35647
1.35762
1.35876
1.35991
1.36105
1.36219
1.36332
1.36446
1.3656
1.36673
1.36786
1.36899
1.37012
1.37125
1.37238
1.37351
1.37463
1.37575
1.37688
1.378
1.37912
1.38023
1.38135
1.38247
1.38358
1.38469
1.3858
1.38691
1.38802
1.38912
1.39022
1.39132
1.39242
1.39352
1.39462
1.39571
1.39681
1.3979
1.39899
1.40008
1.40116
1.40225
1.40333
1.40442
1.4055
1.40658
1.40766
1.40874
1.40981
1.41089
1.41196
1.41304
1.41411
1.41519
1.41626
1.41733
1.4184
1.41947
1.42054
1.42162
1.42269
1.42375
1.42482
1.42589
1.42696
1.42803
1.4291
1.43017
1.43124
1.43231
1.43338
1.43445
1.43552
1.43659
1.43766
1.43873
1.4398
1.44087
1.44194
1.44301
1.44408
1.44515
1.44622
1.4473
1.44837
1.44944
1.45052
1.45159
1.45267
1.45374
1.45482
1.45589
1.45697
1.45805
1.45912
1.4602
1.46128
1.46236
1.46344
1.46452
1.4656
1.46668
1.46776
1.46884
1.46993
1.47101
1.4721
1.47318
1.47427
1.47535
1.47644
1.47753
1.47861
1.4797
1.48079
1.48188
1.48297
1.48407
1.48516
1.48625
1.48734
1.48844
1.48953
1.49063
1.49173
1.49282
1.49392
1.49502
1.49612
1.49722
1.49832
1.49942
1.50053
1.50163
1.50273
1.50384
1.50494
1.50605
1.50716
1.50827
1.50938
1.51048
1.5116
1.51271
1.51382
1.51493
1.51604
1.51716
1.51827
1.51939
1.5205
1.52162
1.52274
1.52386
1.52498
1.5261
1.52722
1.52834
1.52946
1.53058
1.53171
1.53283
1.53395
1.53508
1.53621
1.53733
1.53846
1.53959
1.54072
1.54185
1.54298
1.54411
1.54524
1.54637
1.54751
1.54864
1.54977
1.55091
1.55204
1.55318
1.55432
1.55546
1.5566
1.55774
1.55888
1.56002
1.56116
1.5623
1.56345
1.56459
1.56574
1.56688
1.56803
1.56918
1.57033
1.57148
1.57263
1.57378
1.57493
1.57609
1.57724
1.5784
1.57955
1.58071
1.58187
1.58303
1.58419
1.58535
1.58652
1.58768
1.58885
1.59001
1.59118
1.59235
1.59352
1.59469
1.59586
1.59703
1.59821
1.59938
1.60056
1.60174
1.60292
1.6041
1.60528
1.60646
1.60765
1.60883
1.61002
1.61121
1.6124
1.61359
1.61478
1.61598
1.61717
1.61837
1.61957
1.62077
1.62197
1.62317
1.62437
1.62558
1.62679
1.62799
1.62921
1.63042
1.63163
1.63284
1.63406
1.63528
1.6365
1.63772
1.63894
1.64017
1.64139
1.64262
1.64385
1.64508
1.64631
1.64754
1.64878
1.65002
1.65126
1.6525
1.65374
1.65498
1.65623
1.65747
1.65872
1.65997
1.66122
1.66248
1.66373
1.66499
1.66624
1.6675
1.66876
1.67003
1.67129
1.67256
1.67382
1.67509
1.67636
1.67763
1.67891
1.68018
1.68146
1.68274
1.68401
1.68528
1.68655
1.68781
1.68907
1.69032
1.69157
1.69282
1.69407
1.69533
1.69658
1.69784
1.69909
1.70035
1.70162
1.70288
1.70414
1.70541
1.70668
1.70795
1.70922
1.71049
1.71177
1.71304
1.71432
1.7156
1.71688
1.71817
1.71945
1.72074
1.72202
1.72331
1.7246
1.72589
1.72719
1.72848
1.72978
1.73108
1.73238
1.73368
1.73498
1.73628
1.73759
1.73889
1.7402
1.74151
1.74282
1.74413
1.74545
1.74676
1.74808
1.7494
1.75072
1.75204
1.75336
1.75468
1.75601
1.75734
1.75867
1.75999
1.76132
1.76266
1.76399
1.76532
1.76666
1.76799
1.76933
1.77067
1.77201
1.77335
1.7747
1.77605
1.77739
1.77874
1.7801
1.78145
1.78281
1.78417
1.78553
1.78689
1.78825
1.78962
1.79098
1.79235
1.79372
1.79508
1.79645
1.79782
1.79918
1.80055
1.80192
1.80329
1.80466
1.80603
1.80741
1.80878
1.81016
1.81153
1.81291
1.81429
1.81567
1.81705
1.81844
1.81982
1.82121
1.8226
1.82398
1.82537
1.82676
1.82816
1.82955
1.83094
1.83234
1.83373
1.83513
1.83653
1.83792
1.83932
1.84072
1.84212
1.84352
1.84492
1.84632
1.84772
1.84912
1.85052
1.85192
1.85332
1.85472
1.85611
1.85751
1.8589
1.8603
1.86169
1.86308
1.86447
1.86586
1.86725
1.86863
1.87002
1.8714
1.87278
1.87417
1.87555
1.87693
1.8783
1.87968
1.88106
1.88243
1.8838
1.88517
1.88655
1.88792
1.88928
1.89065
1.89202
1.89338
1.89475
1.89611
1.89747
1.89883
1.90019
1.90155
1.90291
1.90426
1.90562
1.90697
1.90833
1.90968
1.91103
1.91237
1.91372
1.91507
1.91641
1.91775
1.91909
1.92043
1.92177
1.9231
1.92444
1.92577
1.9271
1.92843
1.92976
1.93109
1.93241
1.93373
1.93505
1.93637
1.93769
1.93901
1.94032
1.94164
1.94295
1.94426
1.94557
1.94687
1.94818
1.94948
1.95079
1.95209
1.95339
1.95469
1.95598
1.95728
1.95857
1.95986
1.96115
1.96244
1.96373
1.96502
1.96631
1.96759
1.96887
1.97015
1.97143
1.97271
1.97399
1.97527
1.97654
1.97781
1.97909
1.98036
1.98163
1.9829
1.98416
1.98543
1.98669
1.98796
1.98922
1.99048
1.99174
1.993
1.99426
1.99552
1.99677
1.99803
1.99928
2.00054
2.00179
2.00304
2.00429
2.00554
2.00679
2.00804
2.00929
2.01054
2.01178
2.01303
2.01428
2.01552
2.01677
2.01801
2.01926
2.0205
2.02175
2.02299
2.02424
2.02548
2.02673
2.02797
2.02921
2.03046
2.0317
2.03295
2.03419
2.03544
2.03668
2.03792
2.03917
2.04041
2.04166
2.04291
2.04415
2.0454
2.04664
2.04789
2.04914
2.05039
2.05163
2.05288
2.05413
2.05538
2.05663
2.05788
2.05913
2.06038
2.06163
2.06288
2.06414
2.06539
2.06664
2.0679
2.06915
2.07041
2.07166
2.07292
2.07418
2.07543
2.07669
2.07795
2.07921
2.08047
2.08173
2.08299
2.08425
2.08552
2.08678
2.08804
2.0893
2.09056
2.09182
2.09309
2.09435
2.09561
2.09687
2.09813
2.09939
2.10065
2.10191
2.10318
2.10444
2.1057
2.10696
2.10822
2.10949
2.11075
2.11202
2.11328
2.11455
2.11581
2.11708
2.11834
2.11961
2.12088
2.12215
2.12342
2.12469
2.12596
2.12724
2.12851
2.12978
2.13106
2.13233
2.13361
2.13489
2.13617
2.13744
2.13872
2.14
2.14129
2.14257
2.14385
2.14514
2.14642
2.14771
2.149
2.15028
2.15157
2.15286
2.15416
2.15545
2.15674
2.15804
2.15933
2.16063
2.16192
2.16322
2.16452
2.16582
2.16712
2.16843
2.16973
2.17104
2.17234
2.17365
2.17496
2.17627
2.17758
2.17889
2.1802
2.18151
2.18283
2.18415
2.18546
2.18678
2.1881
2.18942
2.19074
2.19207
2.19339
2.19472
2.19605
2.19737
2.1987
2.20004
2.20137
2.2027
2.20404
2.20537
2.20671
2.20805
2.20939
2.21073
2.21208
2.21342
2.21477
2.21612
2.21747
2.21882
2.22017
2.22152
2.22288
2.22423
2.22559
2.22695
2.22831
2.22968
2.23104
2.23241
2.23377
2.23514
2.23651
2.23788
2.23926
2.24063
2.24201
2.24338
2.24476
2.24614
2.24752
2.24891
2.25029
2.25168
2.25307
2.25446
2.25585
2.25724
2.25863
2.26003
2.26143
2.26283
2.26423
2.26563
2.26703
2.26843
2.26984
2.27125
2.27265
2.27406
2.27547
2.27687
2.27827
2.27966
2.28105
2.28244
2.28382
2.28521
2.28659
2.28798
2.28936
2.29075
2.29214
2.29353
2.29493
2.29632
2.29772
2.29912
2.30052
2.30192
2.30333
2.30473
2.30614
2.30755
2.30896
2.31037
2.31179
2.3132
2.31462
2.31604
2.31746
2.31888
2.3203
2.32172
2.32315
2.32458
2.32601
2.32744
2.32887
2.3303
2.33173
2.33317
2.33461
2.33605
2.33749
2.33893
2.34037
2.34182
2.34326
2.34471
2.34616
2.34761
2.34906
2.35052
2.35197
2.35343
2.35489
2.35635
2.35781
2.35927
2.36074
2.3622
2.36367
2.36514
2.36661
2.36809
2.36956
2.37104
2.37252
2.374
2.37548
2.37697
2.37846
2.37994
2.38143
2.38293
2.38442
2.38592
2.38741
2.38891
2.39041
2.39192
2.39342
2.39493
2.39644
2.39795
2.39946
2.40098
2.40249
2.40401
2.40552
2.40704
2.40856
2.41008
2.4116
2.41312
2.41464
2.41616
2.41768
2.4192
2.42072
2.42225
2.42377
2.4253
2.42683
2.42836
2.42989
2.43142
2.43295
2.43448
2.43601
2.43754
2.43907
2.44059
2.44212
2.44364
2.44516
2.44668
2.4482
2.44972
2.45124
2.45276
2.45428
2.45579
2.45731
2.45883
2.46035
2.46187
2.46339
2.46491
2.46643
2.46795
2.46947
2.47099
2.47251
2.47403
2.47555
2.47707
2.47859
2.48011
2.48163
2.48315
2.48467
2.48619
2.48771
2.48922
2.49074
2.49225
2.49376
2.49527
2.49678
2.49828
2.49978
2.50128
2.50278
2.50427
2.50576
2.50725
2.50874
2.51022
2.5117
2.51318
2.51466
2.51613
2.5176
2.51906
2.52053
2.52199
2.52345
2.52491
2.52636
2.52781
2.52926
2.53071
2.53216
2.5336
2.53504
2.53649
2.53792
2.53936
2.5408
2.54223
2.54366
2.5451
2.54653
2.54795
2.54938
2.55081
2.55223
2.55365
2.55507
2.55649
2.55791
2.55933
2.56074
2.56216
2.56357
2.56498
2.56639
2.5678
2.5692
2.57061
2.57201
2.57341
2.57481
2.57621
2.5776
2.579
2.58039
2.58178
2.58317
2.58456
2.58595
2.58733
2.58872
2.5901
2.59148
2.59286
2.59424
2.59562
2.59699
2.59837
2.59974
2.60111
2.60248
2.60385
2.60522
2.60658
2.60795
2.60931
2.61067
2.61204
2.6134
2.61476
2.61611
2.61747
2.61883
2.62018
2.62154
2.62289
2.62424
2.6256
2.62695
2.6283
2.62965
2.631
2.63234
2.63369
2.63504
2.63638
2.63773
2.63908
2.64042
2.64176
2.64311
2.64445
2.64579
2.64714
2.64848
2.64982
2.65116
2.65251
2.65385
2.65519
2.65653
2.65787
2.65922
2.66056
2.6619
2.66324
2.66458
2.66592
2.66727
2.66861
2.66995
2.67129
2.67263
2.67398
2.67532
2.67666
2.67801
2.67935
2.68069
2.68204
2.68338
2.68473
2.68607
2.68742
2.68876
2.69011
2.69146
2.69281
2.69415
2.6955
2.69685
2.6982
2.69955
2.7009
2.70225
2.7036
2.70495
2.7063
2.70766
2.70901
2.71036
2.71172
2.71307
2.71443
2.71578
2.71714
2.71849
2.71985
2.72121
2.72257
2.72393
2.72529
2.72665
2.72801
2.72937
2.73073
2.73209
2.73345
2.73482
2.73618
2.73754
2.73891
2.74027
2.74164
2.74301
2.74437
2.74574
2.74711
2.74848
2.74985
2.75122
2.75259
2.75396
2.75533
2.7567
2.75808
2.75945
2.76082
2.7622
2.76357
2.76495
2.76633
2.7677
2.76908
2.77045
2.77183
2.7732
2.77458
2.77595
2.77732
2.7787
2.78007
2.78144
2.78281
2.78418
2.78555
2.78692
2.78829
2.78967
2.79104
2.79241
2.79378
2.79515
2.79653
2.7979
2.79927
2.80065
2.80202
2.8034
2.80478
2.80615
2.80753
2.80891
2.81029
2.81167
2.81305
2.81444
2.81582
2.8172
2.81859
2.81998
2.82136
2.82275
2.82414
2.82553
2.82692
2.82831
2.8297
2.8311
2.83249
2.83389
2.83528
2.83668
2.83808
2.83948
2.84088
2.84228
2.84368
2.84508
2.84648
2.84789
2.84929
2.8507
2.85211
2.85352
2.85492
2.85634
2.85775
2.85916
2.86057
2.86199
2.86341
2.86482
2.86624
2.86766
2.86908
2.8705
2.87193
2.87335
2.87478
2.87621
2.87763
2.87906
2.88049
2.88193
2.88336
2.8848
2.88623
2.88767
2.88911
2.89055
2.89199
2.89344
2.89488
2.89633
2.89777
2.89922
2.90067
2.90212
2.90358
2.90503
2.90649
2.90795
2.9094
2.91087
2.91233
2.91379
2.91525
2.91672
2.91819
2.91966
2.92113
2.9226
2.92407
2.92555
2.92702
2.9285
2.92998
2.93146
2.93294
2.93442
2.93591
2.93739
2.93886
2.94033
2.9418
2.94326
2.94472
2.94618
2.94764
2.9491
2.95056
2.95202
2.95348
2.95495
2.95641
2.95788
2.95935
2.96082
2.9623
2.96377
2.96525
2.96673
2.96821
2.96969
2.97117
2.97266
2.97415
2.97564
2.97713
2.97862
2.98011
2.98161
2.9831
2.9846
2.9861
2.9876
2.9891
2.99061
2.99211
2.99362
2.99513
2.99664
2.99815
2.99966
3.00118
3.00269
3.00421
3.00573
3.00725
3.00877
3.0103
3.01182
3.01335
3.01488
3.01641
3.01794
3.01947
3.02101
3.02255
3.02408
3.02562
3.02717
3.02871
3.03026
3.0318
3.03335
3.0349
3.03646
3.03801
3.03957
3.04113
3.04269
3.04425
3.04582
3.04738
3.04895
3.05052
3.0521
3.05367
3.05525
3.05683
3.05841
3.05999
3.06157
3.06315
3.06473
3.06631
3.06789
3.06948
3.07106
3.07264
3.07423
3.07582
3.07741
3.079
3.08059
3.08218
3.08378
3.08538
3.08698
3.08857
3.09017
3.09177
3.09337
3.09497
3.09656
3.09816
3.09975
3.10135
3.10294
3.10452
3.10611
3.1077
3.10929
3.11088
3.11246
3.11405
3.11564
3.11722
3.11881
3.1204
3.12198
3.12357
3.12516
3.12675
3.12834
3.12993
3.13152
3.13311
3.1347
3.13629
3.13788
3.13948
3.14107
3.14266
3.14425
3.14584
3.14743
3.14902
3.1506
3.15219
3.15377
3.15535
3.15693
3.15851
3.16008
3.16165
3.16322
3.16479
3.16635
3.16791
3.16947
3.17102
3.17258
3.17413
3.17567
3.17722
3.17876
3.1803
3.18183
3.18336
3.18489
3.18642
3.18795
3.18947
3.19099
3.19251
3.19403
3.19555
3.19706
3.19857
3.20008
3.20159
3.2031
3.20461
3.20611
3.20762
3.20912
3.21062
3.21212
3.21362
3.21511
3.21661
3.2181
3.21959
3.22108
3.22257
3.22406
3.22555
3.22703
3.22852
3.23
3.23148
3.23296
3.23443
3.23591
3.23738
3.23886
3.24033
3.2418
3.24326
3.24473
3.2462
3.24766
3.24912
3.25058
3.25204
3.2535
3.25495
3.25641
3.25786
3.25931
3.26076
3.26221
3.26366
3.2651
3.26655
3.26799
3.26944
3.27088
3.27232
3.27376
3.2752
3.27663
3.27807
3.2795
3.28094
3.28237
3.2838
3.28523
3.28666
3.28809
3.28951
3.29094
3.29237
3.29379
3.29521
3.29664
3.29806
3.29948
3.3009
3.30232
3.30374
3.30516
3.30657
3.30799
3.30941
3.31082
3.31224
3.31365
3.31507
3.31648
3.3179
3.31931
3.32072
3.32214
3.32355
3.32496
3.32638
3.32779
3.3292
3.33061
3.33202
3.33344
3.33485
3.33626
3.33767
3.33908
3.3405
3.34191
3.34332
3.34473
3.34615
3.34756
3.34897
3.35039
3.3518
3.35321
3.35463
3.35604
3.35746
3.35887
3.36029
3.3617
3.36312
3.36453
3.36595
3.36737
3.36878
3.3702
3.37162
3.37304
3.37446
3.37588
3.3773
3.37872
3.38014
3.38156
3.38298
3.3844
3.38583
3.38725
3.38867
3.3901
3.39152
3.39295
3.39437
3.3958
3.39723
3.39865
3.40008
3.40151
3.40294
3.40437
3.4058
3.40723
3.40866
3.41009
3.41152
3.41295
3.41438
3.41582
3.41725
3.41869
3.42012
3.42156
3.42299
3.42443
3.42587
3.4273
3.42874
3.43018
3.43162
3.43306
3.4345
3.43594
3.43738
3.43882
3.44027
3.44171
3.44315
3.44459
3.44603
3.44746
3.4489
3.45034
3.45177
3.4532
3.45464
3.45607
3.4575
3.45893
3.46036
3.46179
3.46322
3.46466
3.46609
3.46752
3.46895
3.47039
3.47182
3.47325
3.47469
3.47612
3.47756
3.479
3.48043
3.48187
3.48331
3.48475
3.48619
3.48763
3.48908
3.49052
3.49196
3.49341
3.49485
3.4963
3.49775
3.4992
3.50064
3.50209
3.50355
3.505
3.50645
3.5079
3.50936
3.51081
3.51227
3.51372
3.51518
3.51664
3.5181
3.51956
3.52102
3.52248
3.52394
3.52541
3.52687
3.52834
3.52981
3.53127
3.53274
3.53421
3.53568
3.53716
3.53863
3.5401
3.54158
3.54306
3.54453
3.54601
3.54749
3.54897
3.55046
3.55194
3.55342
3.55491
3.5564
3.55789
3.55938
3.56087
3.56236
3.56385
3.56535
3.56685
3.56834
3.56984
3.57134
3.57284
3.57435
3.57585
3.57736
3.57886
3.58037
3.58188
3.58339
3.58491
3.58642
3.58794
3.58945
3.59097
3.59249
3.59401
3.59553
3.59705
3.59858
3.60011
3.60163
3.60316
3.60469
3.60622
3.60776
3.60929
3.61083
3.61236
3.6139
3.61544
3.61697
3.6185
3.62003
3.62155
3.62306
3.62457
3.62609
3.6276
3.62911
3.63063
3.63215
3.63366
3.63518
3.6367
3.63823
3.63975
3.64128
3.64281
3.64433
3.64587
3.6474
3.64893
3.65047
3.65201
3.65355
3.65509
3.65663
3.65818
3.65973
3.66128
3.66283
3.66438
3.66594
3.6675
3.66906
3.67062
3.67218
3.67375
3.67531
3.67688
3.67845
3.68002
3.68159
3.68317
3.68475
3.68632
3.6879
3.68948
3.69107
3.69265
3.69424
3.69583
3.69742
3.69901
3.7006
3.70219
3.70379
3.70539
3.70699
3.70859
3.7102
3.7118
3.71341
3.71502
3.71663
3.71825
3.71986
3.72148
3.7231
3.72472
3.72635
3.72797
3.7296
3.73123
3.73286
3.7345
3.73613
3.73777
3.73941
3.74105
3.7427
3.74434
3.74599
3.74763
3.74928
3.75093
3.75257
3.75422
3.75587
3.75752
3.75917
3.76082
3.76247
3.76412
3.76578
3.76744
3.76909
3.77076
3.77242
3.77408
3.77574
3.7774
3.77906
3.78073
3.78239
3.78404
3.7857
3.78736
3.78901
3.79066
3.79231
3.79396
3.7956
3.79725
3.79889
3.80054
3.80218
3.80383
3.80547
3.80712
3.80876
3.81041
3.81206
3.8137
3.81535
3.81699
3.81864
3.82028
3.82193
3.82357
3.82522
3.82686
3.8285
3.83014
3.83178
3.83342
3.83506
3.8367
3.83833
3.83996
3.8416
3.84323
3.84485
3.84648
3.84811
3.84973
3.85135
3.85297
3.85458
3.85619
3.8578
3.8594
3.861
3.86259
3.86418
3.86577
3.86735
3.86893
3.87051
3.87208
3.87365
3.87522
3.87678
3.87834
3.8799
3.88146
3.88301
3.88456
3.88611
3.88766
3.88921
3.89075
3.8923
3.89384
3.89538
3.89692
3.89846
3.9
3.90154
3.90307
3.90461
3.90614
3.90767
3.9092
3.91073
3.91226
3.91378
3.9153
3.91683
3.91835
3.91986
3.92138
3.92289
3.92441
3.92592
3.92743
3.92893
3.93044
3.93194
3.93344
3.93494
3.93644
3.93794
3.93943
3.94093
3.94242
3.94391
3.9454
3.94689
3.94837
3.94986
3.95134
3.95282
3.95431
3.95579
3.95726
3.95874
3.96022
3.96169
3.96316
3.96464
3.96611
3.96757
3.96904
3.97051
3.97198
3.97344
3.9749
3.97637
3.97783
3.97929
3.98075
3.98221
3.98366
3.98512
3.98658
3.98803
3.98949
3.99094
3.99239
3.99384
3.9953
3.99675
3.9982
3.99965
4.0011
4.00254
4.00399
4.00544
4.00689
4.00833
4.00978
4.01123
4.01267
4.01412
4.01556
4.01701
4.01845
4.0199
4.02135
4.02279
4.02424
4.02568
4.02713
4.02857
4.03002
4.03146
4.03291
4.03436
4.03581
4.03725
4.0387
4.04015
4.0416
4.04305
4.0445
4.04595
4.0474
4.04886
4.05031
4.05177
4.05322
4.05468
4.05614
4.0576
4.05905
4.06052
4.06198
4.06344
4.06491
4.06637
4.06784
4.06931
4.07077
4.07225
4.07372
4.07519
4.07667
4.07814
4.07962
4.0811
4.08258
4.08406
4.08555
4.08703
4.08852
4.09001
4.0915
4.09299
4.09448
4.09598
4.09747
4.09897
4.10047
4.10198
4.10348
4.10498
4.10649
4.108
4.10951
4.11102
4.11253
4.11405
4.11557
4.11708
4.1186
4.12012
4.12165
4.12317
4.12469
4.12622
4.12775
4.12927
4.1308
4.13234
4.13387
4.1354
4.13693
4.13847
4.14001
4.14154
4.14308
4.14462
4.14616
4.1477
4.14924
4.15079
4.15233
4.15387
4.15542
4.15696
4.15851
4.16005
4.1616
4.16315
4.16469
4.16623
4.16777
4.16929
4.17081
4.17233
4.17384
4.17534
4.17684
4.17834
4.17984
4.18134
4.18284
4.18433
4.18583
4.18732
4.18881
4.1903
4.1918
4.19329
4.19478
4.19627
4.19776
4.19925
4.20073
4.20222
4.20371
4.2052
4.20668
4.20817
4.20966
4.21114
4.21263
4.21411
4.2156
4.21709
4.21857
4.22006
4.22155
4.22304
4.22452
4.22601
4.2275
4.22899
4.23048
4.23197
4.23346
4.23495
4.23644
4.23794
4.23943
4.24092
4.24241
4.2439
4.2454
4.24689
4.24838
4.24988
4.25137
4.25286
4.25436
4.25585
4.25735
4.25884
4.26034
4.26183
4.26333
4.26483
4.26632
4.26782
4.26932
4.27081
4.27231
4.27381
4.27531
4.2768
4.2783
4.2798
4.2813
4.2828
4.2843
4.2858
4.2873
4.2888
4.2903
4.2918
4.2933
4.2948
4.2963
4.29781
4.29931
4.30081
4.30232
4.30382
4.30532
4.30683
4.30833
4.30984
4.31134
4.31285
4.31436
4.31587
4.31737
4.31888
4.32039
4.3219
4.32341
4.32492
4.32643
4.32795
4.32946
4.33097
4.33249
4.334
4.33552
4.33703
4.33855
4.34007
4.34158
4.3431
4.34462
4.34614
4.34766
4.34918
4.3507
4.35222
4.35374
4.35527
4.35679
4.35831
4.35984
4.36136
4.36289
4.36441
4.36594
4.36746
4.36899
4.37052
4.37205
4.37357
4.3751
4.37663
4.37816
4.37969
4.38122
4.38274
4.38427
4.3858
4.38732
4.38885
4.39037
4.3919
4.39342
4.39495
4.39648
4.398
4.39953
4.40106
4.40259
4.40412
4.40565
4.40718
4.40872
4.41025
4.41179
4.41332
4.41486
4.4164
4.41794
4.41948
4.42102
4.42256
4.4241
4.42565
4.42719
4.42874
4.43029
4.43184
4.43339
4.43494
4.43649
4.43805
4.4396
4.44116
4.44272
4.44428
4.44584
4.44741
4.44897
4.45054
4.45211
4.45368
4.45525
4.45682
4.4584
4.45998
4.46156
4.46314
4.46472
4.46631
4.4679
4.46949
4.47108
4.47268
4.47428
4.47588
4.47748
4.47908
4.48069
4.4823
4.48392
4.48553
4.48715
4.48877
4.4904
4.49202
4.49365
4.49529
4.49692
4.49856
4.5002
4.50185
4.5035
4.50515
4.5068
4.50846
4.51012
4.51178
4.51345
4.51512
4.51679
4.51847
4.52015
4.52183
4.52352
4.52521
4.52691
4.5286
4.5303
4.53199
4.53368
4.53536
4.53704
4.53872
4.54039
4.54206
4.54373
4.54539
4.54704
4.54869
4.55034
4.55199
4.55363
4.55528
4.55692
4.55856
4.56021
4.56186
4.5635
4.56515
4.56681
4.56846
4.57012
4.57178
4.57344
4.5751
4.57676
4.57842
4.58009
4.58175
4.58342
4.58509
4.58675
4.58842
4.59008
4.59175
4.59341
4.59507
4.59674
4.5984
4.60006
4.60172
4.60337
4.60503
4.60668
4.60834
4.60999
4.61164
4.61328
4.61493
4.61658
4.61822
4.61986
4.6215
4.62314
4.62477
4.6264
4.62803
4.62965
4.63126
4.63287
4.63448
4.63608
4.63768
4.63928
4.64087
4.64245
4.64404
4.64562
4.64719
4.64877
4.65034
4.6519
4.65347
4.65503
4.65659
4.65814
4.65969
4.66124
4.66279
4.66433
4.66587
4.66741
4.66894
4.67047
4.672
4.67352
4.67504
4.67656
4.67807
4.67957
4.68108
4.68257
4.68407
4.68556
4.68705
4.68854
4.69002
4.6915
4.69298
4.69446
4.69593
4.6974
4.69887
4.70034
4.7018
4.70326
4.70472
4.70618
4.70763
4.70908
4.71053
4.71198
4.71342
4.71487
4.71631
4.71774
4.71918
4.72061
4.72204
4.72346
4.72489
4.72631
4.72773
4.72914
4.73055
4.73196
4.73337
4.73477
4.73618
4.73757
4.73897
4.74036
4.74175
4.74314
4.74453
4.74591
4.74729
4.74867
4.75004
4.75141
4.75278
4.75415
4.75551
4.75688
4.75823
4.75959
4.76095
4.7623
4.76365
4.76499
4.76634
4.76768
4.76902
4.77036
4.77169
4.77303
4.77436
4.77568
4.77701
4.77833
4.77966
4.78097
4.78229
4.7836
4.78492
4.78623
4.78753
4.78884
4.79014
4.79144
4.79274
4.79404
4.79534
4.79663
4.79792
4.79921
4.80049
4.80178
4.80306
4.80434
4.80562
4.8069
4.80817
4.80945
4.81072
4.81199
4.81325
4.81452
4.81578
4.81705
4.81831
4.81957
4.82082
4.82208
4.82333
4.82458
4.82583
4.82708
4.82833
4.82957
4.83082
4.83206
4.8333
4.83454
4.83578
4.83702
4.83825
4.83949
4.84072
4.84195
4.84318
4.84441
4.84564
4.84687
4.84809
4.84932
4.85054
4.85176
4.85298
4.8542
4.85542
4.85664
4.85786
4.85907
4.86029
4.8615
4.86271
4.86393
4.86514
4.86635
4.86756
4.86877
4.86997
4.87118
4.87239
4.87359
4.8748
4.87601
4.87721
4.87842
4.87962
4.88082
4.88203
4.88323
4.88443
4.88563
4.88684
4.88804
4.88924
4.89044
4.89164
4.89285
4.89405
4.89525
4.89645
4.89766
4.89886
4.90006
4.90126
4.90247
4.90367
4.90487
4.90608
4.90728
4.90849
4.90969
4.9109
4.91211
4.91331
4.91452
4.91573
4.91693
4.91814
4.91935
4.92056
4.92177
4.92297
4.92418
4.92539
4.9266
4.92781
4.92902
4.93023
4.93144
4.93265
4.93386
4.93507
4.93628
4.93748
4.93869
4.93989
4.94108
4.94227
4.94345
4.94462
4.94579
4.94696
4.94813
4.94929
4.95046
4.95162
4.95278
4.95395
4.95511
4.95627
4.95743
4.95859
4.95975
4.96091
4.96207
4.96323
4.96439
4.96555
4.96671
4.96786
4.96902
4.97018
4.97133
4.97249
4.97364
4.9748
4.97595
4.97711
4.97826
4.97941
4.98056
4.98171
4.98286
4.98401
4.98516
4.98631
4.98746
4.98861
4.98976
4.9909
4.99205
4.9932
4.99434
4.99549
4.99664
4.99778
4.99893
5.00007
5.00122
5.00237
5.00351
5.00466
5.0058
5.00695
5.00809
5.00924
5.01038
5.01153
5.01267
5.01381
5.01496
5.0161
5.01725
5.01839
5.01953
5.02068
5.02182
5.02296
5.02411
5.02525
5.02639
5.02754
5.02868
5.02981
5.03095
5.03208
5.03321
5.03434
5.03547
5.0366
5.03772
5.03885
5.03997
5.0411
5.04222
5.04335
5.04447
5.0456
5.04672
5.04785
5.04898
5.0501
5.05123
5.05235
5.05348
5.05461
5.05574
5.05686
5.05799
5.05912
5.06024
5.06137
5.0625
5.06363
5.06475
5.06588
5.06701
5.06813
5.06926
5.07039
5.07152
5.07265
5.07377
5.0749
5.07603
5.07716
5.07829
5.07942
5.08055
5.08168
5.08281
5.08394
5.08507
5.0862
5.08734
5.08847
5.0896
5.09074
5.09187
5.09301
5.09414
5.09528
5.09642
5.09756
5.09869
5.09983
5.10097
5.10211
5.10326
5.1044
5.10554
5.10669
5.10783
5.10898
5.11012
5.11127
5.11242
5.11357
5.11472
5.11588
5.11703
5.11818
5.11934
5.1205
5.12166
5.12282
5.12398
5.12514
5.1263
5.12747
5.12863
5.1298
5.13097
5.13214
5.13331
5.13448
5.13566
5.13683
5.13801
5.13919
5.14037
5.14155
5.14274
5.14392
5.14511
5.1463
5.14749
5.14868
5.14987
5.15107
5.15227
5.15346
5.15466
5.15587
5.15707
5.15828
5.15948
5.16069
5.1619
5.16312
5.16433
5.16555
5.16676
5.16798
5.16921
5.17043
5.17166
5.17288
5.17411
5.17534
5.17658
5.17781
5.17905
5.18029
5.18153
5.18278
5.18402
5.18527
5.18652
5.18777
5.18902
5.19028
5.19154
5.1928
5.19406
5.19532
5.19658
5.19785
5.19912
5.20039
5.20166
5.20294
5.20422
5.2055
5.20678
5.20806
5.20935
5.21064
5.21193
5.21322
5.21451
5.21581
5.21711
5.21841
5.21971
5.22102
5.22232
5.22363
5.22494
5.22626
5.22757
5.22889
5.23021
5.23153
5.23285
5.23418
5.2355
5.23683
5.23816
5.2395
5.24083
5.24217
5.24351
5.24486
5.2462
5.24755
5.2489
5.25025
5.2516
5.25296
5.25431
5.25567
5.25703
5.2584
5.25976
5.26113
5.2625
5.26387
5.26524
5.26662
5.268
5.26938
5.27076
5.27214
5.27353
5.27492
5.27631
5.2777
5.27909
5.28049
5.28189
5.28329
5.28469
5.2861
5.2875
5.28891
5.29032
5.29174
5.29315
5.29457
5.29598
5.2974
5.29883
5.30025
5.30168
5.30311
5.30453
5.30597
5.3074
5.30884
5.31027
5.31171
5.31316
5.3146
5.31604
5.31749
5.31894
5.32039
5.32185
5.3233
5.32476
5.32622
5.32768
5.32914
5.3306
5.33207
5.33354
5.335
5.33648
5.33795
5.33942
5.3409
5.34238
5.34386
5.34534
5.34683
5.34831
5.3498
5.35129
5.35278
5.35427
5.35577
5.35726
5.35876
5.36026
5.36176
5.36327
5.36477
5.36628
5.36779
5.3693
5.37081
5.37232
5.37383
5.37534
5.37685
5.37835
5.37985
5.38135
5.38284
5.38433
5.38582
5.38731
5.38879
5.39027
5.39175
5.39322
5.39469
5.39616
5.39762
5.39909
5.40055
5.402
5.40346
5.40492
5.40637
5.40782
5.40927
5.41072
5.41217
5.41362
5.41507
5.41651
5.41796
5.4194
5.42084
5.42228
5.42372
5.42516
5.4266
5.42803
5.42946
5.43089
5.43232
5.43374
5.43516
5.43658
5.438
5.43941
5.44082
5.44223
5.44364
5.44504
5.44644
5.44783
5.44922
5.45061
5.45199
5.45337
5.45474
5.45611
5.45748
5.45884
5.4602
5.46155
5.4629
5.46425
5.46559
5.46692
5.46826
5.46959
5.47091
5.47223
5.47355
5.47486
5.47617
5.47748
5.47878
5.48008
5.48138
5.48267
5.48396
5.48524
5.48652
5.4878
5.48908
5.49035
5.49162
5.49288
5.49414
5.4954
5.49665
5.4979
5.49915
5.5004
5.50164
5.50288
5.50412
5.50535
5.50658
5.50781
5.50903
5.51025
5.51147
5.51269
5.5139
5.51511
5.51631
5.51752
5.51872
5.51992
5.52111
5.5223
5.52349
5.52468
5.52586
5.52704
5.52822
5.5294
5.53057
5.53174
5.53291
5.53408
5.53524
5.5364
5.53756
5.53871
5.53986
5.54101
5.54216
5.54331
5.54445
5.54559
5.54673
5.54786
5.549
5.55013
5.55126
5.55238
5.55351
5.55463
5.55575
5.55686
5.55797
5.55908
5.56019
5.56129
5.56239
5.56349
5.56459
5.56568
5.56678
5.56786
5.56895
5.57003
5.57112
5.5722
5.57327
5.57435
5.57543
5.5765
5.57757
5.57864
5.57971
5.58078
5.58184
5.58291
5.58397
5.58504
5.5861
5.58716
5.58822
5.58929
5.59035
5.59141
5.59247
5.59353
5.59459
5.59565
5.59671
5.59778
5.59884
5.5999
5.60096
5.60202
5.60308
5.60415
5.60521
5.60627
5.60733
5.6084
5.60946
5.61052
5.61159
5.61265
5.61372
5.61478
5.61585
5.61691
5.61798
5.61904
5.62011
5.62117
5.62224
5.62331
5.62437
5.62544
5.6265
5.62757
5.62864
5.6297
5.63077
5.63183
5.6329
5.63396
5.63503
5.63609
5.63715
5.63822
5.63928
5.64034
5.64141
5.64247
5.64353
5.6446
5.64566
5.64672
5.64779
5.64885
5.64991
5.65098
5.65204
5.65311
5.65417
5.65524
5.6563
5.65737
5.65843
5.6595
5.66056
5.66163
5.6627
5.66377
5.66483
5.6659
5.66697
5.66804
5.66911
5.67018
5.67125
5.67232
5.67339
5.67447
5.67554
5.67661
5.67769
5.67876
5.67984
5.68091
5.68199
5.68306
5.68414
5.68522
5.6863
5.68737
5.68845
5.68953
5.69061
5.69169
5.69277
5.69385
5.69493
5.69601
5.6971
5.69818
5.69926
5.70035
5.70143
5.70251
5.7036
5.70468
5.70577
5.70685
5.70794
5.70903
5.71011
5.7112
5.71229
5.71338
5.71446
5.71555
5.71664
5.71773
5.71882
5.71991
5.721
5.72209
5.72318
5.72428
5.72537
5.72646
5.72755
5.72865
5.72974
5.73083
5.73193
5.73302
5.73412
5.73521
5.73631
5.73741
5.7385
5.7396
5.7407
5.74179
5.74289
5.74399
5.74509
5.74619
5.74729
5.74839
5.74949
5.75059
5.75169
5.75279
5.75389
5.755
5.7561
5.7572
5.75831
5.75941
5.76051
5.76162
5.76272
5.76383
5.76493
5.76604
5.76715
5.76825
5.76936
5.77047
5.77157
5.77268
5.77379
5.7749
5.77601
5.77712
5.77823
5.77934
5.78045
5.78156
5.78267
5.78378
5.78489
5.786
5.78711
5.78822
5.78933
5.79045
5.79156
5.79267
5.79378
5.7949
5.79601
5.79712
5.79824
5.79935
5.80047
5.80158
5.8027
5.80381
5.80493
5.80604
5.80716
5.80827
5.80939
5.81051
5.81162
5.81274
5.81385
5.81497
5.81609
5.8172
5.81832
5.81944
5.82055
5.82167
5.82279
5.8239
5.82502
5.82613
5.82725
5.82837
5.82948
5.8306
5.83172
5.83283
5.83395
5.83507
5.83618
5.8373
5.83842
5.83953
5.84065
5.84176
5.84287
5.84398
5.84509
5.84619
5.84729
5.84839
5.84949
5.85059
5.85169
5.85279
5.85389
5.85499
5.85609
5.85719
5.85829
5.85939
5.86049
5.86159
5.86269
5.86379
5.86489
5.86599
5.86709
5.86819
5.86929
5.87039
5.87149
5.87259
5.87369
5.87479
5.87589
5.87699
5.87809
5.87919
5.8803
5.8814
5.8825
5.8836
5.8847
5.88581
5.88691
5.88801
5.88911
5.89022
5.89132
5.89242
5.89353
5.89463
5.89574
5.89685
5.89795
5.89906
5.90017
5.90128
5.90239
5.9035
5.90461
5.90572
5.90683
5.90794
5.90905
5.91017
5.91128
5.9124
5.91351
5.91463
5.91575
5.91687
5.91799
5.91911
5.92023
5.92135
5.92248
5.9236
5.92473
5.92586
5.92699
5.92812
5.92925
5.93038
5.93152
5.93266
5.9338
5.93494
5.93608
5.93722
5.93836
5.93951
5.94066
5.9418
5.94295
5.94411
5.94526
5.94641
5.94757
5.94873
5.94989
5.95105
5.95221
5.95337
5.95454
5.95571
5.95687
5.95804
5.95922
5.96039
5.96157
5.96274
5.96392
5.9651
5.96628
5.96747
5.96865
5.96984
5.97103
5.97222
5.97341
5.9746
5.97579
5.97699
5.97819
5.97939
5.98059
5.98179
5.98299
5.9842
5.9854
5.98661
5.98782
5.98903
5.99024
5.99146
5.99267
5.99389
5.99511
5.99633
5.99755
5.99878
6
6.00123
6.00245
6.00368
6.00491
6.00615
6.00738
6.00861
6.00985
6.01109
6.01232
6.01356
6.01481
6.01605
6.01729
6.01854
6.01979
6.02104
6.02229
6.02354
6.02479
6.02605
6.0273
6.02856
6.02982
6.03108
6.03234
6.0336
6.03486
6.03613
6.0374
6.03866
6.03993
6.0412
6.04248
6.04375
6.04502
6.0463
6.04758
6.04886
6.05014
6.05142
6.0527
6.05399
6.05527
6.05656
6.05785
6.05914
6.06043
6.06172
6.06301
6.06431
6.06561
6.0669
6.0682
6.0695
6.07081
6.07211
6.07342
6.07472
6.07603
6.07734
6.07865
6.07996
6.08127
6.08259
6.0839
6.08522
6.08654
6.08786
6.08918
6.09051
6.09183
6.09316
6.09449
6.09581
6.09715
6.09848
6.09981
6.10115
6.10248
6.10382
6.10516
6.1065
6.10784
6.10919
6.11053
6.11188
6.11322
6.11456
6.11591
6.11724
6.11858
6.11992
6.12125
6.12258
6.12391
6.12523
6.12655
6.12787
6.12919
6.13051
6.13182
6.13313
6.13444
6.13575
6.13705
6.13836
6.13966
6.14096
6.14226
6.14356
6.14486
6.14615
6.14745
6.14874
6.15004
6.15133
6.15263
6.15392
6.15521
6.1565
6.15779
6.15908
6.16037
6.16166
6.16294
6.16423
6.16551
6.16679
6.16807
6.16935
6.17062
6.17189
6.17316
6.17443
6.1757
6.17696
6.17822
6.17948
6.18074
6.18199
6.18324
6.18449
6.18573
6.18697
6.18821
6.18944
6.19067
6.1919
6.19312
6.19435
6.19556
6.19678
6.19799
6.1992
6.2004
6.20161
6.20281
6.204
6.2052
6.20639
6.20757
6.20876
6.20994
6.21112
6.2123
6.21347
6.21464
6.21581
6.21697
6.21813
6.21929
6.22045
6.2216
6.22275
6.2239
6.22504
6.22619
6.22733
6.22846
6.2296
6.23073
6.23185
6.23298
6.2341
6.23522
6.23634
6.23745
6.23857
6.23968
6.24078
6.24189
6.24299
6.24409
6.24519
6.24628
6.24738
6.24847
6.24956
6.25065
6.25173
6.25282
6.2539
6.25498
6.25605
6.25713
6.2582
6.25927
6.26034
6.26141
6.26248
6.26354
6.2646
6.26566
6.26672
6.26777
6.26883
6.26988
6.27093
6.27198
6.27303
6.27407
6.27511
6.27616
6.27719
6.27823
6.27926
6.28029
6.28131
6.28234
6.28336
6.28439
6.28541
6.28643
6.28745
6.28847
6.28948
6.2905
6.29151
6.29252
6.29353
6.29454
6.29555
6.29656
6.29757
6.29857
6.29957
6.30058
6.30158
6.30258
6.30358
6.30458
6.30558
6.30657
6.30757
6.30857
6.30956
6.31056
6.31155
6.31255
6.31354
6.31454
6.31553
6.31652
6.31751
6.31851
6.3195
6.32049
6.32148
6.32247
6.32346
6.32445
6.32545
6.32644
6.32743
6.32842
6.32941
6.3304
6.33139
6.33238
6.33337
6.33436
6.33535
6.33635
6.33734
6.33833
6.33932
6.34031
6.34131
6.3423
6.34329
6.34429
6.34528
6.34627
6.34727
6.34826
6.34926
6.35026
6.35125
6.35225
6.35325
6.35425
6.35524
6.35624
6.35724
6.35824
6.35925
6.36025
6.36125
6.36225
6.36326
6.36426
6.36527
6.36627
6.36728
6.36829
6.36929
6.3703
6.37131
6.37232
6.37333
6.37434
6.37536
6.37637
6.37738
6.3784
6.37941
6.38043
6.38144
6.38246
6.38348
6.38449
6.38551
6.38653
6.38755
6.38857
6.38959
6.39061
6.39164
6.39266
6.39368
6.39471
6.39573
6.39676
6.39778
6.39881
6.39983
6.40086
6.40189
6.40292
6.40394
6.40497
6.406
6.40703
6.40806
6.40909
6.41012
6.41115
6.41218
6.4132
6.41422
6.41524
6.41626
6.41728
6.41829
6.4193
6.42031
6.42132
6.42232
6.42333
6.42433
6.42534
6.42634
6.42735
6.42835
6.42936
6.43036
6.43137
6.43237
6.43338
6.43439
6.4354
6.4364
6.43741
6.43842
6.43943
6.44045
6.44146
6.44247
6.44348
6.4445
6.44551
6.44652
6.44754
6.44855
6.44957
6.45059
6.4516
6.45262
6.45364
6.45466
6.45568
6.4567
6.45772
6.45874
6.45976
6.46079
6.46181
6.46283
6.46386
6.46488
6.46591
6.46693
6.46796
6.46899
6.47001
6.47104
6.47207
6.4731
6.47413
6.47516
6.47619
6.47722
6.47825
6.47929
6.48032
6.48135
6.48239
6.48342
6.48446
6.4855
6.48653
6.48757
6.48861
6.48965
6.49069
6.49173
6.49277
6.49381
6.49485
6.4959
6.49694
6.49798
6.49903
6.50007
6.50112
6.50216
6.50321
6.50426
6.50531
6.50635
6.5074
6.50845
6.5095
6.51055
6.51161
6.51266
6.51371
6.51476
6.51582
6.51687
6.51793
6.51898
6.52004
6.52109
6.52215
6.52321
6.52426
6.52532
6.52638
6.52744
6.5285
6.52957
6.53063
6.53169
6.53276
6.53383
6.53489
6.53596
6.53703
6.5381
6.53917
6.54025
6.54132
6.54239
6.54347
6.54454
6.54562
6.5467
6.54778
6.54886
6.54993
6.55101
6.5521
6.55318
6.55426
6.55534
6.55642
6.5575
6.55859
6.55967
6.56075
6.56183
6.56291
6.56399
6.56506
6.56613
6.5672
6.56827
6.56934
6.57041
6.57148
6.57255
6.57362
6.57469
6.57576
6.57683
6.5779
6.57897
6.58004
6.58112
6.58219
6.58326
6.58434
6.58541
6.58648
6.58756
6.58864
6.58971
6.59079
6.59186
6.59294
6.59402
6.5951
6.59618
6.59726
6.59834
6.59942
6.6005
6.60158
6.60267
6.60375
6.60483
6.60592
6.607
6.60809
6.60917
6.61026
6.61135
6.61244
6.61353
6.61462
6.61571
6.6168
6.61789
6.61899
6.62008
6.62118
6.62228
6.62337
6.62447
6.62557
6.62667
6.62778
6.62888
6.62998
6.63109
6.63219
6.6333
6.63441
6.63552
6.63663
6.63774
6.63886
6.63997
6.64109
6.64221
6.64333
6.64445
6.64557
6.6467
6.64782
6.64895
6.65008
6.65121
6.65234
6.65348
6.65462
6.65575
6.65689
6.65803
6.65918
6.66032
6.66147
6.66261
6.66376
6.66491
6.66607
6.66722
6.66838
6.66953
6.67069
6.67185
6.67302
6.67418
6.67535
6.67652
6.67769
6.67886
6.68003
6.68121
6.68238
6.68356
6.68474
6.68592
6.68711
6.68829
6.68948
6.69066
6.69185
6.69305
6.69424
6.69543
6.69663
6.69783
6.69903
6.70023
6.70143
6.70263
6.70384
6.70505
6.70626
6.70747
6.70868
6.70989
6.71111
6.71233
6.71355
6.71477
6.71599
6.71721
6.71844
6.71966
6.72089
6.72212
6.72335
6.72458
6.72582
6.72705
6.72829
6.72953
6.73077
6.73201
6.73325
6.7345
6.73574
6.73699
6.73824
6.73949
6.74074
6.74199
6.74325
6.74451
6.74576
6.74702
6.74828
6.74955
6.75081
6.75207
6.75334
6.75461
6.75588
6.75715
6.75842
6.75969
6.76097
6.76224
6.76352
6.7648
6.76608
6.76736
6.76865
6.76993
6.77122
6.77251
6.77379
6.77509
6.77638
6.77767
6.77897
6.78026
6.78156
6.78286
6.78416
6.78546
6.78677
6.78807
6.78938
6.79068
6.79199
6.7933
6.79462
6.79593
6.79725
6.79856
6.79988
6.8012
6.80252
6.80385
6.80517
6.80649
6.80781
6.80913
6.81045
6.81176
6.81308
6.81439
6.8157
6.817
6.81831
6.81961
6.82091
6.8222
6.8235
6.82479
6.82608
6.82737
6.82865
6.82993
6.83121
6.83249
6.83377
6.83505
6.83632
6.8376
6.83887
6.84014
6.84141
6.84268
6.84395
6.84522
6.84649
6.84776
6.84903
6.85029
6.85156
6.85283
6.85409
6.85535
6.85661
6.85787
6.85913
6.86038
6.86164
6.86289
6.86414
6.86539
6.86664
6.86788
6.86913
6.87037
6.87161
6.87284
6.87408
6.87531
6.87653
6.87776
6.87898
6.8802
6.88141
6.88263
6.88383
6.88504
6.88624
6.88744
6.88864
6.88983
6.89102
6.8922
6.89339
6.89456
6.89574
6.89691
6.89808
6.89925
6.90042
6.90158
6.90274
6.90389
6.90504
6.90619
6.90734
6.90848
6.90962
6.91076
6.9119
6.91303
6.91416
6.91529
6.91641
6.91753
6.91865
6.91977
6.92088
6.92199
6.9231
6.9242
6.9253
6.9264
6.9275
6.9286
6.92969
6.93078
6.93187
6.93295
6.93404
6.93512
6.9362
6.93727
6.93835
6.93942
6.94049
6.94156
6.94263
6.94369
6.94475
6.94581
6.94687
6.94793
6.94898
6.95003
6.95108
6.95213
6.95318
6.95422
6.95526
6.9563
6.95734
6.95838
6.95941
6.96044
6.96147
6.9625
6.96353
6.96455
6.96558
6.9666
6.96762
6.96864
6.96965
6.97066
6.97167
6.97268
6.97368
6.97469
6.97569
6.97669
6.97769
6.97869
6.97969
6.98068
6.98168
6.98267
6.98367
6.98466
6.98565
6.98664
6.98762
6.98861
6.9896
6.99058
6.99156
6.99255
6.99353
6.99451
6.99549
6.99646
6.99744
6.99842
6.9994
7.00037
7.00135
7.00232
7.0033
7.00427
7.00524
7.00622
7.00719
7.00816
7.00913
7.01011
7.01108
7.01205
7.01302
7.01399
7.01496
7.01594
7.01691
7.01788
7.01885
7.01982
7.02079
7.02176
7.02274
7.02371
7.02468
7.02565
7.02662
7.0276
7.02857
7.02954
7.03052
7.03149
7.03247
7.03344
7.03441
7.03539
7.03637
7.03734
7.03832
7.0393
7.04028
7.04125
7.04223
7.04321
7.04419
7.04518
7.04616
7.04714
7.04812
7.04911
7.05009
7.05108
7.05206
7.05305
7.05403
7.05502
7.05601
7.057
7.05799
7.05898
7.05997
7.06096
7.06196
7.06295
7.06394
7.06494
7.06593
7.06693
7.06793
7.06893
7.06992
7.07092
7.07192
7.07292
7.07393
7.07493
7.07593
7.07693
7.07794
7.07894
7.07995
7.08095
7.08196
7.08297
7.08398
7.08499
7.08599
7.087
7.08801
7.08903
7.09004
7.09105
7.09206
7.09307
7.09409
7.0951
7.09611
7.09713
7.09814
7.09916
7.10017
7.10119
7.10221
7.10322
7.10424
7.10526
7.10628
7.10729
7.10831
7.10933
7.11034
7.11135
7.11235
7.11335
7.11435
7.11535
7.11634
7.11733
7.11832
7.11931
7.1203
7.12129
7.12227
7.12326
7.12424
7.12523
7.12621
7.1272
7.12819
7.12917
7.13016
7.13115
7.13214
7.13313
7.13412
7.13511
7.1361
7.13709
7.13809
7.13908
7.14007
7.14107
7.14206
7.14306
7.14405
7.14505
7.14605
7.14704
7.14804
7.14904
7.15004
7.15104
7.15204
7.15304
7.15404
7.15504
7.15605
7.15705
7.15805
7.15905
7.16006
7.16106
7.16207
7.16307
7.16408
7.16508
7.16609
7.1671
7.16811
7.16911
7.17012
7.17113
7.17214
7.17315
7.17416
7.17517
7.17618
7.17719
7.17821
7.17922
7.18023
7.18124
7.18226
7.18327
7.18428
7.1853
7.18631
7.18733
7.18835
7.18936
7.19038
7.1914
7.19241
7.19343
7.19445
7.19547
7.19649
7.1975
7.19852
7.19954
7.20056
7.20158
7.2026
7.20363
7.20465
7.20567
7.20669
7.20771
7.20874
7.20976
7.21078
7.21181
7.21283
7.21385
7.21488
7.2159
7.21693
7.21795
7.21898
7.22
7.22103
7.22206
7.22309
7.22412
7.22515
7.22618
7.22722
7.22825
7.22929
7.23032
7.23136
7.2324
7.23344
7.23449
7.23553
7.23657
7.23762
7.23867
7.23971
7.24076
7.24181
7.24286
7.2439
7.24495
7.24599
7.24703
7.24807
7.24911
7.25015
7.25119
7.25223
7.25326
7.2543
7.25534
7.25638
7.25743
7.25847
7.25951
7.26055
7.26159
7.26263
7.26367
7.26471
7.26575
7.2668
7.26784
7.26888
7.26993
7.27097
7.27202
7.27306
7.27411
7.27515
7.2762
7.27724
7.27829
7.27934
7.28039
7.28143
7.28248
7.28353
7.28458
7.28563
7.28668
7.28773
7.28879
7.28984
7.29089
7.29195
7.293
7.29406
7.29511
7.29617
7.29723
7.29829
7.29935
7.30041
7.30147
7.30253
7.3036
7.30466
7.30573
7.30679
7.30786
7.30893
7.31
7.31107
7.31214
7.31321
7.31429
7.31536
7.31644
7.31752
7.3186
7.31968
7.32076
7.32185
7.32293
7.32402
7.32511
7.3262
7.32729
7.32839
7.32948
7.33058
7.33168
7.33277
7.33388
7.33498
7.33608
7.33719
7.33829
7.3394
7.34051
7.34162
7.34274
7.34385
7.34497
7.34609
7.34721
7.34833
7.34945
7.35057
7.3517
7.35283
7.35396
7.35509
7.35622
7.35735
7.35849
7.35963
7.36077
7.36191
7.36305
7.36419
7.36534
7.36648
7.36763
7.36878
7.36993
7.37108
7.37224
7.37339
7.37455
7.37571
7.37686
7.37803
7.37919
7.38035
7.38152
7.38269
7.38386
7.38503
7.3862
7.38737
7.38855
7.38972
7.3909
7.39208
7.39326
7.39444
7.39563
7.39681
7.398
7.39919
7.40037
7.40156
7.40276
7.40395
7.40514
7.40634
7.40754
7.40874
7.40994
7.41114
7.41234
7.41355
7.41475
7.41596
7.41717
7.41838
7.41959
7.4208
7.42202
7.42324
7.42445
7.42567
7.42689
7.42811
7.42934
7.43056
7.43179
7.43301
7.43424
7.43547
7.4367
7.43793
7.43917
7.4404
7.44164
7.44288
7.44412
7.44536
7.4466
7.44784
7.44909
7.45033
7.45158
7.45283
7.45408
7.45533
7.45659
7.45784
7.4591
7.46036
7.46161
7.46287
7.46414
7.4654
7.46666
7.46793
7.4692
7.47047
7.47174
7.47301
7.47428
7.47556
7.47683
7.47811
7.47939
7.48067
7.48195
7.48324
7.48452
7.48581
7.48709
7.48838
7.48966
7.49094
7.49222
7.4935
7.49478
7.49606
7.49733
7.4986
7.49987
7.50114
7.5024
7.50367
7.50493
7.50619
7.50744
7.5087
7.50995
7.5112
7.51245
7.5137
7.51495
7.51619
7.51744
7.51868
7.51992
7.52116
7.5224
7.52364
7.52488
7.52612
7.52736
7.5286
7.52984
7.53107
7.53231
7.53354
7.53478
7.53601
7.53724
7.53847
7.5397
7.54093
7.54215
7.54337
7.54459
7.54581
7.54703
7.54824
7.54946
7.55067
7.55188
7.55308
7.55429
7.55549
7.55669
7.55789
7.55908
7.56027
7.56146
7.56264
7.56382
7.565
7.56618
7.56735
7.56852
7.56968
7.57085
7.57201
7.57316
7.57432
7.57547
7.57662
7.57777
7.57891
7.58005
7.58119
7.58232
7.58346
7.58459
7.58571
7.58684
7.58796
7.58908
7.59019
7.59131
7.59242
7.59353
7.59463
7.59574
7.59684
7.59794
7.59903
7.60012
7.60121
7.6023
7.60339
7.60447
7.60555
7.60663
7.6077
7.60877
7.60984
7.61091
7.61198
7.61304
7.6141
7.61516
7.61622
7.61727
7.61832
7.61938
7.62042
7.62147
7.62251
7.62356
7.6246
7.62563
7.62667
7.62771
7.62874
7.62977
7.6308
7.63182
7.63285
7.63387
7.63489
7.63591
7.63693
7.63794
7.63895
7.63996
7.64097
7.64198
7.64299
7.64399
7.645
7.646
7.647
7.64799
7.64899
7.64998
7.65098
7.65197
7.65296
7.65394
7.65492
7.6559
7.65688
7.65786
7.65883
7.65981
7.66078
7.66175
7.66272
7.66369
7.66466
7.66563
7.6666
7.66757
7.66853
7.66949
7.67046
7.67142
7.67238
7.67334
7.6743
7.67526
7.67622
7.67717
7.67813
7.67908
7.68004
7.681
7.68195
7.6829
7.68386
7.68481
7.68577
7.68672
7.68767
7.68862
7.68958
7.69053
7.69148
7.69243
7.69339
7.69434
7.69529
7.69625
7.6972
7.69815
7.69911
7.70006
7.70101
7.70197
7.70292
7.70388
7.70483
7.70579
7.70674
7.7077
7.70865
7.70961
7.71057
7.71152
7.71248
7.71344
7.7144
7.71536
7.71632
7.71728
7.71824
7.7192
7.72017
7.72113
7.72209
7.72306
7.72402
7.72499
7.72596
7.72693
7.72789
7.72886
7.72983
7.7308
7.73178
7.73275
7.73372
7.73469
7.73567
7.73665
7.73762
7.7386
7.73958
7.74056
7.74154
7.74252
7.7435
7.74448
7.74546
7.74645
7.74743
7.74842
7.7494
7.75039
7.75138
7.75236
7.75335
7.75434
7.75533
7.75632
7.75731
7.75831
7.7593
7.76029
7.76129
7.76228
7.76328
7.76427
7.76527
7.76627
7.76726
7.76826
7.76926
7.77026
7.77126
7.77226
7.77326
7.77426
7.77526
7.77626
7.77726
7.77827
7.77927
7.78027
7.78127
7.78228
7.78328
7.78428
7.78527
7.78627
7.78726
7.78825
7.78924
7.79022
7.79121
7.79219
7.79317
7.79416
7.79514
7.79612
7.7971
7.79808
7.79906
7.80005
7.80103
7.80201
7.80299
7.80398
7.80496
7.80595
7.80693
7.80792
7.80891
7.80989
7.81088
7.81187
7.81286
7.81385
7.81484
7.81583
7.81682
7.81781
7.81881
7.8198
7.82079
7.82179
7.82278
7.82378
7.82478
7.82577
7.82677
7.82777
7.82877
7.82977
7.83077
7.83177
7.83277
7.83377
7.83477
7.83577
7.83677
7.83778
7.83878
7.83978
7.84079
7.84179
7.8428
7.84381
7.84481
7.84582
7.84683
7.84784
7.84885
7.84986
7.85087
7.85188
7.85289
7.8539
7.85491
7.85593
7.85694
7.85795
7.85897
7.85998
7.861
7.86201
7.86303
7.86405
7.86506
7.86608
7.8671
7.86812
7.86914
7.87016
7.87118
7.8722
7.87322
7.87424
7.87527
7.87629
7.87731
7.87834
7.87937
7.88039
7.88142
7.88245
7.88348
7.88451
7.88555
7.88658
7.88762
7.88865
7.88969
7.89073
7.89177
7.89281
7.89385
7.8949
7.89594
7.89698
7.89803
7.89908
7.90013
7.90117
7.90222
7.90327
7.90433
7.90538
7.90643
7.90748
7.90853
7.90959
7.91064
7.9117
7.91275
7.9138
7.91486
7.91591
7.91697
7.91803
7.91908
7.92013
7.92118
7.92223
7.92328
7.92432
7.92537
7.92641
7.92745
7.92849
7.92953
7.93057
7.93161
7.93265
7.93369
7.93473
7.93577
7.93681
7.93786
7.9389
7.93994
7.94099
7.94203
7.94307
7.94412
7.94516
7.94621
7.94726
7.9483
7.94935
7.9504
7.95145
7.95249
7.95354
7.95459
7.95564
7.95669
7.95774
7.9588
7.95985
7.9609
7.96195
7.96301
7.96406
7.96512
7.96617
7.96723
7.96829
7.96934
7.9704
7.97146
7.97252
7.97358
7.97464
7.97571
7.97677
7.97783
7.9789
7.97997
7.98103
7.9821
7.98317
7.98424
7.98531
7.98638
7.98745
7.98853
7.9896
7.99068
7.99175
7.99283
7.99391
7.99499
7.99607
7.99716
7.99824
7.99933
8.00041
8.0015
8.00259
8.00369
8.00478
8.00588
8.00697
8.00807
8.00917
8.01027
8.01138
8.01248
8.01359
8.01469
8.0158
8.01691
8.01803
8.01914
8.02026
8.02137
8.02249
8.02361
8.02473
8.02586
8.02698
8.02811
8.02924
8.03037
8.0315
8.03264
8.03377
8.03491
8.03605
8.03719
8.03833
8.03948
8.04062
8.04177
8.04292
8.04407
8.04522
8.04637
8.04753
8.04869
8.04985
8.05101
8.05217
8.05333
8.05449
8.05566
8.05683
8.058
8.05917
8.06034
8.06152
8.0627
8.06387
8.06505
8.06623
8.06742
8.0686
8.06979
8.07097
8.07216
8.07335
8.07455
8.07574
8.07693
8.07813
8.07933
8.08053
8.08173
8.08293
8.08413
8.08534
8.08654
8.08775
8.08896
8.09017
8.09139
8.0926
8.09382
8.09503
8.09625
8.09747
8.09869
8.09992
8.10114
8.10237
8.10359
8.10482
8.10605
8.10729
8.10852
8.10975
8.11099
8.11223
8.11346
8.11471
8.11595
8.11719
8.11843
8.11968
8.12093
8.12218
8.12343
8.12468
8.12593
8.12719
8.12844
8.1297
8.13096
8.13222
8.13348
8.13474
8.13601
8.13728
8.13854
8.13981
8.14108
8.14235
8.14363
8.1449
8.14618
8.14746
8.14874
8.15002
8.1513
8.15258
8.15387
8.15516
8.15644
8.15773
8.15902
8.1603
8.16159
8.16287
8.16415
8.16543
8.1667
8.16798
8.16925
8.17052
8.17179
8.17306
8.17432
8.17558
8.17684
8.1781
8.17936
8.18061
8.18187
8.18312
8.18437
8.18562
8.18687
8.18811
8.18936
8.1906
8.19185
8.19309
8.19434
8.19558
8.19682
8.19806
8.1993
8.20055
8.20179
8.20303
8.20426
8.2055
8.20674
8.20797
8.20921
8.21044
8.21167
8.2129
8.21413
8.21535
8.21658
8.2178
8.21902
8.22024
8.22146
8.22267
8.22388
8.22509
8.2263
8.2275
8.2287
8.2299
8.2311
8.23229
8.23348
8.23466
8.23585
8.23703
8.2382
8.23938
8.24055
8.24172
8.24288
8.24404
8.2452
8.24636
8.24751
8.24866
8.24981
8.25095
8.25209
8.25323
8.25437
8.2555
8.25663
8.25776
8.25889
8.26001
8.26113
8.26225
8.26336
8.26448
8.26559
8.26669
8.2678
8.2689
8.27
8.2711
8.27219
8.27328
8.27437
8.27546
8.27654
8.27762
8.2787
8.27978
8.28085
8.28192
8.28299
8.28406
8.28512
8.28619
8.28725
8.2883
8.28936
8.29041
8.29146
8.29251
8.29356
8.2946
8.29565
8.29669
8.29773
8.29876
8.2998
8.30083
8.30186
8.30289
8.30391
8.30494
8.30596
8.30698
8.308
8.30901
8.31003
8.31104
8.31205
8.31306
8.31407
8.31507
8.31608
8.31708
8.31808
8.31908
8.32008
8.32107
8.32206
8.32305
8.32404
8.32502
8.326
8.32699
8.32797
8.32894
8.32992
8.3309
8.33187
8.33284
8.33381
8.33478
8.33575
8.33672
8.33769
8.33865
8.33962
8.34058
8.34154
8.3425
8.34346
8.34442
8.34538
8.34634
8.34729
8.34825
8.3492
8.35016
8.35111
8.35207
8.35302
8.35397
8.35492
8.35587
8.35683
8.35778
8.35873
8.35968
8.36063
8.36158
8.36253
8.36348
8.36443
8.36538
8.36633
8.36728
8.36823
8.36918
8.37013
8.37108
8.37203
8.37298
8.37393
8.37488
8.37583
8.37678
8.37774
8.37869
8.37964
8.38059
8.38155
8.3825
8.38345
8.38441
8.38536
8.38632
8.38727
8.38823
8.38918
8.39014
8.3911
8.39206
8.39301
8.39397
8.39493
8.39589
8.39686
8.39782
8.39878
8.39974
8.40071
8.40167
8.40264
8.40361
8.40457
8.40554
8.40651
8.40748
8.40845
8.40942
8.41039
8.41137
8.41234
8.41331
8.41429
8.41526
8.41624
8.41722
8.41819
8.41917
8.42015
8.42113
8.42211
8.42309
8.42408
8.42506
8.42604
8.42703
8.42801
8.429
8.42998
8.43097
8.43196
8.43294
8.43393
8.43492
8.43591
8.4369
8.43789
8.43888
8.43987
8.44087
8.44186
8.44285
8.44384
8.44484
8.44583
8.44683
8.44782
8.44882
8.44981
8.45081
8.4518
8.4528
8.45379
8.45478
8.45577
8.45675
8.45774
8.45872
8.4597
8.46067
8.46165
8.46263
8.4636
8.46457
8.46555
8.46652
8.46749
8.46846
8.46944
8.47041
8.47139
8.47236
8.47333
8.47431
8.47529
8.47626
8.47724
8.47822
8.4792
8.48017
8.48115
8.48213
8.48311
8.4841
8.48508
8.48606
8.48704
8.48803
8.48901
8.49
8.49098
8.49197
8.49296
8.49394
8.49493
8.49592
8.49691
8.4979
8.49889
8.49988
8.50087
8.50186
8.50285
8.50384
8.50484
8.50583
8.50682
8.50782
8.50881
8.50981
8.51081
8.5118
8.5128
8.5138
8.51479
8.51579
8.51679
8.51779
8.51879
8.51979
8.5208
8.5218
8.5228
8.5238
8.52481
8.52581
8.52682
8.52782
8.52883
8.52983
8.53084
8.53185
8.53285
8.53386
8.53487
8.53588
8.53689
8.5379
8.53891
8.53992
8.54093
8.54194
8.54296
8.54397
8.54499
8.546
8.54702
8.54804
8.54906
8.55008
8.5511
8.55212
8.55314
8.55417
8.5552
8.55622
8.55725
8.55828
8.55931
8.56034
8.56138
8.56241
8.56345
8.56448
8.56552
8.56656
8.56759
8.56863
8.56967
8.57071
8.57176
8.5728
8.57384
8.57488
8.57593
8.57697
8.57801
8.57906
8.5801
8.58114
8.58219
8.58323
8.58428
8.58532
8.58636
8.58741
8.58845
8.58949
8.59052
8.59156
8.59259
8.59362
8.59465
8.59568
8.5967
8.59773
8.59876
8.59979
8.60082
8.60184
8.60287
8.6039
8.60493
8.60596
8.60699
8.60802
8.60905
8.61008
8.61111
8.61214
8.61318
8.61421
8.61524
8.61627
8.61731
8.61834
8.61938
8.62041
8.62145
8.62248
8.62352
8.62456
8.62559
8.62663
8.62767
8.62871
8.62974
8.63078
8.63182
8.63286
8.6339
8.63495
8.63599
8.63703
8.63808
8.63912
8.64017
8.64121
8.64226
8.64331
8.64435
8.6454
8.64645
8.6475
8.64856
8.64961
8.65066
8.65171
8.65277
8.65383
8.65488
8.65594
8.657
8.65806
8.65912
8.66018
8.66124
8.66231
8.66337
8.66444
8.66551
8.66658
8.66765
8.66872
8.6698
8.67087
8.67195
8.67303
8.67411
8.67519
8.67627
8.67736
8.67844
8.67953
8.68062
8.68171
8.6828
8.6839
8.68499
8.68609
8.68719
8.68829
8.68939
8.69049
8.69159
8.6927
8.69381
8.69492
8.69603
8.69714
8.69826
8.69937
8.70049
8.70161
8.70273
8.70385
8.70498
8.7061
8.70723
8.70836
8.70949
8.71062
8.71175
8.71289
8.71402
8.71516
8.7163
8.71744
8.71858
8.71973
8.72087
8.72202
8.72317
8.72432
8.72547
8.72663
8.72778
8.72894
8.7301
8.73126
8.73242
8.73358
8.73474
8.73591
8.73708
8.73825
8.73942
8.74059
8.74176
8.74294
8.74411
8.74529
8.74647
8.74765
8.74883
8.75001
8.7512
8.75238
8.75357
8.75476
8.75595
8.75714
8.75834
8.75953
8.76073
8.76192
8.76312
8.76432
8.76553
8.76673
8.76794
8.76914
8.77035
8.77156
8.77277
8.77398
8.77519
8.77641
8.77762
8.77884
8.78006
8.78128
8.7825
8.78373
8.78495
8.78618
8.7874
8.78863
8.78986
8.79109
8.79233
8.79356
8.7948
8.79603
8.79727
8.79851
8.79975
8.801
8.80224
8.80349
8.80473
8.80598
8.80723
8.80848
8.80974
8.81099
8.81225
8.8135
8.81476
8.81602
8.81729
8.81855
8.81981
8.82108
8.82235
8.82362
8.82489
8.82616
8.82743
8.82871
8.82998
8.83125
8.83252
8.83379
8.83505
8.83632
8.83758
8.83884
8.8401
8.84136
8.84261
8.84386
8.84511
8.84636
8.84761
8.84885
8.8501
8.85134
8.85258
8.85381
8.85505
8.85628
8.85752
8.85875
8.85998
8.86122
8.86245
8.86368
8.86491
8.86613
8.86736
8.86859
8.86982
8.87105
8.87227
8.8735
8.87472
8.87595
8.87717
8.87839
8.87961
8.88083
8.88205
8.88326
8.88448
8.88569
8.8869
8.88811
8.88932
8.89052
8.89172
8.89293
8.89413
8.89532
8.89652
8.89771
8.8989
8.90008
8.90127
8.90245
8.90363
8.9048
8.90597
8.90714
8.90831
8.90947
8.91063
8.91179
8.91294
8.91409
8.91524
8.91639
8.91753
8.91867
8.91981
8.92094
8.92208
8.92321
8.92433
8.92546
8.92658
8.9277
8.92882
8.92993
8.93105
8.93216
8.93326
8.93437
8.93547
8.93657
8.93767
8.93876
8.93985
8.94094
8.94203
8.94311
8.9442
8.94528
8.94635
8.94743
8.9485
8.94957
8.95064
8.9517
8.95276
8.95383
8.95488
8.95594
8.95699
8.95804
8.95909
8.96014
8.96119
8.96223
8.96327
8.96431
8.96534
8.96638
8.96741
8.96844
8.96947
8.9705
8.97152
8.97255
8.97357
8.97459
8.9756
8.97662
8.97763
8.97864
8.97965
8.98066
8.98167
8.98267
8.98368
8.98468
8.98568
8.98667
8.98767
8.98867
8.98966
8.99065
8.99164
8.99263
8.99361
8.99459
8.99557
8.99655
8.99753
8.9985
8.99947
9.00045
9.00142
9.00239
9.00335
9.00432
9.00529
9.00625
9.00722
9.00818
9.00914
9.0101
9.01106
9.01202
9.01298
9.01393
9.01489
9.01584
9.01679
9.01775
9.0187
9.01965
9.0206
9.02155
9.0225
9.02345
9.0244
9.02535
9.0263
9.02724
9.02819
9.02914
9.03008
9.03103
9.03198
9.03292
9.03387
9.03482
9.03576
9.03671
9.03766
9.0386
9.03955
9.0405
9.04144
9.04239
9.04334
9.04429
9.04523
9.04618
9.04713
9.04808
9.04903
9.04998
9.05093
9.05188
9.05283
9.05378
9.05473
9.05568
9.05663
9.05758
9.05854
9.05949
9.06044
9.0614
9.06235
9.06331
9.06427
9.06522
9.06618
9.06714
9.0681
9.06906
9.07002
9.07098
9.07195
9.07291
9.07387
9.07484
9.0758
9.07677
9.07774
9.07871
9.07968
9.08065
9.08162
9.08259
9.08356
9.08453
9.08551
9.08648
9.08746
9.08843
9.08941
9.09039
9.09136
9.09234
9.09332
9.0943
9.09529
9.09627
9.09725
9.09823
9.09922
9.1002
9.10119
9.10218
9.10316
9.10415
9.10514
9.10613
9.10711
9.1081
9.10909
9.11008
9.11108
9.11207
9.11306
9.11405
9.11504
9.11604
9.11703
9.11803
9.11902
9.12002
9.12101
9.12201
9.123
9.124
9.12499
9.12598
9.12697
9.12796
9.12895
9.12993
9.13091
9.13189
9.13287
9.13385
9.13482
9.1358
9.13677
9.13775
9.13872
9.13969
9.14067
9.14164
9.14262
9.14359
9.14457
9.14555
9.14652
9.1475
9.14848
9.14946
9.15044
9.15142
9.1524
9.15338
9.15437
9.15535
9.15633
9.15732
9.1583
9.15929
9.16027
9.16126
9.16225
9.16324
9.16422
9.16521
9.1662
9.16719
9.16818
9.16917
9.17017
9.17116
9.17215
9.17314
9.17414
9.17513
9.17613
9.17712
9.17812
9.17912
9.18011
9.18111
9.18211
9.18311
9.18411
9.18511
9.18611
9.18711
9.18811
9.18911
9.19011
9.19111
9.19212
9.19312
9.19413
9.19513
9.19614
9.19714
9.19815
9.19916
9.20016
9.20117
9.20218
9.20319
9.2042
9.20521
9.20622
9.20723
9.20824
9.20925
9.21027
9.21128
9.21229
9.21331
9.21432
9.21534
9.21635
9.21737
9.21838
9.2194
9.22042
9.22144
9.22245
9.22347
9.2245
9.22552
9.22654
9.22757
9.22859
9.22962
9.23065
9.23167
9.2327
9.23373
9.23477
9.2358
9.23684
9.23787
9.23891
9.23995
9.24098
9.24202
9.24306
9.24411
9.24515
9.24619
9.24724
9.24828
9.24932
9.25037
9.25142
9.25246
9.25351
9.25456
9.2556
9.25665
9.2577
9.25874
9.25979
9.26083
9.26187
9.2629
9.26394
9.26497
9.266
9.26703
9.26806
9.26909
9.27012
9.27115
9.27218
9.27322
9.27425
9.27528
9.27631
9.27734
9.27838
9.27941
9.28044
9.28147
9.28251
9.28354
9.28458
9.28561
9.28665
9.28768
9.28872
9.28976
9.29079
9.29183
9.29287
9.29391
9.29495
9.29599
9.29703
9.29807
9.29911
9.30015
9.30119
9.30224
9.30328
9.30433
9.30537
9.30642
9.30746
9.30851
9.30956
9.31061
9.31166
9.31271
9.31376
9.31482
9.31587
9.31693
9.31799
9.31904
9.3201
9.32116
9.32222
9.32329
9.32435
9.32542
9.32648
9.32755
9.32862
9.32969
9.33076
9.33183
9.3329
9.33398
9.33506
9.33614
9.33721
9.3383
9.33938
9.34046
9.34155
9.34264
9.34373
9.34482
9.34591
9.347
9.3481
9.34919
9.35029
9.35139
9.35249
9.35359
9.3547
9.3558
9.35691
9.35802
9.35913
9.36024
9.36135
9.36246
9.36358
9.3647
9.36582
9.36694
9.36806
9.36919
9.37031
9.37144
9.37257
9.3737
9.37483
9.37596
9.3771
9.37824
9.37937
9.38051
9.38166
9.3828
9.38394
9.38509
9.38623
9.38738
9.38853
9.38968
9.39084
9.39199
9.39315
9.39431
9.39546
9.39662
9.39779
9.39895
9.40012
9.40128
9.40245
9.40362
9.40479
9.40596
9.40714
9.40831
9.40949
9.41067
9.41185
9.41303
9.41421
9.4154
9.41658
9.41777
9.41896
9.42014
9.42134
9.42253
9.42372
9.42492
9.42611
9.42731
9.42851
9.42971
9.43091
9.43212
9.43332
9.43453
9.43574
9.43695
9.43816
9.43937
9.44058
9.4418
9.44302
9.44423
9.44545
9.44667
9.4479
9.44912
9.45034
9.45157
9.4528
9.45403
9.45526
9.45649
9.45772
9.45896
9.46019
9.46143
9.46267
9.46391
9.46515
9.4664
9.46764
9.46889
9.47014
9.47138
9.47263
9.47389
9.47514
9.47639
9.47765
9.47891
9.48017
9.48143
9.48269
9.48395
9.48522
9.48648
9.48775
9.48902
9.49029
9.49156
9.49284
9.49411
9.49539
9.49666
9.49793
9.4992
9.50047
9.50174
9.50301
9.50427
9.50554
9.5068
9.50806
9.50932
9.51057
9.51182
9.51308
9.51432
9.51557
9.51682
9.51806
9.5193
9.52054
9.52178
9.52302
9.52426
9.52549
9.52673
9.52796
9.52919
9.53043
9.53166
9.53289
9.53412
9.53535
9.53658
9.53781
9.53904
9.54027
9.5415
9.54272
9.54395
9.54517
9.5464
9.54762
9.54884
9.55006
9.55127
9.55249
9.5537
9.55492
9.55613
9.55734
9.55854
9.55975
9.56095
9.56215
9.56335
9.56455
9.56574
9.56693
9.56812
9.5693
9.57048
9.57166
9.57284
9.57401
9.57518
9.57635
9.57751
9.57867
9.57983
9.58098
9.58213
9.58328
9.58443
9.58557
9.58671
9.58785
9.58898
9.59012
9.59125
9.59237
9.5935
9.59462
9.59574
9.59685
9.59797
9.59908
9.60019
9.60129
9.6024
9.6035
9.60459
9.60569
9.60678
9.60787
9.60896
9.61005
9.61113
9.61221
9.61329
9.61436
9.61544
9.61651
9.61758
9.61864
9.61971
9.62077
9.62183
9.62288
9.62394
9.62499
9.62604
9.62709
9.62813
9.62918
9.63022
9.63126
9.6323
9.63333
9.63437
9.6354
9.63643
9.63746
9.63848
9.6395
9.64053
9.64155
9.64256
9.64358
9.64459
9.6456
9.64661
9.64761
9.64861
9.64961
9.65061
9.65161
9.65261
9.6536
9.6546
9.65559
9.65658
9.65757
9.65856
9.65955
9.66054
9.66152
9.66251
9.66349
9.66447
9.66545
9.66643
9.66741
9.66839
9.66937
9.67034
9.67132
9.67229
9.67326
9.67423
9.6752
9.67617
9.67714
9.6781
9.67907
9.68003
9.681
9.68196
9.68292
9.68389
9.68485
9.68581
9.68677
9.68773
9.68868
9.68964
9.6906
9.69156
9.69251
9.69347
9.69443
9.69538
9.69634
9.69729
9.69824
9.6992
9.70015
9.70111
9.70206
9.70301
9.70397
9.70492
9.70587
9.70682
9.70778
9.70873
9.70968
9.71064
9.71159
9.71254
9.71349
9.71445
9.7154
9.71635
9.71731
9.71826
9.71921
9.72017
9.72112
9.72208
9.72303
9.72399
9.72494
9.7259
9.72685
9.72781
9.72877
9.72972
9.73068
9.73164
9.7326
9.73356
9.73452
9.73548
9.73644
9.7374
9.73836
9.73932
9.74028
9.74125
9.74221
9.74318
9.74414
9.74511
9.74607
9.74704
9.74801
9.74897
9.74994
9.75091
9.75188
9.75285
9.75382
9.75479
9.75577
9.75674
9.75771
9.75869
9.75966
9.76064
9.76161
9.76259
9.76356
9.76454
9.76552
9.7665
9.76748
9.76845
9.76943
9.77041
9.77139
9.77237
9.77336
9.77434
9.77532
9.7763
9.77728
9.77825
9.77923
9.7802
9.78117
9.78213
9.7831
9.78406
9.78502
9.78597
9.78693
9.78789
9.78885
9.7898
9.79076
9.79171
9.79267
9.79363
9.79458
9.79554
9.7965
9.79746
9.79842
9.79938
9.80034
9.8013
9.80226
9.80322
9.80419
9.80515
9.80612
9.80708
9.80805
9.80901
9.80998
9.81095
9.81191
9.81288
9.81385
9.81482
9.81579
9.81676
9.81773
9.8187
9.81967
9.82064
9.82162
9.82259
9.82356
9.82454
9.82551
9.82649
9.82746
9.82844
9.82941
9.83039
9.83137
9.83234
9.83332
9.8343
9.83528
9.83626
9.83724
9.83822
9.8392
9.84018
9.84116
9.84214
9.84312
9.84411
9.84509
9.84607
9.84706
9.84804
9.84903
9.85001
9.851
9.85198
9.85297
9.85396
9.85495
9.85594
9.85692
9.85791
9.8589
9.85989
9.86088
9.86187
9.86287
9.86386
9.86485
9.86584
9.86683
9.86783
9.86882
9.86982
9.87081
9.87181
9.8728
9.8738
9.87479
9.87579
9.87679
9.87779
9.87878
9.87977
9.88076
9.88174
9.88273
9.88369
9.88466
9.88562
9.88658
9.88754
9.88851
9.88947
9.89044
9.89141
9.89238
9.89335
9.89432
9.8953
9.89627
9.89725
9.89823
9.89921
9.90019
9.90117
9.90216
9.90314
9.90412
9.90511
9.9061
9.90708
9.90807
9.90906
9.91005
9.91104
9.91203
9.91302
9.91402
9.91501
9.916
9.917
9.91799
9.91899
9.91998
9.92098
9.92197
9.92297
9.92396
9.92496
9.92596
9.92696
9.92795
9.92895
9.92995
9.93095
9.93195
9.93295
9.93394
9.93494
9.93594
9.93694
9.93794
9.93894
9.93994
9.94094
9.94194
9.94294
9.94394
9.94494
9.94594
9.94694
9.94794
9.94894
9.94993
9.95093
9.95193
9.95293
9.95393
9.95492
9.95592
9.95692
9.95791
9.95891
9.9599
9.9609
9.96189
9.96289
9.96388
9.96487
9.96587
9.96686
9.96785
9.96884
9.96984
9.97083
9.97182
9.97281
9.9738
9.97479
9.97578
9.97677
9.97776
9.97875
9.97974
9.98073
9.98172
9.98271
9.9837
9.98469
9.98568
9.98667
9.98766
9.98864
9.98963
9.99062
9.99161
9.9926
9.99359
9.99458
9.99558
9.99657
9.99756
9.99855
9.99955
10.0005
10.0015
10.0025
10.0035
10.0045
10.0055
10.0065
10.0075
10.0085
10.0095
10.0105
10.0115
10.0125
10.0135
10.0146
10.0156
10.0166
10.0176
10.0186
10.0196
10.0206
10.0216
10.0226
10.0236
10.0247
10.0257
10.0267
10.0277
10.0287
10.0297
10.0307
10.0317
10.0328
10.0338
10.0348
10.0358
10.0368
10.0378
10.0388
10.0398
10.0408
10.0419
10.0429
10.0439
10.0449
10.0459
10.0469
10.0479
10.0489
10.0499
10.0509
10.0519
10.0529
10.0538
10.0548
10.0558
10.0568
10.0578
10.0588
10.0597
10.0607
10.0617
10.0626
10.0636
10.0646
10.0655
10.0665
10.0674
10.0684
10.0693
10.0703
10.0712
10.0722
10.0731
10.074
10.075
10.0759
10.0768
10.0778
10.0787
10.0796
10.0805
10.0814
10.0823
10.0832
10.0841
10.0851
10.086
10.0869
10.0877
10.0886
10.0895
10.0904
10.0913
10.0922
10.0931
10.094
10.0948
10.0957
10.0966
10.0975
10.0983
10.0992
10.1001
10.1009
10.1018
10.1027
10.1035
10.1044
10.1052
10.1061
10.1069
10.1078
10.1086
10.1095
10.1103
10.1112
10.112
10.1129
10.1137
10.1145
10.1154
10.1162
10.117
10.1179
10.1187
10.1195
10.1203
10.1212
10.122
10.1228
10.1236
10.1244
10.1252
10.126
10.1268
10.1276
10.1284
10.1292
10.13
10.1308
10.1316
10.1323
10.1331
10.1339
10.1347
10.1355
10.1362
10.137
10.1378
10.1386
10.1393
10.1401
10.1409
10.1416
10.1424
10.1432
10.1439
10.1447
10.1455
10.1462
10.147
10.1477
10.1485
10.1492
10.15
10.1507
10.1515
10.1522
10.153
10.1537
10.1545
10.1552
10.156
10.1567
10.1574
10.1582
10.1589
10.1597
10.1604
10.1611
10.1619
10.1626
10.1633
10.164
10.1648
10.1655
10.1662
10.1669
10.1677
10.1684
10.1691
10.1698
10.1706
10.1713
10.172
10.1727
10.1735
10.1742
10.1749
10.1756
10.1763
10.1771
10.1778
10.1785
10.1792
10.1799
10.1807
10.1814
10.1821
10.1828
10.1835
10.1842
10.185
10.1857
10.1864
10.1871
10.1878
10.1885
10.1893
10.19
10.1907
10.1914
10.1921
10.1929
10.1936
10.1943
10.195
10.1957
10.1964
10.1972
10.1979
10.1986
10.1993
10.2
10.2008
10.2015
10.2022
10.2029
10.2036
10.2044
10.2051
10.2058
10.2065
10.2072
10.2079
10.2087
10.2094
10.2101
10.2108
10.2115
10.2123
10.213
10.2137
10.2144
10.2151
10.2159
10.2166
10.2173
10.218
10.2187
10.2194
10.2202
10.2209
10.2216
10.2223
10.223
10.2237
10.2245
10.2252
10.2259
10.2266
10.2273
10.228
10.2287
10.2294
10.2302
10.2309
10.2316
10.2323
10.233
10.2337
10.2344
10.2351
10.2358
10.2365
10.2372
10.2379
10.2386
10.2393
10.24
10.2407
10.2414
10.2421
10.2428
10.2435
10.2442
10.2448
10.2455
10.2461
10.2468
10.2474
10.2481
10.2487
10.2494
10.25
10.2506
10.2512
10.2519
10.2525
10.2531
10.2537
10.2544
10.255
10.2556
10.2562
10.2568
10.2574
10.258
10.2587
10.2593
10.2599
10.2605
10.2611
10.2617
10.2623
10.2629
10.2635
10.2642
10.2648
10.2654
10.266
10.2666
10.2672
10.2678
10.2684
10.269
10.2696
10.2702
10.2708
10.2714
10.272
10.2727
10.2733
10.2739
10.2745
10.2751
10.2757
10.2763
10.2769
10.2775
10.2781
10.2787
10.2793
10.2799
10.2805
10.2811
10.2817
10.2823
10.2829
10.2835
10.2841
10.2847
10.2853
10.2859
10.2865
10.2871
10.2877
10.2883
10.2889
10.2895
10.2901
10.2907
10.2913
10.2919
10.2925
10.2931
10.2937
10.2943
10.2949
10.2955
10.2961
10.2967
10.2973
10.2979
10.2985
10.2991
10.2997
10.3004
10.301
10.3016
10.3022
10.3028
10.3034
10.304
10.3046
10.3052
10.3058
10.3064
10.307
10.3076
10.3082
10.3088
10.3094
10.31
10.3106
10.3112
10.3118
10.3124
10.313
10.3136
10.3142
10.3148
10.3154
10.316
10.3166
10.3172
10.3178
10.3184
10.319
10.3196
10.3202
10.3208
10.3214
10.322
10.3226
10.3232
10.3238
10.3244
10.325
10.3256
10.3262
10.3268
10.3275
10.3281
10.3287
10.3293
10.3299
10.3305
10.3311
10.3317
10.3323
10.333
10.3336
10.3342
10.3348
10.3354
10.336
10.3367
10.3373
10.3379
10.3385
10.3391
10.3397
10.3404
10.341
10.3416
10.3422
10.3429
10.3435
10.3441
10.3447
10.3453
10.346
10.3466
10.3472
10.3478
10.3485
10.3491
10.3497
10.3504
10.351
10.3516
10.3522
10.3529
10.3535
10.3541
10.3548
10.3554
10.356
10.3567
10.3573
10.3579
10.3586
10.3592
10.3598
10.3605
10.3611
10.3617
10.3624
10.363
10.3636
10.3643
10.3649
10.3655
10.3662
10.3668
10.3675
10.3681
10.3687
10.3694
10.37
10.3707
10.3713
10.3719
10.3726
10.3732
10.3739
10.3745
10.3752
10.3758
10.3764
10.3771
10.3777
10.3784
10.379
10.3797
10.3803
10.381
10.3816
10.3823
10.3829
10.3836
10.3842
10.3849
10.3856
10.3862
10.3869
10.3875
10.3882
10.3888
10.3895
10.3902
10.3908
10.3915
10.3922
10.3928
10.3935
10.3942
10.3948
10.3955
10.3962
10.3968
10.3975
10.3982
10.3988
10.3995
10.4002
10.4009
10.4015
10.4022
10.4029
10.4036
10.4042
10.4049
10.4056
10.4063
10.4069
10.4076
10.4083
10.409
10.4097
10.4103
10.411
10.4117
10.4124
10.413
10.4137
10.4144
10.415
10.4157
10.4164
10.417
10.4177
10.4184
10.419
10.4197
10.4204
10.421
10.4217
10.4223
10.423
10.4236
10.4243
10.4249
10.4256
10.4262
10.4268
10.4275
10.4281
10.4287
10.4294
10.43
10.4306
10.4312
10.4319
10.4325
10.4331
10.4337
10.4343
10.4349
10.4355
10.4361
10.4367
10.4373
10.4379
10.4385
10.4391
10.4397
10.4402
10.4408
10.4414
10.442
10.4426
10.4431
10.4437
10.4443
10.4448
10.4454
10.4459
10.4465
10.447
10.4476
10.4481
10.4487
10.4492
10.4497
10.4503
10.4508
10.4513
10.4519
10.4524
10.4529
10.4534
10.454
10.4545
10.455
10.4555
10.456
10.4565
10.457
10.4575
10.458
10.4585
10.459
10.4595
10.46
10.4605
10.461
10.4615
10.462
10.4625
10.4629
10.4634
10.4639
10.4644
10.4649
10.4653
10.4658
10.4663
10.4667
10.4672
10.4677
10.4682
10.4686
10.4691
10.4695
10.47
10.4705
10.4709
10.4714
10.4718
10.4723
10.4728
10.4732
10.4737
10.4741
10.4746
10.475
10.4755
10.4759
10.4764
10.4768
10.4773
10.4777
10.4782
10.4786
10.4791
10.4795
10.48
10.4804
10.4809
10.4813
10.4818
10.4822
10.4827
10.4831
10.4836
10.484
10.4845
10.4849
10.4854
10.4858
10.4863
10.4867
10.4872
10.4876
10.4881
10.4885
10.489
10.4894
10.4899
10.4903
10.4908
10.4913
10.4917
10.4922
10.4926
10.4931
10.4935
10.494
10.4944
10.4949
10.4954
10.4958
10.4963
10.4967
10.4972
10.4977
10.4981
10.4986
10.499
10.4995
10.5
10.5004
10.5009
10.5013
10.5018
10.5023
10.5027
10.5032
10.5037
10.5041
10.5046
10.5051
10.5055
10.506
10.5065
10.5069
10.5074
10.5079
10.5083
10.5088
10.5093
10.5098
10.5102
10.5107
10.5112
10.5117
10.5121
10.5126
10.5131
10.5136
10.5141
10.5145
10.515
10.5155
10.516
10.5165
10.517
10.5175
10.5179
10.5184
10.5189
10.5194
10.5199
10.5204
10.5209
10.5214
10.5219
10.5224
10.5229
10.5234
10.5239
10.5244
10.525
10.5255
10.526
10.5265
10.527
10.5275
10.528
10.5285
10.5291
10.5296
10.5301
10.5306
10.5311
10.5317
10.5322
10.5327
10.5332
10.5338
10.5343
10.5348
10.5354
10.5359
10.5364
10.537
10.5375
10.538
10.5386
10.5391
10.5396
10.5402
10.5407
10.5413
10.5418
10.5423
10.5429
10.5434
10.544
10.5445
10.5451
10.5456
10.5462
10.5467
10.5473
10.5478
10.5484
10.5489
10.5495
10.55
10.5506
10.5511
10.5517
10.5522
10.5528
10.5533
10.5539
10.5544
10.555
10.5555
10.5561
10.5566
10.5572
10.5577
10.5583
10.5588
10.5594
10.5599
10.5604
10.561
10.5615
10.5621
10.5626
10.5631
10.5637
10.5642
10.5647
10.5653
10.5658
10.5663
10.5669
10.5674
10.5679
10.5684
10.569
10.5695
10.57
10.5706
10.5711
10.5716
10.5721
10.5727
10.5732
10.5737
10.5742
10.5748
10.5753
10.5758
10.5763
10.5769
10.5774
10.5779
10.5784
10.579
10.5795
10.58
10.5805
10.5811
10.5816
10.5821
10.5826
10.5832
10.5837
10.5842
10.5847
10.5853
10.5858
10.5863
10.5868
10.5874
10.5879
10.5884
10.5889
10.5895
10.59
10.5905
10.5911
10.5916
10.5921
10.5926
10.5932
10.5937
10.5942
10.5947
10.5953
10.5958
10.5963
10.5969
10.5974
10.5979
10.5985
10.599
10.5995
10.6001
10.6006
10.6012
10.6017
10.6022
10.6028
10.6033
10.6039
10.6044
10.605
10.6055
10.6061
10.6066
10.6072
10.6077
10.6083
10.6088
10.6094
10.6099
10.6105
10.611
10.6116
10.6121
10.6127
10.6132
10.6138
10.6143
10.6149
10.6155
10.616
10.6166
10.6171
10.6177
10.6182
10.6188
10.6194
10.6199
10.6205
10.621
10.6216
10.6222
10.6227
10.6233
10.6238
10.6244
10.625
10.6255
10.6261
10.6266
10.6272
10.6278
10.6283
10.6289
10.6294
10.63
10.6306
10.6311
10.6317
10.6322
10.6327
10.6333
10.6338
10.6344
10.6349
10.6354
10.636
10.6365
10.637
10.6375
10.6381
10.6386
10.6391
10.6397
10.6402
10.6407
10.6412
10.6418
10.6423
10.6428
10.6433
10.6439
10.6444
10.6449
10.6455
10.646
10.6465
10.647
10.6476
10.6481
10.6486
10.6492
10.6497
10.6502
10.6508
10.6513
10.6518
10.6523
10.6529
10.6534
10.6539
10.6545
10.655
10.6556
10.6561
10.6566
10.6572
10.6577
10.6582
10.6588
10.6593
10.6599
10.6604
10.6609
10.6615
10.662
10.6626
10.6631
10.6637
10.6642
10.6648
10.6653
10.6659
10.6664
10.667
10.6675
10.6681
10.6686
10.6692
10.6697
10.6703
10.6709
10.6714
10.672
10.6726
10.6731
10.6737
10.6742
10.6748
10.6754
10.6759
10.6765
10.6771
10.6776
10.6782
10.6788
10.6793
10.6799
10.6805
10.681
10.6816
10.6822
10.6827
10.6833
10.6838
10.6844
10.6849
10.6855
10.6861
10.6866
10.6872
10.6877
10.6882
10.6888
10.6893
10.6899
10.6904
10.691
10.6915
10.692
10.6926
10.6931
10.6936
10.6942
10.6947
10.6952
10.6957
10.6962
10.6968
10.6973
10.6978
10.6983
10.6988
10.6993
10.6998
10.7003
10.7008
10.7013
10.7018
10.7023
10.7028
10.7033
10.7038
10.7043
10.7047
10.7052
10.7057
10.7062
10.7067
10.7071
10.7076
10.7081
10.7086
10.709
10.7095
10.71
10.7104
10.7109
10.7114
10.7118
10.7123
10.7127
10.7132
10.7137
10.7141
10.7146
10.715
10.7154
10.7159
10.7163
10.7168
10.7172
10.7176
10.7181
10.7185
10.7189
10.7194
10.7198
10.7202
10.7206
10.7211
10.7215
10.7219
10.7223
10.7227
10.7231
10.7235
10.7239
10.7243
10.7247
10.7251
10.7256
10.7259
10.7263
10.7267
10.7271
10.7275
10.7279
10.7283
10.7287
10.7291
10.7295
10.7299
10.7303
10.7306
10.731
10.7314
10.7318
10.7322
10.7326
10.733
10.7333
10.7337
10.7341
10.7345
10.7349
10.7353
10.7356
10.736
10.7364
10.7368
10.7372
10.7376
10.7379
10.7383
10.7387
10.7391
10.7395
10.7399
10.7403
10.7406
10.741
10.7414
10.7418
10.7422
10.7426
10.743
10.7434
10.7438
10.7442
10.7446
10.745
10.7454
10.7458
10.7462
10.7466
10.747
10.7474
10.7478
10.7483
10.7487
10.7491
10.7495
10.7499
10.7503
10.7508
10.7512
10.7516
10.752
10.7525
10.7529
10.7533
10.7538
10.7542
10.7546
10.7551
10.7555
10.756
10.7564
10.7569
10.7573
10.7578
10.7582
10.7587
10.7591
10.7596
10.76
10.7605
10.761
10.7614
10.7619
10.7624
10.7628
10.7633
10.7638
10.7643
10.7647
10.7652
10.7657
10.7662
10.7667
10.7672
10.7676
10.7681
10.7686
10.7691
10.7696
10.7701
10.7706
10.7711
10.7716
10.7721
10.7726
10.7731
10.7736
10.7741
10.7746
10.7751
10.7756
10.776
10.7765
10.777
10.7775
10.778
10.7784
10.7789
10.7794
10.7799
10.7804
10.7808
10.7813
10.7818
10.7823
10.7827
10.7832
10.7837
10.7842
10.7847
10.7852
10.7857
10.7861
10.7866
10.7871
10.7876
10.7881
10.7886
10.7891
10.7896
10.7901
10.7906
10.7911
10.7916
10.7921
10.7926
10.7931
10.7936
10.7941
10.7947
10.7952
10.7957
10.7962
10.7967
10.7972
10.7977
10.7983
10.7988
10.7993
10.7998
10.8004
10.8009
10.8014
10.8019
10.8025
10.803
10.8035
10.8041
10.8046
10.8051
10.8057
10.8062
10.8068
10.8073
10.8079
10.8084
10.8089
10.8095
10.81
10.8106
10.8111
10.8117
10.8122
10.8128
10.8134
10.8139
10.8145
10.815
10.8156
10.8162
10.8167
10.8173
10.8179
10.8184
10.819
10.8196
10.8201
10.8207
10.8213
10.8218
10.8224
10.823
10.8236
10.8241
10.8247
10.8253
10.8259
10.8265
10.8271
10.8276
10.8282
10.8288
10.8294
10.83
10.8306
10.8312
10.8318
10.8324
10.833
10.8336
10.8342
10.8348
10.8354
10.836
10.8366
10.8372
10.8378
10.8384
10.839
10.8396
10.8403
10.8409
10.8415
10.8421
10.8427
10.8434
10.844
10.8446
10.8452
10.8459
10.8465
10.8471
10.8477
10.8484
10.849
10.8496
10.8503
10.8509
10.8516
10.8522
10.8528
10.8535
10.8541
10.8548
10.8554
10.8561
10.8567
10.8574
10.858
10.8587
10.8593
10.86
10.8606
10.8613
10.8619
10.8626
10.8632
10.8639
10.8646
10.8652
10.8659
10.8665
10.8672
10.8679
10.8685
10.8692
10.8699
10.8705
10.8712
10.8719
10.8726
10.8732
10.8739
10.8746
10.8753
10.8759
10.8766
10.8773
10.878
10.8787
10.8794
10.88
10.8807
10.8814
10.8821
10.8828
10.8835
10.8842
10.8849
10.8856
10.8863
10.887
10.8877
10.8884
10.8891
10.8898
10.8905
10.8912
10.8919
10.8926
10.8934
10.8941
10.8948
10.8955
10.8962
10.897
10.8977
10.8984
10.8991
10.8999
10.9006
10.9013
10.902
10.9028
10.9035
10.9042
10.905
10.9057
10.9064
10.9072
10.9079
10.9087
10.9094
10.9101
10.9109
10.9116
10.9124
10.9131
10.9139
10.9146
10.9153
10.9161
10.9168
10.9176
10.9183
10.9191
10.9198
10.9205
10.9213
10.922
10.9228
10.9235
10.9242
10.925
10.9257
10.9264
10.9272
10.9279
10.9286
10.9294
10.9301
10.9308
10.9315
10.9322
10.933
10.9337
10.9344
10.9351
10.9358
10.9365
10.9372
10.9379
10.9386
10.9393
10.94
10.9407
10.9414
10.942
10.9427
10.9434
10.9441
10.9448
10.9454
10.9461
10.9468
10.9474
10.9481
10.9487
10.9494
10.9501
10.9507
10.9514
10.952
10.9526
10.9533
10.9539
10.9545
10.9552
10.9558
10.9564
10.9571
10.9577
10.9583
10.9589
10.9595
10.9601
10.9608
10.9614
10.962
10.9626
10.9632
10.9638
10.9644
10.965
10.9656
10.9661
10.9667
10.9673
10.9679
10.9685
10.9691
10.9696
10.9702
10.9708
10.9714
10.9719
10.9725
10.9731
10.9736
10.9742
10.9748
10.9753
10.9759
10.9764
10.977
10.9776
10.9781
10.9787
10.9792
10.9798
10.9803
10.9809
10.9814
10.982
10.9825
10.9831
10.9836
10.9842
10.9847
10.9853
10.9858
10.9863
10.9869
10.9874
10.988
10.9885
10.9891
10.9896
10.9901
10.9907
10.9912
10.9918
10.9923
10.9928
10.9934
10.9939
10.9945
10.995
10.9955
10.9961
10.9966
10.9972
10.9977
10.9982
10.9988
10.9993
10.9998
11.0004
11.0009
11.0015
11.002
11.0025
11.0031
11.0036
11.0042
11.0047
11.0053
11.0058
11.0064
11.0069
11.0074
11.008
11.0085
11.0091
11.0096
11.0102
11.0107
11.0113
11.0118
11.0124
11.0129
11.0135
11.014
11.0146
11.0151
11.0157
11.0162
11.0168
11.0173
11.0179
11.0184
11.019
11.0196
11.0201
11.0207
11.0213
11.0218
11.0224
11.023
11.0235
11.0241
11.0247
11.0252
11.0258
11.0264
11.027
11.0276
11.0282
11.0287
11.0293
11.0299
11.0305
11.0311
11.0317
11.0323
11.0329
11.0335
11.0341
11.0347
11.0353
11.0359
11.0365
11.0372
11.0378
11.0384
11.039
11.0396
11.0403
11.0409
11.0415
11.0422
11.0428
11.0434
11.0441
11.0447
11.0454
11.046
11.0467
11.0473
11.048
11.0486
11.0493
11.0499
11.0506
11.0513
11.052
11.0526
11.0533
11.054
11.0547
11.0553
11.056
11.0567
11.0574
11.0581
11.0588
11.0595
11.0602
11.0609
11.0616
11.0623
11.063
11.0638
11.0645
11.0652
11.0659
11.0666
11.0674
11.0681
11.0688
11.0695
11.0703
11.071
11.0718
11.0725
11.0732
11.074
11.0747
11.0755
11.0762
11.077
11.0778
11.0785
11.0793
11.08
11.0808
11.0816
11.0823
11.0831
11.0839
11.0846
11.0854
11.0862
11.087
11.0878
11.0885
11.0893
11.0901
11.0909
11.0917
11.0925
11.0933
11.0941
11.0949
11.0957
11.0965
11.0973
11.0981
11.0989
11.0997
11.1005
11.1013
11.1021
11.1029
11.1038
11.1046
11.1054
11.1062
11.107
11.1078
11.1087
11.1095
11.1103
11.1111
11.112
11.1128
11.1136
11.1145
11.1153
11.1161
11.1169
11.1178
11.1186
11.1194
11.1203
11.1211
11.122
11.1228
11.1236
11.1245
11.1253
11.1261
11.127
11.1278
11.1286
11.1294
11.1303
11.1311
11.1319
11.1328
11.1336
11.1344
11.1352
11.136
11.1369
11.1377
11.1385
11.1393
11.1401
11.1409
11.1417
11.1425
11.1433
11.1441
11.1449
11.1457
11.1465
11.1473
11.1481
11.1489
11.1497
11.1505
11.1512
11.152
11.1528
11.1536
11.1544
11.1551
11.1559
11.1567
11.1575
11.1583
11.159
11.1598
11.1606
11.1614
11.1621
11.1629
11.1637
11.1644
11.1652
11.166
11.1668
11.1676
11.1683
11.1691
11.1699
11.1707
11.1715
11.1722
11.173
11.1738
11.1746
11.1754
11.1762
11.177
11.1778
11.1786
11.1793
11.1801
11.1809
11.1817
11.1825
11.1833
11.1841
11.185
11.1858
11.1866
11.1874
11.1882
11.189
11.1898
11.1906
11.1914
11.1923
11.1931
11.1939
11.1947
11.1955
11.1963
11.1972
11.198
11.1988
11.1996
11.2005
11.2013
11.2021
11.203
11.2038
11.2046
11.2054
11.2063
11.2071
11.2079
11.2088
11.2096
11.2104
11.2113
11.2121
11.213
11.2138
11.2146
11.2155
11.2163
11.2172
11.218
11.2188
11.2197
11.2205
11.2214
11.2222
11.2231
11.2239
11.2248
11.2256
11.2264
11.2273
11.2281
11.229
11.2298
11.2307
11.2315
11.2324
11.2332
11.2341
11.2349
11.2358
11.2366
11.2375
11.2383
11.2392
11.24
11.2408
11.2417
11.2425
11.2434
11.2442
11.245
11.2459
11.2467
11.2475
11.2484
11.2492
11.25
11.2509
11.2517
11.2525
11.2534
11.2542
11.255
11.2559
11.2567
11.2575
11.2584
11.2592
11.2601
11.2609
11.2617
11.2626
11.2634
11.2642
11.2651
11.2659
11.2668
11.2676
11.2685
11.2693
11.2702
11.271
11.2719
11.2727
11.2736
11.2744
11.2753
11.2761
11.277
11.2778
11.2787
11.2796
11.2804
11.2813
11.2821
11.283
11.2839
11.2847
11.2856
11.2865
11.2874
11.2882
11.2891
11.29
11.2908
11.2917
11.2926
11.2935
11.2944
11.2952
11.2961
11.297
11.2979
11.2988
11.2997
11.3005
11.3014
11.3023
11.3032
11.3041
11.305
11.3059
11.3068
11.3077
11.3086
11.3095
11.3104
11.3113
11.3122
11.3131
11.314
11.315
11.3159
11.3168
11.3177
11.3186
11.3196
11.3205
11.3214
11.3223
11.3233
11.3242
11.3252
11.3261
11.327
11.328
11.3289
11.3299
11.3308
11.3318
11.3327
11.3337
11.3346
11.3356
11.3366
11.3375
11.3385
11.3395
11.3404
11.3414
11.3424
11.3433
11.3443
11.3453
11.3463
11.3472
11.3482
11.3492
11.3502
11.3512
11.3522
11.3532
11.3541
11.3551
11.3561
11.3571
11.3581
11.3591
11.3601
11.3611
11.3621
11.3631
11.3641
11.3651
11.3662
11.3672
11.3682
11.3692
11.3702
11.3712
11.3723
11.3733
11.3743
11.3754
11.3764
11.3774
11.3785
11.3795
11.3806
11.3816
11.3827
11.3837
11.3848
11.3858
11.3869
11.3879
11.389
11.3901
11.3911
11.3922
11.3933
11.3944
11.3955
11.3966
11.3976
11.3987
11.3998
11.4009
11.402
11.4031
11.4043
11.4054
11.4065
11.4076
11.4087
11.4098
11.411
11.4121
11.4132
11.4144
11.4155
11.4166
11.4178
11.4189
11.4201
11.4212
11.4224
11.4235
11.4247
11.4258
11.427
11.4281
11.4293
11.4304
11.4316
11.4328
11.4339
11.4351
11.4363
11.4374
11.4386
11.4398
11.441
11.4421
11.4433
11.4445
11.4457
11.4468
11.448
11.4492
11.4504
11.4516
11.4527
11.4539
11.4551
11.4563
11.4575
11.4587
11.4598
11.461
11.4622
11.4634
11.4646
11.4658
11.467
11.4681
11.4693
11.4705
11.4717
11.4729
11.4741
11.4752
11.4764
11.4776
11.4788
11.48
11.4812
11.4823
11.4835
11.4847
11.4859
11.487
11.4882
11.4894
11.4906
11.4918
11.4929
11.4941
11.4953
11.4964
11.4976
11.4988
11.4999
11.5011
11.5023
11.5034
11.5046
11.5058
11.5069
11.5081
11.5092
11.5104
11.5116
11.5127
11.5139
11.515
11.5162
11.5173
11.5185
11.5196
11.5208
11.522
11.5231
11.5243
11.5254
11.5266
11.5277
11.5289
11.53
11.5312
11.5323
11.5335
11.5346
11.5358
11.5369
11.5381
11.5392
11.5404
11.5415
11.5427
11.5438
11.545
11.5461
11.5473
11.5485
11.5496
11.5508
11.552
11.5531
11.5543
11.5555
11.5566
11.5578
11.559
11.5601
11.5613
11.5625
11.5637
11.5649
11.5661
11.5672
11.5684
11.5696
11.5708
11.572
11.5732
11.5744
11.5756
11.5768
11.578
11.5793
11.5805
11.5817
11.5829
11.5841
11.5854
11.5866
11.5878
11.589
11.5903
11.5915
11.5928
11.594
11.5952
11.5965
11.5977
11.599
11.6002
11.6015
11.6028
11.604
11.6053
11.6066
11.6078
11.6091
11.6104
11.6117
11.613
11.6142
11.6155
11.6168
11.6181
11.6194
11.6207
11.622
11.6233
11.6246
11.626
11.6273
11.6286
11.6299
11.6312
11.6326
11.6339
11.6352
11.6366
11.6379
11.6393
11.6406
11.642
11.6433
11.6447
11.646
11.6474
11.6488
11.6501
11.6515
11.6529
11.6543
11.6557
11.6571
11.6584
11.6598
11.6612
11.6627
11.6641
11.6655
11.6669
11.6683
11.6697
11.6712
11.6726
11.674
11.6755
11.6769
11.6784
11.6798
11.6813
11.6827
11.6842
11.6857
11.6871
11.6886
11.6901
11.6916
11.6931
11.6946
11.6961
11.6976
11.6991
11.7006
11.7021
11.7036
11.7052
11.7067
11.7082
11.7098
11.7113
11.7129
11.7144
11.716
11.7176
11.7191
11.7207
11.7223
11.7239
11.7255
11.7271
11.7287
11.7303
11.7319
11.7335
11.7352
11.7368
11.7384
11.7401
11.7417
11.7434
11.745
11.7467
11.7484
11.7501
11.7518
11.7535
11.7552
11.7569
11.7586
11.7603
11.762
11.7637
11.7655
11.7672
11.769
11.7707
11.7725
11.7743
11.7761
11.7778
11.7796
11.7814
11.7832
11.7851
11.7869
11.7887
11.7905
11.7924
11.7942
11.7961
11.7979
11.7998
11.8017
11.8036
11.8055
11.8074
11.8093
11.8112
11.8131
11.815
11.817
11.8189
11.8209
11.8228
11.8248
11.8267
11.8287
11.8307
11.8327
11.8347
11.8367
11.8387
11.8407
11.8427
11.8447
11.8468
11.8488
11.8508
11.8529
11.8549
11.857
11.859
11.8611
11.8632
11.8652
11.8673
11.8693
11.8714
11.8735
11.8755
11.8776
11.8797
11.8818
11.8838
11.8859
11.888
11.8901
11.8922
11.8942
11.8963
11.8984
11.9005
11.9026
11.9047
11.9068
11.9089
11.911
11.9131
11.9152
11.9173
11.9194
11.9215
11.9236
11.9257
11.9277
11.9298
11.9319
11.934
11.9361
11.9382
11.9403
11.9424
11.9445
11.9466
11.9487
11.9508
11.9529
11.955
11.9571
11.9592
11.9613
11.9634
11.9655
11.9676
11.9697
11.9718
11.9739
11.976
11.9781
11.9802
11.9823
11.9844
11.9865
11.9886
11.9907
11.9928
11.995
11.9971
11.9992
12.0013
12.0035
12.0056
12.0077
12.0099
12.012
12.0141
12.0163
12.0184
12.0206
12.0227
12.0249
12.027
12.0292
12.0313
12.0335
12.0357
12.0378
12.04
12.0421
12.0443
12.0465
12.0486
12.0508
12.053
12.0552
12.0573
12.0595
12.0617
12.0638
12.066
12.0682
12.0704
12.0726
12.0747
12.0769
12.0791
12.0813
12.0835
12.0856
12.0878
12.09
12.0922
12.0944
12.0966
12.0988
12.101
12.1032
12.1054
12.1076
12.1098
12.112
12.1142
12.1164
12.1186
12.1208
12.123
12.1252
12.1274
12.1296
12.1318
12.134
12.1362
12.1384
12.1406
12.1428
12.145
12.1472
12.1493
12.1515
12.1537
12.1558
12.1579
12.16
12.1621
12.1642
12.1662
12.1683
12.1703
12.1723
12.1743
12.1762
12.1782
12.1801
12.1821
12.184
12.1859
12.1878
12.1897
12.1916
12.1934
12.1953
12.1972
12.199
12.2009
12.2027
12.2046
12.2065
12.2083
12.2102
12.212
12.2139
12.2157
12.2176
12.2194
12.2213
12.2231
12.225
12.2268
12.2286
12.2305
12.2323
12.2342
12.236
12.2378
12.2397
12.2415
12.2433
12.2451
12.247
12.2488
12.2506
12.2524
12.2543
12.2561
12.2579
12.2597
12.2615
12.2634
12.2652
12.267
12.2688
12.2706
12.2724
12.2742
12.276
12.2778
12.2796
12.2814
12.2832
12.285
12.2867
12.2885
12.2902
12.292
12.2937
12.2954
12.2971
12.2988
12.3005
12.3022
12.3039
12.3056
12.3073
12.309
12.3107
12.3123
12.314
12.3157
12.3174
12.3191
12.3207
12.3224
12.3241
12.3257
12.3274
12.329
12.3307
12.3324
12.334
12.3357
12.3373
12.339
12.3406
12.3423
12.3439
12.3456
12.3472
12.3489
12.3505
12.3521
12.3538
12.3554
12.357
12.3587
12.3603
12.3619
12.3636
12.3652
12.3668
12.3685
12.3701
12.3717
12.3733
12.3749
12.3766
12.3782
12.3798
12.3814
12.383
12.3847
12.3863
12.3879
12.3895
12.3911
12.3927
12.3943
12.3959
12.3975
12.3992
12.4008
12.4024
12.404
12.4056
12.4072
12.4088
12.4104
12.412
12.4136
12.4152
12.4168
12.4184
12.42
12.4216
12.4232
12.4248
12.4264
12.4279
12.4295
12.4311
12.4327
12.4343
12.4359
12.4375
12.4391
12.4407
12.4423
12.4439
12.4454
12.447
12.4486
12.4502
12.4518
12.4534
12.455
12.4565
12.4581
12.4597
12.4613
12.4629
12.4645
12.4661
12.4676
12.4692
12.4708
12.4724
12.474
12.4756
12.4771
12.4787
12.4803
12.4819
12.4835
12.485
12.4866
12.4882
12.4898
12.4914
12.4929
12.4945
12.4961
12.4977
12.4993
12.5008
12.5024
12.504
12.5056
12.5071
12.5087
12.5103
12.5118
12.5134
12.515
12.5166
12.5181
12.5197
12.5213
12.5228
12.5244
12.5259
12.5275
12.5291
12.5306
12.5322
12.5337
12.5353
12.5369
12.5384
12.54
12.5415
12.5431
12.5446
12.5462
12.5477
12.5493
12.5508
12.5524
12.5539
12.5555
12.557
12.5585
12.5601
12.5616
12.5632
12.5647
12.5663
12.5678
12.5694
12.5709
12.5724
12.574
12.5755
12.5771
12.5786
12.5802
12.5817
12.5832
12.5848
12.5863
12.5879
12.5894
12.591
12.5925
12.5941
12.5956
12.5972
12.5987
12.6002
12.6018
12.6033
12.6048
12.6064
12.6079
12.6094
12.611
12.6125
12.6142
12.6159
12.6176
12.6193
12.621
12.6227
12.6244
12.6261
12.6278
12.6295
12.6312
12.6329
12.6345
12.6362
12.6379
12.6396
12.6413
12.6429
12.6446
12.6463
12.648
