distance
0
-1.08216e-07
-4.10136e-07
-7.64601e-07
-1.28871e-06
-1.94394e-06
-2.80363e-06
-3.82713e-06
-5.08728e-06
-6.54542e-06
-8.27056e-06
-1.02259e-05
-1.24749e-05
-1.49834e-05
-1.78089e-05
-2.09308e-05
-2.44041e-05
-2.82071e-05
-3.23847e-05
-3.69201e-05
-4.18495e-05
-4.71271e-05
-5.28469e-05
-5.90395e-05
-6.57704e-05
-7.3045e-05
-8.09133e-05
-8.93567e-05
-9.84367e-05
-0.00010817
-0.000118595
-0.000129704
-0.000141542
-0.000154074
-0.000167181
-0.000180734
-0.000194479
-0.000208614
-0.000222997
-0.000237387
-0.000252087
-0.000266893
-0.000281595
-0.000296363
-1.47653e-05
-2.9378e-05
-4.41084e-05
-5.87254e-05
-7.30056e-05
-8.67362e-05
-0.000100307
-0.000113533
-0.000126179
-0.000138052
-0.000149593
-0.000160588
-0.000170824
-0.000180212
-0.0001891
-0.000197397
-0.000204887
-0.000211309
-0.00021689
-0.000221338
-0.000225102
-0.000228068
-0.000229895
-0.000230527
-0.00022975
-0.000228011
-0.000225545
-0.000222049
-0.000217172
-0.000210523
-0.000201913
-0.000191829
-0.000180094
-0.000166412
-0.000150562
-0.00013232
-0.000112283
-9.01388e-05
-6.56321e-05
-3.84959e-05
-8.64834e-06
2.36919e-05
5.87885e-05
9.69072e-05
0.000137499
0.000180835
0.000227299
0.00027707
0.000330374
0.00038661
0.000446159
0.00050922
0.00057616
0.00064701
0.000721905
0.000800953
0.000883459
0.000969657
0.00105988
0.00115432
0.0012529
0.00135573
0.00146214
0.00157227
0.00168633
0.00180414
0.00192585
0.00205072
0.00217887
0.00231042
0.0024448
0.00258203
0.00272219
0.00286471
0.00300971
0.00315717
0.00330664
0.00345812
0.00361172
0.00376695
0.00392252
0.00407895
0.00423624
0.00439443
0.00455574
0.00472028
0.00488762
0.00505798
0.00523052
0.00540526
0.00558241
0.00576172
0.00594338
0.00612751
0.00631408
0.00650322
0.00669514
0.00688965
0.00708696
0.00728707
0.00748991
0.00769552
0.00790392
0.00811481
0.0083282
0.008544
0.00876206
0.00898157
0.00920281
0.00942594
0.0096512
0.0098786
0.0101081
0.0103397
0.0105736
0.0108096
0.0110479
0.0112885
0.0115314
0.0117766
0.0120241
0.0122739
0.012526
0.0127805
0.0130373
0.0132964
0.013558
0.0138217
0.0140878
0.0143562
0.014627
0.0149001
0.0151755
0.0154533
0.0157335
0.0160161
0.0163011
0.0165885
0.0168784
0.0171707
0.0174657
0.0177632
0.0180633
0.0183661
0.0186716
0.0189798
0.0192908
0.0196046
0.0199214
0.0202412
0.020564
0.0208899
0.0212189
0.0215512
0.0218867
0.0222255
0.0225677
0.0229133
0.0232623
0.0236149
0.023971
0.0243307
0.024694
0.025061
0.0254317
0.0258061
0.0261843
0.0265663
0.0269522
0.0273419
0.0277355
0.0281331
0.0285346
0.02894
0.0293495
0.0297631
0.0301807
0.0306023
0.031028
0.0314579
0.0318918
0.0323299
0.0327721
0.0332184
0.033669
0.0341238
0.0345827
0.0350459
0.0355134
0.0359852
0.0364612
0.0369415
0.0374261
0.037915
0.0384081
0.0389056
0.0394072
0.0399132
0.0404233
0.0409376
0.041456
0.0419787
0.0425054
0.0430362
0.0435712
0.0441104
0.0446537
0.0452012
0.0457526
0.0463082
0.0468677
0.0474314
0.0479988
0.0485703
0.0491457
0.049725
0.050308
0.0508948
0.0514853
0.0520794
0.0526771
0.0532783
0.053883
0.054491
0.0551023
0.0557169
0.0563347
0.0569554
0.0575792
0.0582059
0.0588354
0.0594677
0.0601026
0.06074
0.06138
0.0620224
0.0626669
0.0633139
0.0639629
0.0646141
0.0652673
0.0659226
0.0665797
0.0672389
0.0678998
0.0685625
0.069227
0.0698933
0.0705611
0.0712306
0.0719016
0.0725741
0.0732482
0.0739237
0.0746005
0.0752787
0.0759582
0.0766389
0.0773209
0.078004
0.0786882
0.0793736
0.0800599
0.0807451
0.0814269
0.0821037
0.0827751
0.0834415
0.0841037
0.0847626
0.0854193
0.0860742
0.086728
0.0873807
0.0880327
0.088684
0.0893348
0.0899849
0.0906346
0.0912837
0.0919324
0.0925804
0.0932281
0.0938755
0.0945232
0.095171
0.0958195
0.0964686
0.0971186
0.0977694
0.0984212
0.099074
0.0997278
0.100383
0.101039
0.101696
0.102354
0.103013
0.103673
0.104335
0.104997
0.105661
0.106326
0.106991
0.107658
0.108326
0.108995
0.109665
0.110336
0.111008
0.111682
0.112356
0.113031
0.113708
0.114386
0.115065
0.115745
0.116426
0.117108
0.117792
0.118476
0.119162
0.119849
0.120537
0.121227
0.121917
0.122609
0.123302
0.123997
0.124692
0.125389
0.126087
0.126786
0.127487
0.128188
0.128891
0.129595
0.130301
0.131008
0.131716
0.132425
0.133135
0.133847
0.13456
0.135275
0.13599
0.136707
0.137426
0.138145
0.138866
0.139588
0.140312
0.141037
0.141763
0.142491
0.14322
0.143951
0.144683
0.145417
0.146151
0.146888
0.147626
0.148365
0.149106
0.149848
0.150592
0.151337
0.152084
0.152833
0.153583
0.154328
0.155071
0.155813
0.156554
0.157295
0.158036
0.158777
0.15952
0.16026
0.161002
0.161747
0.162495
0.163248
0.164004
0.164765
0.165529
0.166297
0.16707
0.167846
0.168626
0.16941
0.170198
0.170989
0.171785
0.172584
0.173388
0.174195
0.175003
0.175815
0.17663
0.177448
0.17827
0.179095
0.179924
0.180756
0.181592
0.182432
0.183275
0.184121
0.18497
0.185823
0.186678
0.187537
0.188399
0.189263
0.19013
0.191001
0.191873
0.192749
0.193628
0.194509
0.195393
0.19628
0.19717
0.198062
0.198958
0.199856
0.200757
0.20166
0.202567
0.203476
0.204387
0.205301
0.206218
0.207138
0.208059
0.208984
0.20991
0.210839
0.21177
0.212702
0.213637
0.214574
0.215513
0.216453
0.217395
0.218339
0.219284
0.22023
0.221178
0.222127
0.223077
0.224029
0.224981
0.225934
0.226888
0.227843
0.228798
0.229755
0.230711
0.231669
0.232626
0.233585
0.234543
0.235502
0.236461
0.23742
0.238379
0.239338
0.240297
0.241256
0.242215
0.243174
0.244133
0.245092
0.24605
0.247008
0.247965
0.248922
0.249879
0.250835
0.25179
0.252745
0.253699
0.254653
0.255606
0.256558
0.257509
0.25846
0.259409
0.260358
0.261306
0.262253
0.263198
0.264143
0.265087
0.26603
0.266971
0.267912
0.268851
0.269789
0.270726
0.271662
0.272597
0.273531
0.274463
0.275394
0.276324
0.277252
0.278179
0.279105
0.28003
0.280954
0.281876
0.282797
0.283717
0.284636
0.285553
0.286469
0.287384
0.288297
0.28921
0.290121
0.29103
0.291939
0.292846
0.293753
0.294658
0.295562
0.296465
0.297367
0.298268
0.299168
0.300068
0.300966
0.301864
0.302761
0.303657
0.304553
0.305449
0.306343
0.307238
0.308132
0.309026
0.309919
0.310813
0.311706
0.312598
0.31349
0.314382
0.315274
0.316166
0.317057
0.317948
0.318839
0.319729
0.320619
0.321509
0.322398
0.323288
0.324177
0.325066
0.325955
0.326844
0.327732
0.328621
0.32951
0.330398
0.331287
0.332176
0.333064
0.333953
0.334841
0.33573
0.336619
0.337508
0.338397
0.339286
0.340176
0.341065
0.341955
0.342845
0.343735
0.344625
0.345515
0.346406
0.347297
0.348188
0.34908
0.349972
0.350864
0.351757
0.35265
0.353544
0.354438
0.355333
0.356228
0.357123
0.358019
0.358916
0.359813
0.360711
0.36161
0.362509
0.363409
0.364309
0.36521
0.366112
0.367015
0.367918
0.368822
0.369727
0.370633
0.371539
0.372446
0.373353
0.37426
0.375167
0.376071
0.376975
0.377876
0.378776
0.379675
0.380572
0.381468
0.382363
0.383258
0.384153
0.385047
0.385941
0.386834
0.387727
0.38862
0.389513
0.390405
0.391297
0.392189
0.39308
0.393972
0.394862
0.395753
0.396643
0.397534
0.398424
0.399315
0.400205
0.401096
0.401987
0.402878
0.403769
0.40466
0.405552
0.406445
0.407338
0.408232
0.409126
0.410021
0.410917
0.411813
0.41271
0.413607
0.414505
0.415404
0.416304
0.417204
0.418105
0.419007
0.41991
0.420814
0.421721
0.42263
0.423541
0.424454
0.425369
0.426287
0.427207
0.428129
0.429053
0.429979
0.430908
0.431838
0.432771
0.433706
0.434643
0.435583
0.436524
0.437468
0.438414
0.439362
0.440313
0.441266
0.442221
0.443178
0.444138
0.4451
0.446065
0.447032
0.448001
0.448972
0.449946
0.450922
0.451901
0.452882
0.453865
0.454851
0.455839
0.45683
0.457823
0.458818
0.459816
0.460816
0.461819
0.462824
0.463831
0.46484
0.465852
0.466866
0.467883
0.468901
0.469921
0.470942
0.471964
0.472987
0.47401
0.475034
0.476058
0.477083
0.478108
0.479134
0.480159
0.481186
0.482213
0.483241
0.48427
0.4853
0.486331
0.487363
0.488396
0.489431
0.490468
0.491506
0.492545
0.493587
0.49463
0.495675
0.496722
0.497771
0.498821
0.499874
0.500928
0.501985
0.503043
0.504104
0.505166
0.506231
0.507297
0.508365
0.509436
0.510508
0.511583
0.51266
0.513738
0.514819
0.515902
0.516986
0.518073
0.519162
0.520253
0.521346
0.522441
0.523538
0.524637
0.525739
0.526842
0.527948
0.529055
0.530165
0.531276
0.53239
0.533506
0.534624
0.535744
0.536866
0.53799
0.539117
0.540245
0.541376
0.542508
0.543643
0.544779
0.545918
0.547059
0.548202
0.549348
0.550495
0.551644
0.552796
0.553949
0.555105
0.556263
0.557422
0.558584
0.559748
0.560914
0.562082
0.563253
0.564425
0.5656
0.566776
0.567955
0.569136
0.57032
0.571505
0.572693
0.573883
0.575075
0.576269
0.577466
0.578665
0.579866
0.581069
0.582275
0.583483
0.584693
0.585906
0.587121
0.588338
0.589557
0.590779
0.592003
0.593229
0.594458
0.595688
0.596921
0.598156
0.599394
0.600634
0.601876
0.60312
0.604366
0.605615
0.606866
0.608119
0.609374
0.610631
0.611891
0.613152
0.614416
0.615679
0.616938
0.618193
0.619444
0.620692
0.621939
0.623187
0.624437
0.625688
0.626942
0.628199
0.629457
0.630718
0.631981
0.633247
0.634515
0.635785
0.637057
0.638332
0.63961
0.640889
0.642171
0.643456
0.644743
0.646032
0.647324
0.648618
0.649915
0.651214
0.652516
0.653819
0.655126
0.656435
0.657746
0.65906
0.660376
0.661695
0.663016
0.66434
0.665666
0.666995
0.668326
0.669659
0.670996
0.672334
0.673676
0.67502
0.676367
0.677716
0.679068
0.680423
0.68178
0.68314
0.684503
0.685868
0.687236
0.688607
0.689981
0.691357
0.692736
0.694114
0.695493
0.696871
0.698249
0.699627
0.701005
0.702384
0.703762
0.705141
0.706521
0.707902
0.709284
0.710668
0.712053
0.713441
0.714831
0.716223
0.717619
0.719017
0.720419
0.721825
0.723235
0.724648
0.726066
0.727488
0.728915
0.730346
0.73178
0.733219
0.734661
0.736106
0.737555
0.739007
0.740462
0.741919
0.743379
0.744842
0.746307
0.747774
0.749243
0.750714
0.752186
0.75366
0.755136
0.756613
0.758092
0.759572
0.761053
0.762536
0.76402
0.765505
0.766991
0.768479
0.769969
0.77146
0.772952
0.774447
0.775942
0.77744
0.778939
0.78044
0.781943
0.783448
0.784954
0.786461
0.787968
0.789475
0.790983
0.792489
0.793995
0.7955
0.797003
0.798505
0.800006
0.801504
0.803002
0.804499
0.805995
0.80749
0.808985
0.81048
0.811975
0.81347
0.814965
0.81646
0.817955
0.819451
0.820947
0.822444
0.823941
0.825438
0.826935
0.828432
0.829929
0.831426
0.832924
0.83442
0.835917
0.837413
0.838909
0.840404
0.841898
0.843392
0.844884
0.846375
0.847864
0.849351
0.850837
0.85232
0.853801
0.85528
0.856755
0.858228
0.859698
0.861165
0.862629
0.864089
0.865546
0.867
0.868449
0.869895
0.871337
0.872776
0.87421
0.87564
0.877066
0.878489
0.879907
0.881321
0.882731
0.884137
0.885539
0.886936
0.88833
0.889719
0.891104
0.892485
0.893862
0.895235
0.896604
0.897969
0.89933
0.900687
0.902041
0.90339
0.904737
0.906079
0.907418
0.908753
0.910086
0.911414
0.91274
0.914062
0.915382
0.916697
0.91801
0.91932
0.920626
0.921929
0.923229
0.924525
0.925818
0.927107
0.928394
0.929677
0.930957
0.932233
0.933507
0.934777
0.936044
0.937308
0.93857
0.939828
0.941084
0.942337
0.943587
0.944834
0.946079
0.947321
0.948561
0.949798
0.951032
0.952264
0.953494
0.95472
0.955945
0.957167
0.958386
0.959603
0.960818
0.96203
0.96324
0.964447
0.965653
0.966856
0.968057
0.969255
0.970452
0.971646
0.972839
0.97403
0.975218
0.976405
0.97759
0.978774
0.979955
0.981136
0.982314
0.983491
0.984666
0.98584
0.987013
0.988184
0.989354
0.990522
0.99169
0.992855
0.99402
0.995184
0.996346
0.997507
0.998667
0.999826
1.00098
1.00214
1.0033
1.00445
1.00561
1.00676
1.00791
1.00906
1.01021
1.01136
1.01251
1.01366
1.01481
1.01596
1.0171
1.01825
1.01939
1.02054
1.02168
1.02283
1.02397
1.02511
1.02625
1.02739
1.02853
1.02967
1.03081
1.03195
1.03309
1.03423
1.03537
1.03651
1.03765
1.03879
1.03992
1.04106
1.0422
1.04334
1.04448
1.04561
1.04675
1.04789
1.04903
1.05016
1.0513
1.05244
1.05358
1.05472
1.05585
1.05699
1.05813
1.05927
1.06041
1.06155
1.06269
1.06383
1.06497
1.06611
1.06726
1.0684
1.06954
1.07069
1.07183
1.07297
1.07412
1.07526
1.07641
1.07756
1.07871
1.07985
1.081
1.08215
1.0833
1.08445
1.0856
1.08676
1.08791
1.08906
1.09022
1.09137
1.09253
1.09369
1.09485
1.09601
1.09717
1.09834
1.0995
1.10067
1.10184
1.10301
1.10418
1.10535
1.10653
1.1077
1.10888
1.11006
1.11124
1.11242
1.1136
1.11479
1.11597
1.11716
1.11835
1.11954
1.12073
1.12192
1.12311
1.1243
1.1255
1.12669
1.12789
1.12908
1.13028
1.13148
1.13268
1.13388
1.13508
1.13628
1.13748
1.13868
1.13988
1.14109
1.14229
1.1435
1.14471
1.14591
1.14712
1.14833
1.14954
1.15075
1.15197
1.15318
1.15439
1.15561
1.15683
1.15804
1.15926
1.16048
1.16171
1.16293
1.16415
1.16538
1.1666
1.16783
1.16906
1.17029
1.17153
1.17276
1.174
1.17523
1.17647
1.17771
1.17895
1.1802
1.18144
1.18269
1.18393
1.18518
1.18643
1.18769
1.18894
1.19019
1.19145
1.19271
1.19397
1.19523
1.19649
1.19776
1.19902
1.20029
1.20156
1.20283
1.2041
1.20537
1.20665
1.20792
1.2092
1.21048
1.21176
1.21304
1.21433
1.21561
1.2169
1.21819
1.21948
1.22077
1.22206
1.22335
1.22465
1.22594
1.22724
1.22854
1.22984
1.23114
1.23245
1.23375
1.23506
1.23637
1.23768
1.23899
1.2403
1.24161
1.24292
1.24424
1.24556
1.24688
1.2482
1.24952
1.25084
1.25216
1.25349
1.25482
1.25615
1.25748
1.25881
1.26014
1.26147
1.26281
1.26415
1.26549
1.26683
1.26817
1.26951
1.27085
1.2722
1.27355
1.2749
1.27625
1.2776
1.27895
1.2803
1.28166
1.28302
1.28438
1.28574
1.2871
1.28846
1.28982
1.29119
1.29255
1.29392
1.29529
1.29666
1.29803
1.2994
1.30077
1.30215
1.30352
1.3049
1.30627
1.30764
1.309
1.31037
1.31173
1.31309
1.31444
1.3158
1.31716
1.31852
1.31988
1.32125
1.32261
1.32397
1.32534
1.3267
1.32807
1.32943
1.3308
1.33217
1.33354
1.33491
1.33628
1.33765
1.33902
1.34039
1.34176
1.34313
1.3445
1.34587
1.34725
1.34862
1.34999
1.35137
1.35274
1.35412
1.35549
1.35687
1.35824
1.35962
1.361
1.36238
1.36376
1.36513
1.36651
1.36789
1.36928
1.37066
1.37204
1.37342
1.37481
1.37619
1.37758
1.37896
1.38035
1.38174
1.38313
1.38452
1.38591
1.3873
1.38869
1.39009
1.39148
1.39288
1.39428
1.39568
1.39708
1.39848
1.39988
1.40128
1.40269
1.40409
1.4055
1.40691
1.40832
1.40973
1.41115
1.41256
1.41398
1.4154
1.41682
1.41824
1.41967
1.42109
1.42252
1.42395
1.42538
1.42681
1.42825
1.42968
1.43112
1.43256
1.434
1.43545
1.43689
1.43834
1.43979
1.44124
1.44269
1.44415
1.44561
1.44707
1.44853
1.44999
1.45146
1.45293
1.4544
1.45587
1.45734
1.45882
1.4603
1.46178
1.46326
1.46475
1.46624
1.46773
1.46922
1.47072
1.47221
1.47371
1.47521
1.47672
1.47822
1.47973
1.48124
1.48275
1.48427
1.48579
1.48731
1.48883
1.49035
1.49188
1.49341
1.49494
1.49648
1.49801
1.49955
1.50109
1.50264
1.50418
1.50573
1.50728
1.50883
1.51039
1.51195
1.51351
1.51507
1.51663
1.5182
1.51977
1.52134
1.52292
1.52449
1.52607
1.52765
1.52924
1.53082
1.53241
1.534
1.53559
1.53719
1.53879
1.54039
1.54199
1.54359
1.5452
1.54681
1.54842
1.55004
1.55165
1.55327
1.55489
1.55651
1.55814
1.55977
1.5614
1.56303
1.56466
1.5663
1.56794
1.56958
1.57122
1.57287
1.57452
1.57617
1.57782
1.57948
1.58113
1.58279
1.58445
1.58612
1.58779
1.58945
1.59112
1.5928
1.59447
1.59615
1.59783
1.59951
1.6012
1.60288
1.60457
1.60626
1.60795
1.60965
1.61134
1.61304
1.61474
1.61645
1.61815
1.61986
1.62156
1.62326
1.62496
1.62666
1.62836
1.63005
1.63175
1.63344
1.63513
1.63682
1.63851
1.6402
1.64189
1.64358
1.64526
1.64695
1.64864
1.65033
1.65202
1.65371
1.6554
1.65709
1.65879
1.66048
1.66218
1.66388
1.66559
1.66729
1.669
1.67071
1.67241
1.67412
1.67583
1.67754
1.67926
1.68097
1.68268
1.68439
1.6861
1.68781
1.68952
1.69123
1.69294
1.69464
1.69635
1.69805
1.69976
1.70146
1.70316
1.70486
1.70656
1.70826
1.70996
1.71165
1.71334
1.71503
1.71671
1.71839
1.72007
1.72174
1.72341
1.72508
1.72674
1.7284
1.73006
1.73171
1.73336
1.73501
1.73665
1.73829
1.73993
1.74157
1.7432
1.74483
1.74645
1.74808
1.7497
1.75131
1.75293
1.75454
1.75615
1.75776
1.75936
1.76097
1.76257
1.76416
1.76575
1.76734
1.76893
1.77051
1.77209
1.77367
1.77524
1.77681
1.77837
1.77993
1.78149
1.78304
1.78459
1.78613
1.78767
1.78921
1.79074
1.79227
1.79379
1.79531
1.79682
1.79834
1.79984
1.80135
1.80285
1.80434
1.80583
1.80732
1.8088
1.81028
1.81176
1.81323
1.81469
1.81616
1.81761
1.81907
1.82052
1.82196
1.82341
1.82485
1.82628
1.82772
1.82915
1.83057
1.83199
1.83341
1.83483
1.83624
1.83765
1.83906
1.84047
1.84187
1.84326
1.84466
1.84605
1.84744
1.84883
1.85021
1.85159
1.85297
1.85434
1.85571
1.85708
1.85845
1.85981
1.86118
1.86253
1.86389
1.86524
1.8666
1.86795
1.86929
1.87064
1.87198
1.87332
1.87466
1.876
1.87734
1.87867
1.88001
1.88134
1.88267
1.884
1.88533
1.88665
1.88798
1.8893
1.89062
1.89195
1.89327
1.89459
1.89591
1.89722
1.89854
1.89986
1.90117
1.90249
1.9038
1.90511
1.90643
1.90774
1.90905
1.91036
1.91167
1.91298
1.91429
1.9156
1.9169
1.91821
1.91952
1.92082
1.92213
1.92344
1.92474
1.92605
1.92735
1.92866
1.92997
1.93127
1.93258
1.93388
1.93519
1.93649
1.9378
1.93911
1.94042
1.94172
1.94303
1.94434
1.94565
1.94696
1.94827
1.94957
1.95088
1.9522
1.95351
1.95482
1.95613
1.95744
1.95875
1.96007
1.96138
1.96269
1.96401
1.96532
1.96664
1.96796
1.96927
1.97059
1.97191
1.97323
1.97454
1.97586
1.97718
1.9785
1.97983
1.98115
1.98247
1.98379
1.98512
1.98644
1.98777
1.98909
1.99042
1.99175
1.99308
1.99441
1.99574
1.99707
1.9984
1.99973
2.00106
2.0024
2.00373
2.00507
2.0064
2.00774
2.00908
2.01041
2.01175
2.01309
2.01443
2.01578
2.01712
2.01846
2.0198
2.02115
2.02249
2.02384
2.02519
2.02654
2.02788
2.02923
2.03058
2.03193
2.03328
2.03464
2.03599
2.03734
2.0387
2.04005
2.04141
2.04276
2.04412
2.04548
2.04684
2.04819
2.04955
2.0509
2.05226
2.05361
2.05496
2.0563
2.05765
2.05899
2.06033
2.06167
2.06301
2.06435
2.06568
2.06702
2.06835
2.06969
2.07102
2.07235
2.07369
2.07502
2.07636
2.0777
2.07903
2.08037
2.08171
2.08305
2.08438
2.08572
2.08706
2.08841
2.08975
2.09109
2.09243
2.09378
2.09512
2.09647
2.09782
2.09916
2.10051
2.10187
2.10322
2.10457
2.10593
2.10728
2.10864
2.11
2.11136
2.11272
2.11409
2.11545
2.11682
2.11819
2.11956
2.12094
2.12231
2.12369
2.12507
2.12645
2.12783
2.12921
2.1306
2.13199
2.13338
2.13477
2.13616
2.13756
2.13895
2.14035
2.14175
2.14316
2.14456
2.14597
2.14737
2.14878
2.15019
2.15161
2.15302
2.15444
2.15586
2.15728
2.1587
2.16012
2.16154
2.16297
2.1644
2.16583
2.16726
2.16869
2.17012
2.17155
2.17299
2.17442
2.17586
2.1773
2.17874
2.18018
2.18163
2.18307
2.18452
2.18596
2.18741
2.18886
2.19031
2.19176
2.19321
2.19466
2.19612
2.19757
2.19903
2.20048
2.20194
2.2034
2.20486
2.20632
2.20778
2.20924
2.21069
2.21214
2.21358
2.21503
2.21647
2.21791
2.21935
2.22079
2.22224
2.22368
2.22513
2.22657
2.22802
2.22947
2.23092
2.23237
2.23382
2.23528
2.23673
2.23819
2.23964
2.2411
2.24256
2.24402
2.24548
2.24694
2.2484
2.24986
2.25133
2.25279
2.25426
2.25572
2.25719
2.25866
2.26013
2.2616
2.26307
2.26454
2.26602
2.26749
2.26897
2.27044
2.27192
2.2734
2.27488
2.27636
2.27784
2.27932
2.2808
2.28229
2.28377
2.28526
2.28675
2.28824
2.28973
2.29122
2.29271
2.29421
2.2957
2.2972
2.2987
2.3002
2.3017
2.3032
2.3047
2.30621
2.30772
2.30922
2.31073
2.31224
2.31375
2.31527
2.31678
2.3183
2.31982
2.32134
2.32286
2.32438
2.32591
2.32743
2.32896
2.33049
2.33202
2.33356
2.33509
2.33663
2.33817
2.33971
2.34126
2.3428
2.34435
2.3459
2.34745
2.349
2.35056
2.35212
2.35367
2.35524
2.3568
2.35836
2.35993
2.3615
2.36307
2.36465
2.36622
2.3678
2.36938
2.37097
2.37255
2.37414
2.37573
2.37732
2.37891
2.38051
2.38211
2.38371
2.38531
2.38692
2.38852
2.39013
2.39174
2.39336
2.39497
2.39659
2.39821
2.39984
2.40146
2.40309
2.40472
2.40635
2.40799
2.40962
2.41126
2.41291
2.41455
2.4162
2.41784
2.4195
2.42115
2.4228
2.42446
2.42612
2.42779
2.42945
2.43112
2.43279
2.43446
2.43613
2.43781
2.43949
2.44117
2.44285
2.44454
2.44622
2.44791
2.4496
2.4513
2.453
2.45469
2.45639
2.4581
2.4598
2.46151
2.46322
2.46493
2.46665
2.46836
2.47008
2.4718
2.47353
2.47525
2.47698
2.47871
2.48044
2.48217
2.48391
2.48564
2.48738
2.48913
2.49087
2.49262
2.49436
2.49611
2.49787
2.49962
2.50138
2.50313
2.50489
2.50666
2.50842
2.51019
2.51196
2.51373
2.5155
2.51727
2.51905
2.52083
2.52261
2.52439
2.52617
2.52796
2.52975
2.53154
2.53333
2.53512
2.53692
2.53872
2.54052
2.54232
2.54412
2.54593
2.54774
2.54954
2.55136
2.55317
2.55498
2.5568
2.55862
2.56044
2.56225
2.56406
2.56587
2.56767
2.56947
2.57126
2.57306
2.57484
2.57663
2.5784
2.58018
2.58195
2.58372
2.58549
2.58725
2.58902
2.59078
2.59254
2.5943
2.59606
2.59782
2.59958
2.60134
2.60311
2.60487
2.60664
2.6084
2.61017
2.61194
2.6137
2.61547
2.61724
2.619
2.62077
2.62254
2.6243
2.62606
2.62783
2.62959
2.63135
2.6331
2.63486
2.63662
2.63837
2.64013
2.64188
2.64363
2.64538
2.64712
2.64887
2.65061
2.65236
2.6541
2.65584
2.65758
2.65931
2.66105
2.66278
2.6645
2.66622
2.66793
2.66964
2.67134
2.67304
2.67473
2.67641
2.67809
2.67977
2.68144
2.68311
2.68477
2.68642
2.68808
2.68973
2.69137
2.69301
2.69465
2.69628
2.69791
2.69954
2.70117
2.70279
2.70441
2.70602
2.70764
2.70925
2.71086
2.71246
2.71406
2.71566
2.71725
2.71884
2.72043
2.72201
2.72359
2.72517
2.72674
2.7283
2.72986
2.73141
2.73295
2.73448
2.73601
2.73753
2.73905
2.74056
2.74207
2.74357
2.74506
2.74656
2.74804
2.74952
2.751
2.75247
2.75394
2.75541
2.75687
2.75833
2.75979
2.76124
2.76269
2.76414
2.76558
2.76702
2.76846
2.7699
2.77133
2.77277
2.77419
2.77562
2.77704
2.77846
2.77988
2.78129
2.7827
2.78411
2.78552
2.78692
2.78831
2.78971
2.7911
2.79249
2.79388
2.79526
2.79664
2.79802
2.79939
2.80076
2.80213
2.8035
2.80486
2.80622
2.80758
2.80893
2.81029
2.81164
2.81299
2.81434
2.81568
2.81702
2.81836
2.8197
2.82104
2.82238
2.82371
2.82504
2.82637
2.8277
2.82903
2.83035
2.83168
2.833
2.83432
2.83564
2.83695
2.83827
2.83958
2.8409
2.84221
2.84352
2.84483
2.84614
2.84744
2.84875
2.85005
2.85135
2.85266
2.85396
2.85526
2.85655
2.85785
2.85915
2.86044
2.86174
2.86303
2.86432
2.86561
2.8669
2.86819
2.86948
2.87077
2.87205
2.87334
2.87463
2.87591
2.87719
2.87848
2.87976
2.88104
2.88232
2.8836
2.88488
2.88616
2.88744
2.88872
2.89
2.89127
2.89255
2.89383
2.8951
2.89638
2.89766
2.89893
2.9002
2.90148
2.90275
2.90403
2.9053
2.90657
2.90785
2.90912
2.91039
2.91166
2.91294
2.91421
2.91548
2.91675
2.91802
2.9193
2.92057
2.92184
2.92311
2.92438
2.92565
2.92693
2.9282
2.92947
2.93074
2.93201
2.93329
2.93456
2.93583
2.93711
2.93838
2.93965
2.94093
2.9422
2.94348
2.94475
2.94603
2.9473
2.94858
2.94985
2.95113
2.95241
2.95369
2.95496
2.95624
2.95752
2.9588
2.96008
2.96136
2.96264
2.96392
2.9652
2.96648
2.96776
2.96905
2.97033
2.97161
2.97289
2.97418
2.97546
2.97674
2.97803
2.97931
2.9806
2.98188
2.98316
2.98444
2.98571
2.98698
2.98824
2.98951
2.99077
2.99203
2.99328
2.99454
2.9958
2.99706
2.99831
2.99957
3.00083
3.00208
3.00334
3.00459
3.00585
3.0071
3.00835
3.00961
3.01086
3.01211
3.01336
3.01462
3.01587
3.01712
3.01836
3.01961
3.02086
3.0221
3.02335
3.0246
3.02584
3.02708
3.02833
3.02958
3.03082
3.03207
3.03331
3.03456
3.03581
3.03706
3.03831
3.03956
3.04081
3.04206
3.04331
3.04456
3.04581
3.04707
3.04832
3.04958
3.05083
3.05209
3.05334
3.0546
3.05586
3.05711
3.05837
3.05963
3.06089
3.06215
3.06342
3.06468
3.06595
3.06722
3.06849
3.06976
3.07103
3.07231
3.07359
3.07487
3.07615
3.07744
3.07873
3.08002
3.08131
3.0826
3.0839
3.0852
3.08651
3.08781
3.08912
3.09042
3.09172
3.09302
3.09431
3.09561
3.0969
3.0982
3.09949
3.10079
3.1021
3.1034
3.10471
3.10601
3.10733
3.10864
3.10996
3.11127
3.11259
3.11391
3.11524
3.11656
3.11788
3.11921
3.12054
3.12187
3.1232
3.12453
3.12586
3.12719
3.12852
3.12986
3.13119
3.13252
3.13386
3.13519
3.13653
3.13786
3.1392
3.14054
3.14188
3.14321
3.14455
3.14589
3.14723
3.14857
3.14991
3.15125
3.15259
3.15394
3.15528
3.15662
3.15797
3.15931
3.16065
3.162
3.16334
3.16469
3.16604
3.16738
3.16873
3.17008
3.17143
3.17278
3.17413
3.17548
3.17683
3.17818
3.17953
3.18088
3.18224
3.18359
3.18495
3.1863
3.18766
3.18901
3.19037
3.19173
3.19309
3.19445
3.19581
3.19717
3.19853
3.19989
3.20125
3.20262
3.20398
3.20535
3.20672
3.20808
3.20945
3.21082
3.21219
3.21356
3.21493
3.21631
3.21768
3.21906
3.22043
3.22181
3.22319
3.22457
3.22595
3.22733
3.22871
3.2301
3.23148
3.23287
3.23426
3.23565
3.23704
3.23843
3.23982
3.24122
3.24261
3.24401
3.24541
3.24681
3.24822
3.24962
3.25103
3.25243
3.25384
3.25525
3.25666
3.25808
3.25949
3.26091
3.26233
3.26375
3.26517
3.26659
3.26802
3.26944
3.27087
3.2723
3.27373
3.27517
3.2766
3.27804
3.27948
3.28092
3.28237
3.28381
3.28526
3.28671
3.28816
3.28961
3.29107
3.29252
3.29398
3.29544
3.2969
3.29837
3.29983
3.3013
3.30277
3.30424
3.30572
3.30719
3.30867
3.31015
3.31163
3.31312
3.3146
3.31609
3.31758
3.31907
3.32057
3.32206
3.32356
3.32506
3.32657
3.32807
3.32958
3.33109
3.3326
3.33411
3.33562
3.33714
3.33866
3.34018
3.34171
3.34323
3.34476
3.34629
3.34782
3.34935
3.35089
3.35243
3.35397
3.35551
3.35706
3.3586
3.36015
3.3617
3.36326
3.36481
3.36637
3.36793
3.36949
3.37106
3.37262
3.37419
3.37576
3.37733
3.37891
3.38049
3.38207
3.38365
3.38523
3.38682
3.3884
3.38999
3.39159
3.39318
3.39478
3.39638
3.39798
3.39958
3.40119
3.40279
3.4044
3.40601
3.40763
3.40925
3.41086
3.41248
3.41411
3.41573
3.41736
3.41899
3.42062
3.42225
3.42389
3.42553
3.42717
3.42881
3.43045
3.4321
3.43375
3.4354
3.43705
3.43871
3.44037
3.44202
3.44369
3.44535
3.44702
3.44869
3.45036
3.45203
3.4537
3.45538
3.45706
3.45874
3.46042
3.46211
3.4638
3.46549
3.46718
3.46887
3.47057
3.47227
3.47397
3.47567
3.47738
3.47908
3.48079
3.48251
3.48422
3.48594
3.48765
3.48937
3.4911
3.49282
3.49455
3.49628
3.49801
3.49974
3.50148
3.50321
3.50495
3.5067
3.50844
3.51019
3.51193
3.51368
3.51544
3.51719
3.51894
3.52069
3.52243
3.52417
3.52591
3.52763
3.52936
3.53108
3.5328
3.53451
3.53621
3.53792
3.53962
3.54132
3.54301
3.5447
3.54639
3.54808
3.54977
3.55147
3.55316
3.55485
3.55654
3.55824
3.55994
3.56164
3.56334
3.56504
3.56675
3.56845
3.57016
3.57186
3.57357
3.57527
3.57698
3.57868
3.58039
3.58209
3.58379
3.5855
3.5872
3.5889
3.59059
3.59229
3.59399
3.59568
3.59737
3.59906
3.60075
3.60244
3.60412
3.60581
3.60749
3.60918
3.61086
3.61254
3.61422
3.6159
3.61758
3.61927
3.62094
3.62262
3.62429
3.62595
3.62762
3.62927
3.63092
3.63257
3.63421
3.63585
3.63749
3.63911
3.64074
3.64236
3.64398
3.64559
3.6472
3.64881
3.65041
3.65201
3.65361
3.65521
3.6568
3.65839
3.65998
3.66156
3.66315
3.66473
3.66631
3.66788
3.66946
3.67103
3.67259
3.67416
3.67572
3.67727
3.67882
3.68037
3.68191
3.68345
3.68498
3.68651
3.68803
3.68955
3.69106
3.69257
3.69407
3.69557
3.69707
3.69855
3.70002
3.70149
3.70295
3.70441
3.70585
3.70729
3.70873
3.71016
3.71158
3.713
3.71442
3.71583
3.71723
3.71863
3.72003
3.72142
3.7228
3.72419
3.72557
3.72694
3.72831
3.72968
3.73105
3.73241
3.73377
3.73513
3.73648
3.73783
3.73918
3.74053
3.74187
3.74321
3.74454
3.74587
3.7472
3.74853
3.74985
3.75116
3.75248
3.75379
3.75509
3.7564
3.7577
3.75899
3.76028
3.76157
3.76286
3.76414
3.76542
3.76669
3.76797
3.76924
3.7705
3.77176
3.77302
3.77428
3.77554
3.77679
3.77804
3.77928
3.78053
3.78177
3.783
3.78424
3.78547
3.78671
3.78794
3.78916
3.79039
3.79161
3.79283
3.79405
3.79526
3.79648
3.79769
3.7989
3.80011
3.80131
3.80252
3.80372
3.80492
3.80612
3.80731
3.80851
3.8097
3.81089
3.81208
3.81327
3.81445
3.81564
3.81682
3.818
3.81918
3.82036
3.82153
3.82271
3.82388
3.82505
3.82622
3.82739
3.82856
3.82972
3.83089
3.83205
3.83321
3.83438
3.83554
3.83669
3.83785
3.83901
3.84016
3.84132
3.84247
3.84363
3.84478
3.84593
3.84708
3.84823
3.84938
3.85053
3.85168
3.85282
3.85397
3.85512
3.85626
3.85741
3.85855
3.85969
3.86084
3.86198
3.86312
3.86426
3.8654
3.86654
3.86768
3.86882
3.86996
3.8711
3.87224
3.87337
3.87451
3.87565
3.87678
3.87792
3.87905
3.88019
3.88133
3.88246
3.8836
3.88473
3.88587
3.887
3.88814
3.88927
3.89041
3.89154
3.89268
3.89381
3.89495
3.89608
3.89722
3.89835
3.89949
3.90062
3.90176
3.90289
3.90403
3.90517
3.90631
3.90744
3.90858
3.90972
3.91086
3.912
3.91314
3.91428
3.91542
3.91656
3.9177
3.91884
3.91998
3.92112
3.92227
3.92341
3.92455
3.9257
3.92684
3.92798
3.92913
3.93028
3.93142
3.93257
3.93372
3.93486
3.93601
3.93716
3.93831
3.93945
3.9406
3.94174
3.94288
3.94402
3.94516
3.94629
3.94742
3.94855
3.94968
3.95081
3.95194
3.95307
3.95419
3.95532
3.95645
3.95758
3.9587
3.95983
3.96096
3.96208
3.96321
3.96433
3.96546
3.96658
3.9677
3.96883
3.96995
3.97108
3.97221
3.97333
3.97446
3.97559
3.97672
3.97785
3.97898
3.98011
3.98124
3.98237
3.98351
3.98464
3.98578
3.98692
3.98806
3.9892
3.99034
3.99148
3.99263
3.99377
3.99492
3.99607
3.99722
3.99837
3.99952
4.00068
4.00183
4.00299
4.00415
4.00531
4.00648
4.00764
4.00881
4.00997
4.01114
4.01231
4.01348
4.01464
4.0158
4.01695
4.01809
4.01923
4.02037
4.02151
4.02264
4.02378
4.02492
4.02606
4.0272
4.02835
4.02949
4.03063
4.03178
4.03293
4.03408
4.03523
4.03638
4.03754
4.03869
4.03985
4.041
4.04216
4.04332
4.04448
4.04564
4.0468
4.04796
4.04913
4.05029
4.05145
4.05261
4.05378
4.05494
4.0561
4.05727
4.05843
4.0596
4.06076
4.06193
4.06309
4.06426
4.06542
4.06659
4.06775
4.06892
4.07009
4.07125
4.07242
4.07359
4.07475
4.07592
4.07709
4.07826
4.07943
4.0806
4.08177
4.08294
4.08411
4.08528
4.08645
4.08762
4.08879
4.08997
4.09114
4.09231
4.09349
4.09466
4.09583
4.09701
4.09818
4.09936
4.10054
4.10171
4.10289
4.10407
4.10525
4.10643
4.1076
4.10878
4.10997
4.11115
4.11233
4.11351
4.11469
4.11588
4.11706
4.11825
4.11943
4.12062
4.1218
4.12299
4.12417
4.12536
4.12655
4.12774
4.12892
4.13011
4.1313
4.13249
4.13368
4.13488
4.13607
4.13726
4.13845
4.13965
4.14084
4.14204
4.14324
4.14444
4.14564
4.14684
4.14804
4.14924
4.15044
4.15165
4.15285
4.15406
4.15526
4.15647
4.15768
4.15889
4.1601
4.16131
4.16252
4.16373
4.16495
4.16617
4.16738
4.1686
4.16982
4.17104
4.17226
4.17349
4.17471
4.17594
4.17716
4.17839
4.17962
4.18085
4.18208
4.18332
4.18455
4.18579
4.18702
4.18826
4.1895
4.19074
4.19199
4.19323
4.19448
4.19572
4.19697
4.19822
4.19947
4.20072
4.20198
4.20323
4.20449
4.20575
4.20701
4.20827
4.20953
4.2108
4.21206
4.21333
4.2146
4.21587
4.21715
4.21842
4.2197
4.22097
4.22225
4.22353
4.22481
4.2261
4.22738
4.22867
4.22996
4.23125
4.23254
4.23383
4.23513
4.23642
4.23772
4.23902
4.24032
4.24162
4.24293
4.24424
4.24554
4.24685
4.24816
4.24948
4.25079
4.25211
4.25343
4.25475
4.25607
4.25739
4.25872
4.26004
4.26137
4.2627
4.26403
4.26537
4.2667
4.26804
4.26938
4.27072
4.27206
4.27341
4.27475
4.2761
4.27745
4.2788
4.28015
4.28151
4.28286
4.28422
4.28558
4.28694
4.28831
4.28967
4.29104
4.29241
4.29378
4.29515
4.29652
4.2979
4.29928
4.30066
4.30204
4.30342
4.30481
4.30619
4.30758
4.30897
4.31036
4.31176
4.31315
4.31455
4.31595
4.31735
4.31876
4.32016
4.32157
4.32298
4.32439
4.3258
4.32721
4.32863
4.33005
4.33147
4.33289
4.33431
4.33574
4.33717
4.3386
4.34003
4.34146
4.34289
4.34433
4.34577
4.34721
4.34865
4.3501
4.35154
4.35299
4.35444
4.3559
4.35735
4.35881
4.36026
4.36172
4.36319
4.36465
4.36612
4.36758
4.36905
4.37052
4.372
4.37347
4.37495
4.37643
4.37791
4.37939
4.38088
4.38237
4.38386
4.38535
4.38684
4.38833
4.38983
4.39133
4.39283
4.39434
4.39584
4.39735
4.39886
4.40037
4.40188
4.4034
4.40491
4.40643
4.40795
4.40948
4.411
4.41253
4.41406
4.41559
4.41712
4.41866
4.4202
4.42174
4.42328
4.42482
4.42637
4.42791
4.42946
4.43102
4.43257
4.43413
4.43568
4.43724
4.43881
4.44037
4.44193
4.44348
4.44504
4.4466
4.44815
4.4497
4.45125
4.4528
4.45435
4.4559
4.45745
4.45899
4.46054
4.46208
4.46363
4.46517
4.46672
4.46826
4.4698
4.47135
4.4729
4.47445
4.476
4.47755
4.4791
4.48065
4.48221
4.48377
4.48533
4.48689
4.48846
4.49002
4.49159
4.49316
4.49473
4.4963
4.49787
4.49944
4.50101
4.50258
4.50415
4.50572
4.50729
4.50886
4.51043
4.51199
4.51355
4.51511
4.51667
4.51822
4.51977
4.52131
4.52285
4.52439
4.52593
4.52746
4.52898
4.5305
4.53202
4.53354
4.53505
4.53656
4.53807
4.53957
4.54107
4.54256
4.54406
4.54555
4.54704
4.54852
4.55001
4.55149
4.55297
4.55445
4.55592
4.55739
4.55886
4.56033
4.5618
4.56326
4.56472
4.56618
4.56763
4.56908
4.57053
4.57198
4.57342
4.57486
4.5763
4.57774
4.57917
4.58059
4.58202
4.58344
4.58485
4.58627
4.58768
4.58908
4.59048
4.59188
4.59328
4.59467
4.59605
4.59744
4.59881
4.60019
4.60156
4.60293
4.60429
4.60565
4.60701
4.60836
4.60971
4.61106
4.61241
4.61375
4.61509
4.61642
4.61775
4.61908
4.62041
4.62173
4.62305
4.62437
4.62569
4.627
4.62831
4.62961
4.63092
4.63222
4.63351
4.63481
4.6361
4.63739
4.63868
4.63996
4.64124
4.64252
4.6438
4.64508
4.64635
4.64762
4.64889
4.65016
4.65143
4.65269
4.65395
4.65521
4.65647
4.65772
4.65898
4.66023
4.66148
4.66273
4.66397
4.66522
4.66646
4.6677
4.66894
4.67018
4.67142
4.67265
4.67388
4.67512
4.67635
4.67758
4.67881
4.68003
4.68126
4.68248
4.68371
4.68493
4.68615
4.68738
4.6886
4.68982
4.69104
4.69225
4.69347
4.69469
4.69591
4.69712
4.69834
4.69955
4.70076
4.70197
4.70319
4.70439
4.7056
4.70681
4.70802
4.70923
4.71043
4.71164
4.71284
4.71405
4.71525
4.71645
4.71766
4.71886
4.72006
4.72126
4.72246
4.72366
4.72486
4.72606
4.72726
4.72846
4.72966
4.73086
4.73206
4.73325
4.73445
4.73565
4.73684
4.73804
4.73923
4.74043
4.74162
4.74282
4.74401
4.74521
4.7464
4.7476
4.74879
4.74999
4.75118
4.75238
4.75357
4.75477
4.75596
4.75716
4.75835
4.75955
4.76075
4.76194
4.76314
4.76434
4.76554
4.76673
4.76793
4.76913
4.77033
4.77153
4.77273
4.77394
4.77514
4.77634
4.77754
4.77875
4.77995
4.78116
4.78237
4.78357
4.78478
4.78599
4.7872
4.78841
4.78962
4.79083
4.79204
4.79325
4.79447
4.79568
4.7969
4.79812
4.79933
4.80055
4.80177
4.80299
4.80422
4.80544
4.80666
4.80789
4.80912
4.81035
4.81158
4.81281
4.81405
4.81528
4.81652
4.81776
4.81899
4.82024
4.82148
4.82272
4.82397
4.82521
4.82646
4.82771
4.82896
4.83021
4.83146
4.83272
4.83397
4.83523
4.83649
4.83775
4.83901
4.84027
4.84153
4.84279
4.84406
4.84532
4.84659
4.84785
4.84912
4.85039
4.85166
4.85293
4.8542
4.85548
4.85675
4.85803
4.85931
4.86058
4.86186
4.86314
4.86442
4.86571
4.86699
4.86827
4.86956
4.87084
4.87213
4.87342
4.87471
4.876
4.87729
4.87858
4.87988
4.88117
4.88247
4.88376
4.88506
4.88636
4.88766
4.88896
4.89026
4.89156
4.89287
4.89417
4.89548
4.89678
4.89809
4.8994
4.90071
4.90203
4.90334
4.90466
4.90597
4.90729
4.90861
4.90993
4.91125
4.91258
4.9139
4.91523
4.91656
4.91789
4.91922
4.92055
4.92189
4.92322
4.92456
4.9259
4.92724
4.92858
4.92992
4.93127
4.93262
4.93397
4.93532
4.93667
4.93802
4.93938
4.94074
4.94209
4.94346
4.94482
4.94618
4.94755
4.94891
4.95028
4.95165
4.95303
4.9544
4.95578
4.95716
4.95854
4.95992
4.9613
4.96269
4.96407
4.96546
4.96685
4.96825
4.96964
4.97104
4.97243
4.97383
4.97524
4.97664
4.97805
4.97945
4.98086
4.98227
4.98369
4.9851
4.98652
4.98794
4.98936
4.99078
4.99221
4.99364
4.99507
4.9965
4.99793
4.99937
5.0008
5.00224
5.00368
5.00513
5.00657
5.00802
5.00947
5.01092
5.01237
5.01382
5.01528
5.01674
5.0182
5.01966
5.02113
5.02259
5.02406
5.02553
5.02699
5.02845
5.0299
5.03135
5.03279
5.03424
5.03568
5.03713
5.03858
5.04003
5.04148
5.04293
5.04439
5.04585
5.04731
5.04877
5.05023
5.0517
5.05317
5.05464
5.05611
5.05758
5.05905
5.06053
5.06201
5.06349
5.06497
5.06645
5.06793
5.06942
5.07091
5.0724
5.07389
5.07538
5.07687
5.07837
5.07987
5.08137
5.08287
5.08437
5.08587
5.08738
5.08889
5.0904
5.09191
5.09342
5.09493
5.09645
5.09797
5.09949
5.10101
5.10253
5.10405
5.10558
5.10711
5.10864
5.11017
5.11171
5.11324
5.11478
5.11632
5.11786
5.11941
5.12096
5.1225
5.12405
5.12561
5.12716
5.12872
5.13028
5.13184
5.1334
5.13497
5.13654
5.13811
5.13968
5.14126
5.14283
5.14441
5.146
5.14758
5.14917
5.15076
5.15235
5.15394
5.15554
5.15714
5.15874
5.16034
5.16195
5.16355
5.16516
5.16678
5.16839
5.17001
5.17163
5.17325
5.17488
5.17651
5.17814
5.17977
5.1814
5.18304
5.18468
5.18632
5.18797
5.18962
5.19127
5.19292
5.19457
5.19623
5.19789
5.19955
5.20122
5.20289
5.20456
5.20623
5.20791
5.20958
5.21126
5.21295
5.21463
5.21632
5.21801
5.2197
5.2214
5.2231
5.2248
5.2265
5.2282
5.22991
5.23162
5.23334
5.23505
5.23677
5.23849
5.24021
5.24194
5.24367
5.2454
5.24713
5.24886
5.2506
5.25234
5.25409
5.25583
5.25758
5.25933
5.26108
5.26284
5.26459
5.26635
5.26811
5.26987
5.27162
5.27338
5.27513
5.27688
5.27863
5.28038
5.28213
5.28388
5.28563
5.28738
5.28913
5.29087
5.29262
5.29437
5.29612
5.29787
5.29962
5.30137
5.30313
5.30489
5.30665
5.30841
5.31018
5.31195
5.31372
5.31549
5.31727
5.31905
5.32083
5.32261
5.32439
5.32617
5.32796
5.32974
5.33153
5.33331
5.3351
5.33689
5.33867
5.34046
5.34224
5.34403
5.34581
5.3476
5.34938
5.35116
5.35294
5.35473
5.35651
5.35828
5.36006
5.36184
5.36362
5.3654
5.36717
5.36895
5.37072
5.37249
5.37427
5.37604
5.37781
5.37958
5.38135
5.38312
5.38489
5.38665
5.38841
5.39016
5.39192
5.39367
5.39542
5.39716
5.3989
5.40064
5.40237
5.40411
5.40583
5.40756
5.40928
5.411
5.41272
5.41444
5.41615
5.41786
5.41957
5.42127
5.42298
5.42468
5.42638
5.42808
5.42977
5.43146
5.43315
5.43484
5.43652
5.4382
5.43988
5.44155
5.44322
5.44489
5.44655
5.44821
5.44986
5.45151
5.45316
5.45481
5.45644
5.45808
5.45971
5.46134
5.46296
5.46458
5.46619
5.4678
5.4694
5.471
5.4726
5.47419
5.47578
5.47736
5.47893
5.48051
5.48208
5.48364
5.4852
5.48676
5.48831
5.48985
5.49139
5.49293
5.49446
5.49599
5.49752
5.49904
5.50055
5.50207
5.50358
5.50508
5.50658
5.50808
5.50957
5.51106
5.51254
5.51402
5.5155
5.51697
5.51844
5.5199
5.52136
5.52281
5.52426
5.52571
5.52716
5.5286
5.53003
5.53146
5.53289
5.53432
5.53574
5.53716
5.53857
5.53998
5.54139
5.5428
5.5442
5.5456
5.54699
5.54838
5.54977
5.55116
5.55254
5.55392
5.5553
5.55668
5.55806
5.55943
5.5608
5.56217
5.56354
5.56491
5.56627
5.56764
5.569
5.57036
5.57172
5.57308
5.57444
5.5758
5.57716
5.57852
5.57988
5.58123
5.58259
5.58394
5.58529
5.58665
5.588
5.58935
5.5907
5.59205
5.5934
5.59474
5.59609
5.59743
5.59877
5.60011
5.60145
5.60279
5.60413
5.60546
5.60678
5.60811
5.60943
5.61076
5.61208
5.6134
5.61472
5.61605
5.61737
5.61869
5.62001
5.62134
5.62266
5.62398
5.6253
5.62663
5.62795
5.62928
5.63061
5.63193
5.63326
5.63459
5.63592
5.63725
5.63858
5.63992
5.64125
5.64259
5.64393
5.64526
5.6466
5.64794
5.64929
5.65063
5.65198
5.65332
5.65467
5.65602
5.65737
5.65872
5.66008
5.66143
5.66279
5.66415
5.66551
5.66687
5.66823
5.66959
5.67096
5.67232
5.67369
5.67506
5.67643
5.6778
5.67918
5.68055
5.68193
5.68331
5.68469
5.68607
5.68745
5.68884
5.69022
5.69161
5.693
5.69439
5.69579
5.69718
5.69858
5.69997
5.70137
5.70277
5.70417
5.70558
5.70698
5.70839
5.7098
5.71121
5.71262
5.71403
5.71545
5.71686
5.71828
5.7197
5.72112
5.72254
5.72397
5.72539
5.72682
5.72825
5.72967
5.7311
5.73254
5.73397
5.7354
5.73684
5.73828
5.73971
5.74115
5.74259
5.74404
5.74548
5.74692
5.74837
5.74982
5.75127
5.75271
5.75417
5.75562
5.75707
5.75852
5.75998
5.76143
5.76289
5.76435
5.76581
5.76727
5.76873
5.77019
5.77165
5.77312
5.77458
5.77605
5.77751
5.77898
5.78045
5.78192
5.78339
5.78486
5.78633
5.7878
5.78928
5.79075
5.79222
5.7937
5.79517
5.79665
5.79812
5.7996
5.80108
5.80255
5.80403
5.8055
5.80697
5.80843
5.80989
5.81134
5.81279
5.81424
5.81569
5.81713
5.81858
5.82002
5.82146
5.8229
5.82434
5.82577
5.82721
5.82864
5.83008
5.83151
5.83294
5.83438
5.83581
5.83724
5.83867
5.84011
5.84154
5.84297
5.84441
5.84584
5.84728
5.84871
5.85015
5.85158
5.85302
5.85444
5.85586
5.85728
5.85868
5.86009
5.8615
5.8629
5.86431
5.86572
5.86713
5.86854
5.86996
5.87137
5.87279
5.87421
5.87564
5.87706
5.87849
5.87992
5.88135
5.88279
5.88422
5.88566
5.8871
5.88855
5.88999
5.89144
5.89289
5.89434
5.89579
5.89724
5.8987
5.90015
5.90161
5.90307
5.90453
5.906
5.90746
5.90892
5.91039
5.91185
5.91332
5.91479
5.91626
5.91773
5.9192
5.92066
5.92213
5.9236
5.92507
5.92654
5.92801
5.92948
5.93096
5.93243
5.9339
5.93537
5.93684
5.93831
5.93978
5.94126
5.94273
5.9442
5.94568
5.94715
5.94862
5.9501
5.95157
5.95305
5.95452
5.956
5.95747
5.95895
5.96043
5.9619
5.96338
5.96486
5.96634
5.96782
5.9693
5.97079
5.97227
5.97375
5.97524
5.97673
5.97821
5.9797
5.98119
5.98268
5.98417
5.98566
5.98716
5.98865
5.99015
5.99165
5.99315
5.99465
5.99615
5.99765
5.99915
6.00066
6.00217
6.00368
6.00519
6.0067
6.00821
6.00972
6.01124
6.01276
6.01428
6.0158
6.01732
6.01885
6.02037
6.0219
6.02343
6.02496
6.0265
6.02803
6.02957
6.03111
6.03265
6.03419
6.03574
6.03728
6.03883
6.04038
6.04193
6.04349
6.04504
6.0466
6.04816
6.04972
6.05128
6.05285
6.05442
6.05599
6.05756
6.05913
6.06071
6.06229
6.06387
6.06545
6.06703
6.06862
6.07021
6.0718
6.07339
6.07499
6.07658
6.07818
6.07978
6.08139
6.08299
6.0846
6.08621
6.08782
6.08944
6.09105
6.09267
6.09429
6.09592
6.09754
6.09917
6.1008
6.10243
6.10407
6.1057
6.10734
6.10898
6.11063
6.11227
6.11392
6.11557
6.11722
6.11888
6.12053
6.12219
6.12385
6.12552
6.12718
6.12885
6.13052
6.1322
6.13387
6.13555
6.13723
6.13891
6.1406
6.14228
6.14397
6.14566
6.14736
6.14906
6.15075
6.15246
6.15416
6.15586
6.15757
6.15928
6.161
6.16271
6.16443
6.16615
6.16787
6.16959
6.17132
6.17305
6.17478
6.17652
6.17825
6.17999
6.18173
6.18347
6.18522
6.18697
6.18872
6.19047
6.19223
6.19398
6.19574
6.1975
6.19927
6.20103
6.2028
6.20457
6.20635
6.20812
6.2099
6.21168
6.21346
6.21524
6.21701
6.21879
6.22056
6.22233
6.22411
6.22588
6.22765
6.22941
6.23118
6.23295
6.23471
6.23648
6.23825
6.24001
6.24178
6.24354
6.24531
6.24708
6.24885
6.25062
6.2524
6.25417
6.25595
6.25773
6.25952
6.2613
6.26309
6.26488
6.26666
6.26846
6.27025
6.27204
6.27383
6.27562
6.27741
6.2792
6.281
6.28279
6.28458
6.28636
6.28815
6.28994
6.29172
6.29351
6.29529
6.29707
6.29885
6.30063
6.30241
6.30418
6.30596
6.30773
6.3095
6.31127
6.31304
6.31481
6.31658
6.31835
6.32011
6.32187
6.32362
6.32538
6.32713
6.32887
6.33062
6.33235
6.33409
6.33582
6.33755
6.33928
6.34101
6.34273
6.34445
6.34616
6.34787
6.34958
6.35129
6.35299
6.3547
6.3564
6.35809
6.35979
6.36148
6.36317
6.36486
6.36654
6.36822
6.3699
6.37158
6.37325
6.37492
6.37659
6.37825
6.37991
6.38157
6.38322
6.38487
6.38652
6.38816
6.3898
6.39144
6.39307
6.39469
6.39632
6.39794
6.39955
6.40117
6.40277
6.40438
6.40598
6.40758
6.40917
6.41076
6.41234
6.41392
6.4155
6.41707
6.41864
6.42021
6.42177
6.42333
6.42488
6.42643
6.42797
6.42951
6.43105
6.43258
6.43411
6.43564
6.43716
6.43868
6.44019
6.4417
6.44321
6.44472
6.44622
6.44772
6.44921
6.4507
6.45219
6.45368
6.45516
6.45664
6.45812
6.45959
6.46106
6.46252
6.46399
6.46545
6.46691
6.46836
6.46981
6.47126
6.47271
6.47415
6.47559
6.47703
6.47847
6.4799
6.48133
6.48276
6.48419
6.48561
6.48704
6.48846
6.48988
6.4913
6.49271
6.49413
6.49554
6.49695
6.49836
6.49977
6.50118
6.50258
6.50399
6.50539
6.50679
6.50819
6.50959
6.51099
6.51239
6.51379
6.51519
6.51658
6.51798
6.51937
6.52076
6.52215
6.52354
6.52493
6.52632
6.5277
6.52909
6.53048
6.53186
6.53325
6.53463
6.53601
6.5374
6.53878
6.54016
6.54155
6.54293
6.54431
6.54569
6.54707
6.54846
6.54984
6.55122
6.5526
6.55399
6.55537
6.55676
6.55814
6.55953
6.56091
6.5623
6.56368
6.56507
6.56646
6.56785
6.56924
6.57063
6.57202
6.57341
6.5748
6.5762
6.57759
6.57898
6.58038
6.58178
6.58317
6.58457
6.58597
6.58737
6.58877
6.59017
6.59157
6.59297
6.59437
6.59577
6.59718
6.59858
6.59999
6.60139
6.6028
6.60421
6.60561
6.60702
6.60843
6.60984
6.61126
6.61267
6.61408
6.6155
6.61691
6.61833
6.61974
6.62116
6.62258
6.624
6.62542
6.62684
6.62826
6.62969
6.63111
6.63254
6.63396
6.63539
6.63682
6.63825
6.63968
6.64111
6.64254
6.64397
6.64541
6.64684
6.64828
6.64971
6.65115
6.65259
6.65403
6.65547
6.65691
6.65835
6.65979
6.66123
6.66268
6.66412
6.66557
6.66701
6.66846
6.6699
6.67135
6.67279
6.67423
6.67567
6.67711
6.67855
6.67999
6.68142
6.68285
6.68428
6.68571
6.68714
6.68857
6.69
6.69143
6.69285
6.69428
6.69571
6.69714
6.69856
6.69999
6.70142
6.70285
6.70428
6.70571
6.70714
6.70858
6.71001
6.71144
6.71288
6.71431
6.71575
6.71719
6.71862
6.72006
6.7215
6.72294
6.72439
6.72583
6.72727
6.72872
6.73016
6.73161
6.73306
6.7345
6.73595
6.7374
6.73886
6.74031
6.74176
6.74322
6.74468
6.74614
6.7476
6.74906
6.75052
6.75199
6.75345
6.75492
6.75639
6.75786
6.75934
6.76081
6.76229
6.76377
6.76525
6.76673
6.76821
6.7697
6.77119
6.77267
6.77417
6.77566
6.77715
6.77865
6.78015
6.78164
6.78315
6.78465
6.78615
6.78766
6.78917
6.79068
6.79219
6.7937
6.79521
6.79673
6.79824
6.79976
6.80128
6.8028
6.80433
6.80585
6.80737
6.8089
6.81043
6.81196
6.81349
6.81502
6.81655
6.81809
6.81962
6.82116
6.8227
6.82424
6.82578
6.82732
6.82886
6.83041
6.83195
6.8335
6.83505
6.8366
6.83815
6.8397
6.84125
6.8428
6.84436
6.84591
6.84747
6.84903
6.85059
6.85215
6.85371
6.85527
6.85682
6.85838
6.85992
6.86147
6.86302
6.86456
6.86611
6.86765
6.8692
6.87075
6.87229
6.87384
6.8754
6.87695
6.8785
6.88006
6.88161
6.88317
6.88473
6.88629
6.88785
6.88942
6.89098
6.89255
6.89411
6.89568
6.89725
6.89882
6.90039
6.90197
6.90354
6.90512
6.9067
6.90828
6.90986
6.91144
6.91302
6.9146
6.91619
6.91778
6.91936
6.92095
6.92254
6.92414
6.92573
6.92732
6.92892
6.93052
6.93212
6.93372
6.93532
6.93692
6.93853
6.94013
6.94174
6.94335
6.94496
6.94657
6.94819
6.9498
6.95142
6.95304
6.95466
6.95628
6.95791
6.95953
6.96116
6.96279
6.96442
6.96605
6.96768
6.96932
6.97096
6.9726
6.97424
6.97588
6.97753
6.97918
6.98083
6.98248
6.98413
6.98579
6.98745
6.98911
6.99077
6.99243
6.9941
6.99577
6.99744
6.99911
7.00078
7.00246
7.00414
7.00582
7.0075
7.00919
7.01088
7.01257
7.01426
7.01596
7.01765
7.01935
7.02105
7.02276
7.02446
7.02617
7.02788
7.0296
7.03131
7.03303
7.03475
7.03647
7.0382
7.03992
7.04165
7.04338
7.04512
7.04685
7.04859
7.05033
7.05208
7.05382
7.05557
7.05732
7.05907
7.06083
7.06259
7.06434
7.06611
7.06787
7.06964
7.0714
7.07318
7.07495
7.07672
7.0785
7.08028
7.08206
7.08385
7.08563
7.08742
7.08922
7.09101
7.0928
7.0946
7.0964
7.0982
7.10001
7.10181
7.10362
7.10543
7.10725
7.10906
7.11088
7.1127
7.11452
7.11634
7.11817
7.12
7.12183
7.12366
7.12549
7.12733
7.12917
7.13101
7.13285
7.13469
7.13654
7.13839
7.14024
7.14209
7.14394
7.1458
7.14766
7.14952
7.15138
7.15324
7.15511
7.15697
7.15884
7.16071
7.16259
7.16446
7.16634
7.16822
7.1701
7.17198
7.17386
7.17575
7.17763
7.17951
7.18138
7.18325
7.18512
7.18698
7.18884
7.19069
7.19254
7.19438
7.19622
7.19805
7.19989
7.20171
7.20354
7.20536
7.20718
7.209
7.21082
7.21264
7.21446
7.21628
7.2181
7.21992
7.22174
7.22356
7.22538
7.22719
7.22901
7.23083
7.23265
7.23446
7.23628
7.23809
7.23991
7.24172
7.24353
7.24535
7.24716
7.24897
7.25078
7.25259
7.25439
7.2562
7.258
7.2598
7.2616
7.2634
7.26519
7.26698
7.26877
7.27056
7.27235
7.27414
7.27592
7.2777
7.27948
7.28126
7.28304
7.28481
7.28658
7.28834
7.2901
7.29185
7.29359
7.29533
7.29706
7.29879
7.30051
7.30222
7.30393
7.30563
7.30733
7.30902
7.31071
7.31239
7.31407
7.31575
7.31742
7.31909
7.32076
7.32242
7.32408
7.32574
7.3274
7.32905
7.3307
7.33235
7.334
7.33564
7.33728
7.33892
7.34055
7.34218
7.34379
7.3454
7.347
7.34859
7.35018
7.35176
7.35334
7.35491
7.35647
7.35802
7.35958
7.36112
7.36266
7.3642
7.36573
7.36726
7.36878
7.3703
7.37181
7.37333
7.37484
7.37634
7.37785
7.37935
7.38085
7.38234
7.38384
7.38533
7.38682
7.3883
7.38979
7.39127
7.39275
7.39422
7.3957
7.39717
7.39863
7.4001
7.40156
7.40301
7.40447
7.40592
7.40737
7.40882
7.41026
7.4117
7.41313
7.41457
7.416
7.41742
7.41885
7.42027
7.42169
7.42311
7.42452
7.42593
7.42734
7.42875
7.43015
7.43156
7.43296
7.43436
7.43575
7.43715
7.43854
7.43993
7.44132
7.4427
7.44409
7.44547
7.44685
7.44823
7.44961
7.45098
7.45236
7.45373
7.4551
7.45647
7.45784
7.45921
7.46057
7.46194
7.4633
7.46466
7.46602
7.46738
7.46873
7.47009
7.47144
7.4728
7.47415
7.4755
7.47685
7.4782
7.47955
7.48089
7.48224
7.48359
7.48493
7.48627
7.48762
7.48896
7.4903
7.49164
7.49298
7.49432
7.49566
7.497
7.49834
7.49968
7.50102
7.50235
7.50369
7.50503
7.50637
7.5077
7.50904
7.51038
7.51171
7.51305
7.51438
7.51572
7.51705
7.51839
7.51973
7.52106
7.5224
7.52373
7.52507
7.5264
7.52774
7.52907
7.53041
7.53174
7.53308
7.53441
7.53575
7.53709
7.53842
7.53976
7.5411
7.54243
7.54377
7.54511
7.54644
7.54778
7.54912
7.55046
7.5518
7.55314
7.55447
7.55581
7.55715
7.5585
7.55984
7.56118
7.56252
7.56386
7.56521
7.56655
7.56789
7.56924
7.57058
7.57193
7.57327
7.57462
7.57597
7.57732
7.57867
7.58001
7.58136
7.58271
7.58407
7.58542
7.58677
7.58812
7.58948
7.59083
7.59218
7.59354
7.59489
7.59625
7.59761
7.59896
7.60032
7.60168
7.60304
7.6044
7.60576
7.60712
7.60848
7.60984
7.6112
7.61256
7.61392
7.61528
7.61664
7.618
7.61936
7.62072
7.62207
7.62342
7.62476
7.6261
7.62743
7.62876
7.63009
7.63142
7.63275
7.63408
7.63541
7.63674
7.63806
7.63939
7.64072
7.64205
7.64337
7.6447
7.64603
7.64735
7.64868
7.65
7.65133
7.65265
7.65397
7.6553
7.65662
7.65794
7.65926
7.66058
7.6619
7.66322
7.66453
7.66585
7.66717
7.66848
7.66979
7.67111
7.67242
7.67373
7.67504
7.67635
7.67766
7.67897
7.68029
7.6816
7.68291
7.68422
7.68554
7.68685
7.68817
7.68948
7.6908
7.69211
7.69343
7.69474
7.69606
7.69738
7.6987
7.70001
7.70133
7.70265
7.70397
7.70529
7.7066
7.70791
7.70921
7.71051
7.7118
7.71308
7.71437
7.71565
7.71694
7.71822
7.71951
7.72079
7.72208
7.72337
7.72466
7.72595
7.72724
7.72853
7.72982
7.73111
7.73241
7.7337
7.735
7.7363
7.7376
7.7389
7.7402
7.7415
7.7428
7.7441
7.74541
7.74672
7.74803
7.74934
7.75066
7.75197
7.75329
7.75462
7.75594
7.75727
7.75861
7.75994
7.76128
7.76262
7.76396
7.76531
7.76666
7.76802
7.76938
7.77074
7.7721
7.77347
7.77484
7.77621
7.77759
7.77896
7.78034
7.78173
7.78311
7.7845
7.78589
7.78729
7.78868
7.79008
7.79147
7.79287
7.79428
7.79568
7.79708
7.79849
7.79989
7.8013
7.80271
7.80412
7.80553
7.80694
7.80835
7.80976
7.81118
7.81259
7.81401
7.81543
7.81685
7.81827
7.81969
7.82111
7.82253
7.82396
7.82538
7.82681
7.82823
7.82966
7.83109
7.83252
7.83395
7.83539
7.83682
7.83825
7.83969
7.84112
7.84256
7.844
7.84544
7.84688
7.84832
7.84977
7.85121
7.85266
7.8541
7.85555
7.857
7.85845
7.8599
7.86136
7.86281
7.86427
7.86573
7.86718
7.86864
7.87011
7.87157
7.87303
7.8745
7.87596
7.87743
7.8789
7.88037
7.88184
7.88332
7.88479
7.88627
7.88775
7.88922
7.8907
7.89219
7.89367
7.89516
7.89664
7.89813
7.89962
7.90111
7.90261
7.9041
7.9056
7.9071
7.9086
7.9101
7.9116
7.91311
7.91462
7.91612
7.91763
7.91915
7.92066
7.92217
7.92369
7.92521
7.92673
7.92825
7.92978
7.9313
7.93283
7.93436
7.93589
7.93742
7.93896
7.9405
7.94204
7.94358
7.94512
7.94666
7.94821
7.94976
7.95131
7.95286
7.95442
7.95597
7.95753
7.95909
7.96065
7.96221
7.96378
7.96535
7.96692
7.96849
7.97006
7.97164
7.97321
7.97479
7.97637
7.97796
7.97954
7.98113
7.98272
7.98431
7.9859
7.9875
7.9891
7.99069
7.9923
7.9939
7.9955
7.99711
7.99872
8.00033
8.00195
8.00356
8.00518
8.0068
8.00842
8.01004
8.01167
8.01329
8.01492
8.01656
8.01819
8.01983
8.02146
8.0231
8.02474
8.02639
8.02803
8.02968
8.03133
8.03299
8.03464
8.0363
8.03795
8.03961
8.04128
8.04294
8.04461
8.04628
8.04795
8.04962
8.0513
8.05297
8.05465
8.05633
8.05801
8.0597
8.06139
8.06308
8.06477
8.06646
8.06816
8.06985
8.07155
8.07326
8.07496
8.07667
8.07837
8.08009
8.0818
8.08351
8.08523
8.08695
8.08867
8.09039
8.09212
8.09384
8.09557
8.0973
8.09904
8.10077
8.10251
8.10425
8.10599
8.10773
8.10948
8.11123
8.11298
8.11473
8.11648
8.11824
8.12
8.12176
8.12352
8.12528
8.12705
8.12882
8.13059
8.13236
8.13414
8.13592
8.1377
8.13948
8.14126
8.14305
8.14483
8.14661
8.14838
8.15015
8.15192
8.15368
8.15543
8.15719
8.15894
8.16068
8.16242
8.16416
8.1659
8.16763
8.16936
8.17109
8.17281
8.17454
8.17627
8.178
8.17973
8.18146
8.1832
8.18493
8.18667
8.18841
8.19015
8.1919
8.19364
8.19538
8.19713
8.19887
8.20062
8.20236
8.20411
8.20585
8.2076
8.20934
8.21108
8.21282
8.21456
8.2163
8.21804
8.21978
8.22151
8.22324
8.22497
8.2267
8.22843
8.23016
8.23188
8.23361
8.23533
8.23705
8.23878
8.2405
8.24222
8.24394
8.24566
8.24739
8.24911
8.25083
8.25254
8.25425
8.25596
8.25766
8.25936
8.26105
8.26274
8.26442
8.2661
8.26778
8.26945
8.27112
8.27278
8.27444
8.2761
8.27775
8.27941
8.28105
8.2827
8.28435
8.28599
8.28763
8.28927
8.2909
8.29254
8.29417
8.2958
8.29742
8.29905
8.30067
8.30228
8.3039
8.3055
8.30711
8.30871
8.3103
8.3119
8.31348
8.31506
8.31664
8.31821
8.31977
8.32132
8.32287
8.3244
8.32593
8.32745
8.32896
8.33046
8.33196
8.33345
8.33494
8.33642
8.33789
8.33936
8.34082
8.34228
8.34374
8.34518
8.34663
8.34807
8.34951
8.35094
8.35237
8.35379
8.35522
8.35664
8.35805
8.35946
8.36087
8.36228
8.36368
8.36508
8.36648
8.36787
8.36926
8.37065
8.37203
8.37341
8.37479
8.37616
8.37753
8.3789
8.38026
8.38162
8.38298
8.38433
8.38567
8.38702
8.38836
8.38969
8.39102
8.39235
8.39368
8.395
8.39631
8.39763
8.39894
8.40025
8.40155
8.40285
8.40415
8.40544
8.40673
8.40802
8.40931
8.41059
8.41187
8.41315
8.41442
8.41569
8.41696
8.41823
8.4195
8.42076
8.42202
8.42328
8.42453
8.42578
8.42704
8.42828
8.42953
8.43077
8.43202
8.43326
8.4345
8.43573
8.43696
8.4382
8.43943
8.44065
8.44188
8.4431
8.44433
8.44555
8.44677
8.44798
8.4492
8.45041
8.45162
8.45283
8.45404
8.45525
8.45645
8.45766
8.45886
8.46006
8.46126
8.46246
8.46365
8.46485
8.46604
8.46723
8.46842
8.46961
8.4708
8.47199
8.47317
8.47436
8.47554
8.47673
8.47791
8.47909
8.48027
8.48144
8.48262
8.4838
8.48497
8.48615
8.48732
8.48849
8.48967
8.49084
8.49201
8.49318
8.49435
8.49551
8.49668
8.49785
8.49901
8.50018
8.50134
8.5025
8.50367
8.50483
8.50599
8.50715
8.50831
8.50947
8.51063
8.51179
8.51295
8.5141
8.51526
8.51642
8.51757
8.51873
8.51989
8.52104
8.5222
8.52335
8.5245
8.52566
8.52681
8.52797
8.52912
8.53027
8.53143
8.53258
8.53373
8.53489
8.53604
8.53719
8.53835
8.5395
8.54066
8.54181
8.54296
8.54412
8.54527
8.54643
8.54758
8.54874
8.54989
8.55105
8.5522
8.55336
8.55452
8.55567
8.55683
8.55799
8.55915
8.56031
8.56146
8.56262
8.56378
8.56494
8.5661
8.56727
8.56843
8.56959
8.57075
8.57191
8.57308
8.57424
8.5754
8.57657
8.57773
8.5789
8.58006
8.58123
8.58239
8.58356
8.58472
8.58588
8.58703
8.58818
8.58933
8.59048
8.59162
8.59276
8.59391
8.59505
8.59619
8.59733
8.59847
8.59961
8.60075
8.60189
8.60303
8.60417
8.60531
8.60645
8.60759
8.60872
8.60986
8.611
8.61213
8.61327
8.6144
8.61553
8.61667
8.6178
8.61893
8.62006
8.6212
8.62233
8.62346
8.62459
8.62573
8.62686
8.628
8.62913
8.63027
8.63141
8.63255
8.63369
8.63483
8.63597
8.63712
8.63826
8.63941
8.64056
8.64171
8.64286
8.64401
8.64516
8.6463
8.64743
8.64856
8.64969
8.6508
8.65192
8.65304
8.65415
8.65527
8.65639
8.65751
8.65863
8.65975
8.66088
8.662
8.66313
8.66425
8.66538
8.66651
8.66764
8.66877
8.6699
8.67103
8.67216
8.6733
8.67443
8.67557
8.67671
8.67785
8.67899
8.68013
8.68127
8.68241
8.68356
8.6847
8.68585
8.687
8.68814
8.68929
8.69044
8.69159
8.69274
8.69389
8.69505
8.6962
8.69735
8.6985
8.69966
8.70081
8.70197
8.70312
8.70428
8.70543
8.70659
8.70775
8.7089
8.71006
8.71122
8.71238
8.71354
8.7147
8.71587
8.71703
8.71819
8.71936
8.72052
8.72169
8.72285
8.72402
8.72519
8.72636
8.72753
8.7287
8.72987
8.73104
8.73222
8.73339
8.73457
8.73574
8.73692
8.7381
8.73927
8.74045
8.74163
8.74281
8.74399
8.74517
8.74636
8.74754
8.74872
8.74991
8.75109
8.75228
8.75346
8.75465
8.75584
8.75703
8.75821
8.7594
8.76059
8.76178
8.76297
8.76416
8.76535
8.76655
8.76774
8.76893
8.77013
8.77132
8.77252
8.77371
8.77491
8.7761
8.7773
8.7785
8.7797
8.7809
8.7821
8.7833
8.7845
8.78571
8.78691
8.78812
8.78932
8.79053
8.79173
8.79294
8.79415
8.79536
8.79657
8.79779
8.799
8.80021
8.80143
8.80265
8.80387
8.80508
8.80631
8.80753
8.80875
8.80997
8.8112
8.81242
8.81365
8.81488
8.81611
8.81734
8.81857
8.81981
8.82104
8.82228
8.82351
8.82475
8.82599
8.82723
8.82848
8.82972
8.83096
8.83221
8.83346
8.83471
8.83596
8.83721
8.83846
8.83972
8.84097
8.84223
8.84349
8.84475
8.84601
8.84728
8.84854
8.84981
8.85108
8.85235
8.85362
8.85489
8.85616
8.85744
8.85871
8.85999
8.86127
8.86255
8.86383
8.86512
8.8664
8.86769
8.86898
8.87027
8.87156
8.87286
8.87415
8.87545
8.87675
8.87805
8.87935
8.88065
8.88195
8.88326
8.88457
8.88588
8.88719
8.8885
8.88982
8.89113
8.89245
8.89377
8.89509
8.89641
8.89773
8.89906
8.90039
8.90171
8.90304
8.90438
8.90571
8.90705
8.90838
8.90972
8.91106
8.91241
8.91375
8.9151
8.91645
8.9178
8.91915
8.9205
8.92185
8.92321
8.92457
8.92593
8.92729
8.92866
8.93002
8.93139
8.93276
8.93413
8.9355
8.93688
8.93825
8.93963
8.94101
8.94239
8.94378
8.94516
8.94655
8.94794
8.94933
8.95072
8.95212
8.95352
8.95491
8.95631
8.95772
8.95912
8.96053
8.96193
8.96334
8.96476
8.96617
8.96758
8.969
8.97042
8.97184
8.97326
8.97469
8.97612
8.97755
8.97898
8.98041
8.98184
8.98328
8.98472
8.98616
8.9876
8.98904
8.99049
8.99194
8.99339
8.99484
8.99629
8.99775
8.99921
9.00067
9.00213
9.00359
9.00506
9.00653
9.00799
9.00947
9.01094
9.01241
9.01389
9.01537
9.01685
9.01834
9.01982
9.02131
9.0228
9.02429
9.02578
9.02728
9.02877
9.03027
9.03177
9.03328
9.03478
9.03629
9.0378
9.03931
9.04082
9.04234
9.04385
9.04537
9.04689
9.04842
9.04994
9.05147
9.053
9.05453
9.05606
9.0576
9.05913
9.06067
9.06221
9.06376
9.0653
9.06685
9.0684
9.06995
9.0715
9.07306
9.07462
9.07618
9.07774
9.0793
9.08087
9.08244
9.08401
9.08558
9.08715
9.08873
9.09031
9.09189
9.09347
9.09504
9.09662
9.09819
9.09977
9.10134
9.10291
9.10448
9.10604
9.10761
9.10917
9.11074
9.1123
9.11386
9.11542
9.11698
9.11854
9.1201
9.12167
9.12323
9.12479
9.12635
9.12792
9.12948
9.13105
9.13262
9.13419
9.13576
9.13734
9.13891
9.14049
9.14207
9.14365
9.14524
9.14682
9.14841
9.14999
9.15158
9.15316
9.15475
9.15634
9.15792
9.15951
9.16109
9.16268
9.16426
9.16585
9.16742
9.169
9.17058
9.17215
9.17371
9.17528
9.17683
9.17839
9.17994
9.18149
9.18303
9.18457
9.18611
9.18764
9.18917
9.1907
9.19222
9.19374
9.19525
9.19677
9.19828
9.19978
9.20129
9.20279
9.20429
9.20578
9.20728
9.20877
9.21026
9.21175
9.21323
9.21471
9.21619
9.21767
9.21915
9.22062
9.22209
9.22356
9.22502
9.22648
9.22794
9.22939
9.23085
9.2323
9.23374
9.23518
9.23662
9.23806
9.23949
9.24091
9.24234
9.24376
9.24517
9.24658
9.24799
9.24939
9.25079
9.25219
9.25358
9.25496
9.25635
9.25772
9.2591
9.26047
9.26184
9.2632
9.26456
9.26592
9.26727
9.26862
9.26997
9.27131
9.27265
9.27399
9.27532
9.27665
9.27798
9.2793
9.28062
9.28194
9.28325
9.28456
9.28587
9.28718
9.28848
9.28977
9.29107
9.29236
9.29365
9.29493
9.29622
9.2975
9.29878
9.30005
9.30132
9.30259
9.30386
9.30513
9.30639
9.30765
9.30891
9.31017
9.31142
9.31267
9.31392
9.31517
9.31641
9.31766
9.3189
9.32013
9.32137
9.32261
9.32384
9.32507
9.3263
9.32752
9.32875
9.32997
9.33119
9.33241
9.33363
9.33485
9.33607
9.33728
9.33849
9.33971
9.34092
9.34213
9.34334
9.34454
9.34575
9.34696
9.34816
9.34937
9.35057
9.35177
9.35297
9.35418
9.35538
9.35658
9.35778
9.35897
9.36017
9.36137
9.36257
9.36376
9.36496
9.36616
9.36735
9.36855
9.36974
9.37093
9.37213
9.37332
9.37451
9.3757
9.37689
9.37808
9.37927
9.38046
9.38165
9.38284
9.38402
9.38521
9.3864
9.38758
9.38877
9.38996
9.39114
9.39233
9.39351
9.3947
9.39588
9.39707
9.39825
9.39944
9.40062
9.40181
9.40299
9.40417
9.40536
9.40654
9.40773
9.40891
9.4101
9.41128
9.41247
9.41365
9.41484
9.41602
9.41721
9.41839
9.41958
9.42077
9.42195
9.42314
9.42433
9.42552
9.4267
9.42789
9.42908
9.43027
9.43146
9.43265
9.43385
9.43504
9.43623
9.43743
9.43862
9.43981
9.44101
9.44221
9.4434
9.4446
9.4458
9.447
9.4482
9.4494
9.4506
9.45181
9.45301
9.45422
9.45543
9.45663
9.45784
9.45906
9.46027
9.46148
9.4627
9.46392
9.46513
9.46635
9.46757
9.4688
9.47002
9.47125
9.47247
9.4737
9.47493
9.47616
9.47739
9.47862
9.47985
9.48109
9.48232
9.48356
9.4848
9.48604
9.48728
9.48852
9.48976
9.49101
9.49225
9.4935
9.49475
9.49599
9.49724
9.49849
9.49975
9.501
9.50225
9.50351
9.50476
9.50602
9.50728
9.50854
9.5098
9.51106
9.51232
9.51359
9.51485
9.51612
9.51739
9.51866
9.51993
9.5212
9.52247
9.52374
9.52502
9.52629
9.52757
9.52884
9.53012
9.5314
9.53268
9.53396
9.53524
9.53653
9.53781
9.53909
9.54038
9.54167
9.54295
9.54424
9.54553
9.54682
9.54811
9.5494
9.5507
9.55199
9.55328
9.55458
9.55588
9.55718
9.55848
9.55978
9.56108
9.56238
9.56368
9.56499
9.5663
9.5676
9.56891
9.57022
9.57153
9.57285
9.57416
9.57547
9.57679
9.57811
9.57943
9.58075
9.58207
9.58339
9.58472
9.58604
9.58737
9.5887
9.59003
9.59136
9.59269
9.59403
9.59536
9.5967
9.59804
9.59938
9.60072
9.60207
9.60341
9.60476
9.60611
9.60746
9.60881
9.61016
9.61152
9.61287
9.61423
9.61559
9.61695
9.61832
9.61968
9.62105
9.62242
9.62379
9.62516
9.62654
9.62791
9.62929
9.63067
9.63206
9.63344
9.63482
9.63621
9.6376
9.63899
9.64039
9.64178
9.64318
9.64458
9.64598
9.64738
9.64879
9.65019
9.6516
9.65301
9.65442
9.65584
9.65725
9.65867
9.66009
9.66151
9.66294
9.66436
9.66579
9.66722
9.66865
9.67007
9.6715
9.67292
9.67433
9.67574
9.67714
9.67855
9.67996
9.68137
9.68278
9.68419
9.68561
9.68702
9.68844
9.68986
9.69129
9.69271
9.69414
9.69557
9.697
9.69843
9.69987
9.7013
9.70274
9.70418
9.70562
9.70707
9.70851
9.70996
9.7114
9.71285
9.7143
9.71576
9.71721
9.71867
9.72012
9.72158
9.72304
9.7245
9.72597
9.72743
9.7289
9.73036
9.73182
9.73328
9.73474
9.73619
9.73764
9.73909
9.74054
9.74199
9.74343
9.74487
9.74631
9.74776
9.7492
9.75064
9.75208
9.75352
9.75496
9.7564
9.75784
9.75929
9.76073
9.76218
9.76363
9.76508
9.76654
9.768
9.76946
9.77092
9.77239
9.77386
9.77532
9.77679
9.77827
9.77974
9.78121
9.78269
9.78416
9.78564
9.78711
9.78859
9.79006
9.79153
9.79301
9.79448
9.79595
9.79743
9.7989
9.80036
9.80183
9.80329
9.80475
9.80621
9.80766
9.80912
9.81057
9.81201
9.81346
9.8149
9.81633
9.81777
9.8192
9.82063
9.82206
9.82348
9.8249
9.82632
9.82774
9.82915
9.83056
9.83197
9.83338
9.83478
9.83618
9.83758
9.83898
9.84037
9.84177
9.84316
9.84455
9.84593
9.84732
9.8487
9.85008
9.85146
9.85284
9.85422
9.85559
9.85696
9.85833
9.8597
9.86107
9.86243
9.8638
9.86516
9.86651
9.86787
9.86922
9.87058
9.87192
9.87327
9.87461
9.87595
9.87729
9.87862
9.87995
9.88128
9.8826
9.88392
9.88524
9.88655
9.88786
9.88916
9.89046
9.89176
9.89305
9.89434
9.89562
9.8969
9.89818
9.89945
9.90072
9.90198
9.90324
9.9045
9.90575
9.907
9.90825
9.90949
9.91073
9.91196
9.91319
9.91442
9.91564
9.91686
9.91808
9.91929
9.9205
9.92171
9.92291
9.92411
9.92531
9.92651
9.9277
9.92889
9.93007
9.93126
9.93244
9.93361
9.93479
9.93596
9.93713
9.93829
9.93946
9.94062
9.94177
9.94293
9.94408
9.94523
9.94638
9.94752
9.94866
9.9498
9.95094
9.95207
9.9532
9.95433
9.95546
9.95658
9.9577
9.95882
9.95994
9.96105
9.96216
9.96327
9.96438
9.96548
9.96658
9.96768
9.96878
9.96988
9.97097
9.97206
9.97315
9.97423
9.97532
9.9764
9.97748
9.97856
9.97963
9.9807
9.98178
9.98285
9.98391
9.98498
9.98604
9.98711
9.98817
9.98923
9.99028
9.99134
9.99239
9.99344
9.99449
9.99554
9.99659
9.99763
9.99867
9.99971
10.0008
10.0018
10.0028
10.0039
10.0049
10.0059
10.0069
10.008
10.009
10.01
10.011
10.0121
10.0131
10.0141
10.0151
10.0161
10.0171
10.0181
10.0192
10.0202
10.0212
10.0222
10.0232
10.0242
10.0252
10.0262
10.0272
10.0282
10.0291
10.0301
10.0311
10.0321
10.0331
10.0341
10.0351
10.0361
10.037
10.038
10.039
10.04
10.041
10.042
10.0429
10.0439
10.0449
10.0459
10.0468
10.0478
10.0488
10.0498
10.0507
10.0517
10.0527
10.0537
10.0546
10.0556
10.0566
10.0575
10.0585
10.0595
10.0605
10.0614
10.0624
10.0634
10.0643
10.0653
10.0663
10.0672
10.0682
10.0692
10.0701
10.0711
10.0721
10.073
10.074
10.075
10.076
10.0769
10.0779
10.0789
10.0798
10.0808
10.0818
10.0827
10.0837
10.0847
10.0856
10.0866
10.0876
10.0886
10.0895
10.0905
10.0915
10.0924
10.0934
10.0944
10.0953
10.0963
10.0973
10.0983
10.0992
10.1002
10.1012
10.1022
10.1031
10.1041
10.1051
10.1061
10.107
10.108
10.109
10.11
10.111
10.1119
10.1129
10.1139
10.1149
10.1159
10.1168
10.1178
10.1188
10.1198
10.1208
10.1217
10.1227
10.1237
10.1247
10.1257
10.1267
10.1277
10.1286
10.1296
10.1306
10.1316
10.1326
10.1336
10.1346
10.1356
10.1366
10.1376
10.1386
10.1395
10.1405
10.1415
10.1425
10.1435
10.1445
10.1455
10.1465
10.1475
10.1485
10.1495
10.1505
10.1515
10.1525
10.1535
10.1545
10.1555
10.1565
10.1575
10.1585
10.1595
10.1605
10.1615
10.1626
10.1636
10.1646
10.1656
10.1666
10.1676
10.1686
10.1696
10.1706
10.1716
10.1726
10.1736
10.1747
10.1757
10.1767
10.1777
10.1787
10.1797
10.1807
10.1818
10.1828
10.1838
10.1848
10.1858
10.1868
10.1878
10.1889
10.1899
10.1909
10.1919
10.1929
10.194
10.195
10.196
10.197
10.198
10.1991
10.2001
10.2011
10.2021
10.2031
10.2041
10.2051
10.2061
10.2071
10.2081
10.2091
10.2101
10.2111
10.2121
10.2131
10.214
10.215
10.216
10.217
10.218
10.219
10.22
10.221
10.222
10.223
10.224
10.225
10.226
10.227
10.228
10.229
10.23
10.231
10.232
10.233
10.234
10.235
10.236
10.237
10.238
10.239
10.24
10.241
10.242
10.243
10.244
10.245
10.246
10.247
10.248
10.249
10.25
10.251
10.252
10.253
10.2539
10.2549
10.2559
10.2569
10.2579
10.2589
10.2598
10.2608
10.2618
10.2628
10.2638
10.2647
10.2657
10.2667
10.2677
10.2686
10.2696
10.2706
10.2716
10.2725
10.2735
10.2745
10.2754
10.2764
10.2774
10.2783
10.2793
10.2803
10.2812
10.2822
10.2831
10.2841
10.285
10.286
10.2869
10.2879
10.2888
10.2898
10.2907
10.2916
10.2926
10.2935
10.2945
10.2954
10.2963
10.2972
10.2982
10.2991
10.3
10.3009
10.3018
10.3028
10.3037
10.3046
10.3055
10.3064
10.3073
10.3082
10.3091
10.31
10.3109
10.3118
10.3127
10.3136
10.3145
10.3153
10.3162
10.3171
10.318
10.3189
10.3197
10.3206
10.3214
10.3223
10.3231
10.324
10.3248
10.3256
10.3265
10.3273
10.3281
10.3289
10.3298
10.3306
10.3314
10.3322
10.333
10.3338
10.3347
10.3355
10.3363
10.3371
10.3379
10.3387
10.3395
10.3403
10.3411
10.3419
10.3426
10.3434
10.3442
10.345
10.3458
10.3466
10.3474
10.3481
10.3489
10.3497
10.3505
10.3513
10.352
10.3528
10.3536
10.3544
10.3551
10.3559
10.3567
10.3574
10.3582
10.359
10.3598
10.3605
10.3613
10.3621
10.3628
10.3636
10.3644
10.3652
10.3659
10.3667
10.3675
10.3683
10.369
10.3698
10.3706
10.3714
10.3721
10.3729
10.3737
10.3745
10.3752
10.376
10.3768
10.3776
10.3783
10.3791
10.3799
10.3807
10.3814
10.3822
10.383
10.3838
10.3845
10.3853
10.3861
10.3869
10.3876
10.3884
10.3892
10.39
10.3908
10.3915
10.3923
10.3931
10.3939
10.3947
10.3955
10.3963
10.397
10.3978
10.3986
10.3994
10.4002
10.401
10.4018
10.4026
10.4034
10.4042
10.405
10.4058
10.4066
10.4073
10.4081
10.4089
10.4097
10.4105
10.4113
10.4121
10.4129
10.4137
10.4145
10.4152
10.416
10.4168
10.4176
10.4184
10.4192
10.42
10.4207
10.4215
10.4223
10.4231
10.4239
10.4247
10.4255
10.4263
10.427
10.4278
10.4286
10.4294
10.4302
10.431
10.4318
10.4325
10.4333
10.4341
10.4349
10.4357
10.4365
10.4373
10.4381
10.4388
10.4396
10.4404
10.4412
10.442
10.4428
10.4436
10.4443
10.4451
10.4459
10.4467
10.4475
10.4483
10.4491
10.4499
10.4506
10.4514
10.4522
10.453
10.4538
10.4546
10.4554
10.4562
10.457
10.4578
10.4586
10.4593
10.4601
10.4609
10.4617
10.4625
10.4633
10.4641
10.4649
10.4657
10.4665
10.4673
10.4681
10.4689
10.4697
10.4705
10.4714
10.4722
10.473
10.4738
10.4746
10.4754
10.4762
10.477
10.4778
10.4787
10.4795
10.4803
10.4811
10.4819
10.4828
10.4836
10.4844
10.4852
10.4861
10.4869
10.4877
10.4885
10.4894
10.4902
10.491
10.4919
10.4927
10.4935
10.4944
10.4952
10.496
10.4969
10.4977
10.4986
10.4994
10.5003
10.5011
10.5019
10.5028
10.5036
10.5045
10.5053
10.5061
10.507
10.5078
10.5086
10.5095
10.5103
10.5111
10.512
10.5128
10.5136
10.5145
10.5153
10.5162
10.517
10.5179
10.5187
10.5196
10.5204
10.5213
10.5222
10.523
10.5239
10.5248
10.5257
10.5265
10.5274
10.5283
10.5292
10.53
10.5309
10.5318
10.5327
10.5336
10.5345
10.5354
10.5363
10.5371
10.538
10.5389
10.5398
10.5407
10.5416
10.5425
10.5434
10.5443
10.5452
10.5461
10.547
10.5479
10.5488
10.5497
10.5506
10.5515
10.5524
10.5533
10.5542
10.5551
10.556
10.5569
10.5578
10.5587
10.5596
10.5605
10.5613
10.5622
10.5631
10.564
10.5649
10.5658
10.5667
10.5676
10.5685
10.5694
10.5702
10.5711
10.572
10.5729
10.5738
10.5746
10.5755
10.5764
10.5773
10.5781
10.579
10.5798
10.5807
10.5816
10.5824
10.5833
10.5841
10.585
10.5858
10.5867
10.5875
10.5884
10.5892
10.59
10.5909
10.5917
10.5925
10.5933
10.5942
10.595
10.5958
10.5966
10.5974
10.5982
10.599
10.5999
10.6007
10.6015
10.6023
10.6031
10.6038
10.6046
10.6054
10.6062
10.607
10.6078
10.6086
10.6093
10.6101
10.6109
10.6117
10.6124
10.6132
10.614
10.6147
10.6155
10.6162
10.617
10.6178
10.6185
10.6193
10.62
10.6208
10.6215
10.6223
10.623
10.6237
10.6245
10.6252
10.6259
10.6267
10.6274
10.6281
10.6289
10.6296
10.6303
10.6311
10.6318
10.6325
10.6332
10.6339
10.6347
10.6354
10.6361
10.6368
10.6375
10.6382
10.6389
10.6397
10.6404
10.6411
10.6418
10.6425
10.6432
10.6439
10.6446
10.6453
10.646
10.6467
10.6474
10.6481
10.6488
10.6495
10.6502
10.6509
10.6516
10.6523
10.6531
10.6537
10.6544
10.6551
10.6558
10.6565
10.6572
10.6579
10.6586
10.6593
10.66
10.6607
10.6614
10.6621
10.6628
10.6635
10.6641
10.6648
10.6655
10.6662
10.6669
10.6676
10.6683
10.669
10.6697
10.6704
10.6711
10.6718
10.6725
10.6732
10.6739
10.6746
10.6753
10.676
10.6767
10.6774
10.6781
10.6788
10.6795
10.6802
10.681
10.6817
10.6824
10.6831
10.6838
10.6845
10.6852
10.686
10.6867
10.6874
10.6881
10.6888
10.6896
10.6903
10.691
10.6917
10.6925
10.6932
10.6939
10.6947
10.6954
10.6961
10.6968
10.6976
10.6983
10.699
10.6998
10.7005
10.7012
10.702
10.7027
10.7034
10.7042
10.7049
10.7056
10.7064
10.7071
10.7079
10.7086
10.7093
10.7101
10.7108
10.7116
10.7123
10.713
10.7138
10.7145
10.7153
10.716
10.7167
10.7175
10.7182
10.719
10.7197
10.7204
10.7212
10.7219
10.7227
10.7234
10.7242
10.7249
10.7257
10.7264
10.7272
10.7279
10.7286
10.7294
10.7301
10.7309
10.7316
10.7324
10.7331
10.7339
10.7346
10.7354
10.7362
10.7369
10.7377
10.7384
10.7392
10.7399
10.7407
10.7415
10.7422
10.743
10.7437
10.7445
10.7453
10.746
10.7468
10.7476
10.7483
10.7491
10.7499
10.7506
10.7514
10.7522
10.753
10.7537
10.7545
10.7553
10.7561
10.7568
10.7576
10.7584
10.7592
10.76
10.7608
10.7615
10.7623
10.7631
10.7639
10.7647
10.7655
10.7663
10.7671
10.7679
10.7687
10.7695
10.7703
10.7711
10.7719
10.7727
10.7735
10.7743
10.7751
10.7759
10.7767
10.7775
10.7784
10.7792
10.78
10.7808
10.7816
10.7825
10.7833
10.7841
10.7849
10.7858
10.7866
10.7874
10.7882
10.7891
10.7899
10.7907
10.7916
10.7924
10.7933
10.7941
10.7949
10.7958
10.7966
10.7975
10.7983
10.7992
10.8
10.8008
10.8017
10.8025
10.8033
10.8042
10.805
10.8058
10.8067
10.8075
10.8084
10.8092
10.8101
10.8109
10.8118
10.8126
10.8135
10.8143
10.8152
10.8161
10.8169
10.8178
10.8187
10.8195
10.8204
10.8213
10.8222
10.823
10.8239
10.8248
10.8257
10.8266
10.8275
10.8283
10.8292
10.8301
10.831
10.8319
10.8328
10.8337
10.8346
10.8355
10.8364
10.8373
10.8382
10.8391
10.84
10.8409
10.8418
10.8426
10.8435
10.8444
10.8453
10.8462
10.8471
10.848
10.8489
10.8498
10.8507
10.8516
10.8525
10.8534
10.8543
10.8552
10.8561
10.857
10.8578
10.8587
10.8596
10.8605
10.8614
10.8623
10.8632
10.8641
10.8649
10.8658
10.8667
10.8676
10.8684
10.8693
10.8702
10.8711
10.8719
10.8728
10.8737
10.8745
10.8754
10.8762
10.8771
10.878
10.8788
10.8797
10.8805
10.8814
10.8822
10.883
10.8839
10.8847
10.8856
10.8864
10.8872
10.8881
10.8889
10.8897
10.8905
10.8914
10.8922
10.893
10.8938
10.8946
10.8954
10.8962
10.897
10.8978
10.8986
10.8994
10.9002
10.901
10.9018
10.9026
10.9034
10.9042
10.905
10.9058
10.9066
10.9073
10.9081
10.9089
10.9097
10.9104
10.9112
10.912
10.9127
10.9135
10.9143
10.915
10.9158
10.9166
10.9173
10.9181
10.9188
10.9196
10.9203
10.9211
10.9218
10.9226
10.9233
10.9241
10.9248
10.9256
10.9263
10.9271
10.9278
10.9285
10.9293
10.93
10.9308
10.9315
10.9322
10.933
10.9337
10.9344
10.9352
10.9359
10.9366
10.9374
10.9381
10.9388
10.9396
10.9403
10.941
10.9418
10.9425
10.9432
10.9439
10.9447
10.9454
10.9461
10.9469
10.9476
10.9483
10.949
10.9498
10.9505
10.9512
10.952
10.9527
10.9534
10.9542
10.9549
10.9556
10.9564
10.9571
10.9578
10.9586
10.9593
10.96
10.9608
10.9615
10.9622
10.963
10.9637
10.9645
10.9652
10.9659
10.9667
10.9674
10.9682
10.9689
10.9696
10.9704
10.9711
10.9719
10.9726
10.9734
10.9741
10.9749
10.9756
10.9764
10.9771
10.9779
10.9786
10.9794
10.9801
10.9809
10.9816
10.9824
10.9832
10.9839
10.9847
10.9855
10.9862
10.987
10.9878
10.9885
10.9893
10.9901
10.9908
10.9916
10.9924
10.9932
10.9939
10.9947
10.9955
10.9963
10.997
10.9978
10.9986
10.9994
11.0002
11.0009
11.0017
11.0025
11.0033
11.004
11.0048
11.0056
11.0064
11.0071
11.0079
11.0087
11.0094
11.0102
11.011
11.0118
11.0125
11.0133
11.0141
11.0148
11.0156
11.0164
11.0171
11.0179
11.0187
11.0195
11.0202
11.021
11.0218
11.0226
11.0233
11.0241
11.0249
11.0257
11.0264
11.0272
11.028
11.0288
11.0295
11.0303
11.0311
11.0319
11.0327
11.0335
11.0342
11.035
11.0358
11.0366
11.0374
11.0382
11.039
11.0398
11.0406
11.0413
11.0421
11.0429
11.0437
11.0445
11.0453
11.0461
11.0469
11.0478
11.0486
11.0494
11.0502
11.051
11.0518
11.0526
11.0534
11.0542
11.0551
11.0559
11.0567
11.0575
11.0584
11.0592
11.06
11.0608
11.0617
11.0625
11.0633
11.0642
11.065
11.0658
11.0667
11.0675
11.0683
11.0692
11.07
11.0709
11.0717
11.0726
11.0734
11.0743
11.0751
11.076
11.0768
11.0777
11.0785
11.0794
11.0803
11.0811
11.082
11.0829
11.0837
11.0846
11.0855
11.0863
11.0872
11.0881
11.089
11.0898
11.0907
11.0916
11.0925
11.0933
11.0942
11.0951
11.096
11.0969
11.0978
11.0987
11.0996
11.1005
11.1013
11.1022
11.1031
11.104
11.1049
11.1058
11.1067
11.1076
11.1085
11.1094
11.1103
11.1112
11.1121
11.113
11.1139
11.1148
11.1157
11.1166
11.1175
11.1184
11.1193
11.1202
11.1211
11.1221
11.123
11.1239
11.1248
11.1258
11.1267
11.1276
11.1285
11.1295
11.1304
11.1313
11.1323
11.1332
11.1342
11.1351
11.136
11.137
11.1379
11.1389
11.1398
11.1408
11.1417
11.1426
11.1436
11.1445
11.1455
11.1464
11.1474
11.1483
11.1493
11.1502
11.1512
11.1521
11.1531
11.154
11.1549
11.1559
11.1568
11.1578
11.1587
11.1597
11.1606
11.1616
11.1625
11.1634
11.1644
11.1653
11.1663
11.1672
11.1681
11.1691
11.17
11.1709
11.1719
11.1728
11.1737
11.1747
11.1756
11.1765
11.1774
11.1784
11.1793
11.1802
11.1811
11.182
11.1829
11.1838
11.1847
11.1856
11.1865
11.1874
11.1883
11.1892
11.1901
11.191
11.1919
11.1928
11.1937
11.1945
11.1954
11.1963
11.1972
11.198
11.1989
11.1998
11.2006
11.2015
11.2024
11.2032
11.2041
11.2049
11.2058
11.2066
11.2075
11.2083
11.2092
11.21
11.2108
11.2117
11.2125
11.2134
11.2142
11.215
11.2158
11.2167
11.2175
11.2183
11.2191
11.22
11.2208
11.2216
11.2224
11.2232
11.224
11.2249
11.2257
11.2265
11.2273
11.2281
11.2289
11.2297
11.2305
11.2313
11.2321
11.2329
11.2337
11.2346
11.2354
11.2362
11.237
11.2378
11.2386
11.2394
11.2402
11.241
11.2418
11.2426
11.2434
11.2442
11.245
11.2458
11.2466
11.2474
11.2482
11.249
11.2498
11.2506
11.2515
11.2523
11.2531
11.2539
11.2547
11.2555
11.2563
11.2571
11.2579
11.2587
11.2596
11.2604
11.2612
11.262
11.2628
11.2636
11.2644
11.2653
11.2661
11.2669
11.2677
11.2685
11.2694
11.2702
11.271
11.2718
11.2727
11.2735
11.2743
11.2751
11.276
11.2768
11.2776
11.2784
11.2793
11.2801
11.2809
11.2818
11.2826
11.2834
11.2843
11.2851
11.2859
11.2868
11.2876
11.2885
11.2893
11.2902
11.291
11.2918
11.2927
11.2935
11.2944
11.2952
11.2961
11.2969
11.2978
11.2986
11.2995
11.3003
11.3012
11.302
11.3029
11.3037
11.3046
11.3055
11.3063
11.3072
11.308
11.3089
11.3098
11.3106
11.3115
11.3124
11.3132
11.3141
11.315
11.3158
11.3167
11.3176
11.3185
11.3193
11.3202
11.3211
11.322
11.3228
11.3237
11.3246
11.3255
11.3264
11.3272
11.3281
11.329
11.3299
11.3308
11.3317
11.3326
11.3334
11.3343
11.3352
11.3361
11.337
11.3379
11.3388
11.3397
11.3406
11.3415
11.3424
11.3433
11.3442
11.3451
11.3459
11.3468
11.3477
11.3486
11.3495
11.3504
11.3513
11.3522
11.353
11.3539
11.3548
11.3557
11.3565
11.3574
11.3583
11.3591
11.36
11.3609
11.3618
11.3626
11.3635
11.3644
11.3652
11.3661
11.367
11.3679
11.3687
11.3696
11.3705
11.3714
11.3722
11.3731
11.374
11.3749
11.3758
11.3766
11.3775
11.3784
11.3793
11.3802
11.3811
11.382
11.3829
11.3837
11.3846
11.3855
11.3864
11.3873
11.3882
11.3891
11.39
11.3909
11.3918
11.3927
11.3936
11.3945
11.3954
11.3963
11.3972
11.3981
11.399
11.4
11.4009
11.4018
11.4027
11.4036
11.4045
11.4054
11.4064
11.4073
11.4082
11.4091
11.4101
11.411
11.4119
11.4128
11.4138
11.4147
11.4156
11.4166
11.4175
11.4184
11.4194
11.4203
11.4212
11.4222
11.4231
11.4241
11.425
11.426
11.4269
11.4279
11.4289
11.4298
11.4308
11.4317
11.4327
11.4337
11.4347
11.4356
11.4366
11.4376
11.4386
11.4396
11.4406
11.4415
11.4425
11.4435
11.4445
11.4456
11.4466
11.4476
11.4486
11.4496
11.4506
11.4516
11.4526
11.4537
11.4547
11.4557
11.4567
11.4578
11.4588
11.4598
11.4609
11.4619
11.4629
11.4639
11.465
11.466
11.4671
11.4681
11.4691
11.4702
11.4712
11.4722
11.4733
11.4743
11.4753
11.4764
11.4774
11.4785
11.4795
11.4805
11.4816
11.4826
11.4836
11.4847
11.4857
11.4867
11.4878
11.4888
11.4898
11.4909
11.4919
11.4929
11.494
11.495
11.496
11.4971
11.4981
11.4991
11.5001
11.5011
11.5022
11.5032
11.5042
11.5052
11.5062
11.5072
11.5083
11.5093
11.5103
11.5113
11.5123
11.5133
11.5143
11.5153
11.5163
11.5173
11.5183
11.5193
11.5202
11.5212
11.5222
11.5232
11.5242
11.5252
11.5261
11.5271
11.5281
11.529
11.53
11.531
11.5319
11.5329
11.5339
11.5348
11.5358
11.5367
11.5377
11.5386
11.5396
11.5405
11.5415
11.5424
11.5433
11.5443
11.5452
11.5461
11.5471
11.548
11.5489
11.5499
11.5508
11.5517
11.5526
11.5536
11.5545
11.5554
11.5563
11.5573
11.5582
11.5591
11.56
11.5609
11.5618
11.5627
11.5637
11.5646
11.5655
11.5664
11.5673
11.5682
11.5691
11.57
11.571
11.5719
11.5728
11.5737
11.5746
11.5755
11.5764
11.5773
11.5782
11.5791
11.5801
11.581
11.5819
11.5828
11.5837
11.5846
11.5855
11.5864
11.5874
11.5883
11.5892
11.5901
11.591
11.5919
11.5929
11.5938
11.5947
11.5956
11.5965
11.5975
11.5984
11.5993
11.6002
11.6012
11.6021
11.603
11.6039
11.6049
11.6058
11.6067
11.6077
11.6086
11.6095
11.6105
11.6114
11.6123
11.6133
11.6142
11.6151
11.6161
11.617
11.618
11.6189
11.6199
11.6208
11.6217
11.6227
11.6236
11.6246
11.6255
11.6265
11.6274
11.6284
11.6294
11.6303
11.6313
11.6322
11.6332
11.6341
11.6351
11.6361
11.637
11.638
11.6389
11.6399
11.6409
11.6418
11.6428
11.6438
11.6448
11.6457
11.6467
11.6477
11.6486
11.6496
11.6506
11.6516
11.6526
11.6535
11.6545
11.6555
11.6565
11.6575
11.6584
11.6594
11.6604
11.6614
11.6624
11.6634
11.6644
11.6654
11.6664
11.6674
11.6684
11.6694
11.6704
11.6714
11.6724
11.6734
11.6744
11.6754
11.6764
11.6774
11.6784
11.6794
11.6804
11.6814
11.6824
11.6834
11.6844
11.6854
11.6864
11.6875
11.6885
11.6895
11.6905
11.6915
11.6925
11.6935
11.6946
11.6956
11.6966
11.6976
11.6986
11.6997
11.7007
11.7017
11.7027
11.7037
11.7048
11.7058
11.7068
11.7078
11.7089
11.7099
11.7109
11.7119
11.7129
11.7139
11.7149
11.7159
11.7169
11.7179
11.7189
11.7199
11.7209
11.7218
11.7228
11.7238
11.7248
11.7258
11.7268
11.7278
11.7288
11.7297
11.7307
11.7317
11.7327
11.7337
11.7347
11.7357
11.7367
11.7377
11.7387
11.7397
11.7407
11.7417
11.7427
11.7437
11.7447
11.7457
11.7467
11.7477
11.7487
11.7497
11.7507
11.7517
11.7527
11.7538
11.7548
11.7558
11.7568
11.7578
11.7588
11.7598
11.7609
11.7619
11.7629
11.7639
11.765
11.766
11.767
11.768
11.7691
11.7701
11.7711
11.7721
11.7732
11.7742
11.7752
11.7763
11.7773
11.7784
11.7794
11.7804
11.7815
11.7825
11.7835
11.7846
11.7856
11.7867
11.7877
11.7888
11.7898
11.7909
11.7919
11.793
11.794
11.7951
11.7961
11.7972
11.7982
11.7993
11.8003
11.8014
11.8025
11.8035
11.8046
11.8057
11.8067
11.8078
11.8089
11.81
11.811
11.8121
11.8132
11.8143
11.8154
11.8165
11.8176
11.8187
11.8198
11.8209
11.822
11.8231
11.8242
11.8253
11.8264
11.8275
11.8286
11.8297
11.8308
11.8319
11.833
11.8341
11.8352
11.8363
11.8374
11.8385
11.8397
11.8408
11.8419
11.843
11.8441
11.8452
11.8463
11.8474
11.8485
11.8497
11.8508
11.8519
11.853
11.8541
11.8552
11.8563
11.8574
11.8585
11.8596
11.8607
11.8618
11.8629
11.864
11.8651
11.8662
11.8673
11.8684
11.8695
11.8706
11.8717
11.8728
11.8738
11.8749
11.876
11.8771
11.8781
11.8792
11.8802
11.8813
11.8824
11.8834
11.8845
11.8855
11.8866
11.8876
11.8886
11.8897
11.8907
11.8917
11.8927
11.8938
11.8948
11.8958
11.8968
11.8978
11.8988
11.8998
11.9008
11.9018
11.9028
11.9038
11.9048
11.9058
11.9068
11.9077
11.9087
11.9097
11.9107
11.9116
11.9126
11.9136
11.9145
11.9155
11.9165
11.9174
11.9184
11.9193
11.9203
11.9212
11.9222
11.9231
11.9241
11.925
11.926
11.9269
11.9279
11.9288
11.9298
11.9307
11.9316
11.9326
11.9335
11.9345
11.9354
11.9364
11.9373
11.9382
11.9392
11.9401
11.9411
11.942
11.943
11.9439
11.9448
11.9458
11.9467
11.9477
11.9486
11.9496
11.9505
11.9515
11.9524
11.9533
11.9543
11.9553
11.9562
11.9572
11.9581
11.9591
11.96
11.961
11.9619
11.9629
11.9638
11.9648
11.9658
11.9667
11.9677
11.9687
11.9696
11.9706
11.9716
11.9725
11.9735
11.9745
11.9754
11.9764
11.9774
11.9784
11.9793
11.9803
11.9813
11.9823
11.9832
11.9842
11.9852
11.9862
11.9872
11.9882
11.9892
11.9902
11.9911
11.9921
11.9931
11.9941
11.9951
11.9961
11.9971
11.9981
11.9991
12.0001
12.0011
12.0021
12.0031
12.0041
12.0052
12.0062
12.0072
12.0082
12.0092
12.0102
12.0112
12.0123
12.0133
12.0143
12.0153
12.0163
12.0174
12.0184
12.0194
12.0204
12.0215
12.0225
12.0235
12.0246
12.0256
12.0267
12.0277
12.0287
12.0298
12.0308
12.0319
12.0329
12.034
12.035
12.0361
12.0371
12.0382
12.0392
12.0403
12.0413
12.0424
12.0435
12.0445
12.0456
12.0466
12.0477
12.0488
12.0499
12.0509
12.052
12.0531
12.0541
12.0552
12.0563
12.0574
12.0584
12.0595
12.0606
12.0617
12.0628
12.0639
12.0649
12.066
12.0671
12.0682
12.0693
12.0704
12.0715
12.0726
12.0737
12.0748
12.0759
12.077
12.078
12.0791
12.0802
12.0813
12.0824
12.0835
12.0846
12.0857
12.0868
12.0879
12.0891
12.0902
12.0913
12.0924
12.0935
12.0945
12.0956
12.0967
12.0978
12.0988
12.0999
12.101
12.102
12.1031
12.1041
12.1052
12.1063
12.1073
12.1084
12.1094
12.1105
12.1115
12.1126
12.1137
12.1147
12.1158
12.1168
12.1179
12.1189
12.12
12.121
12.1221
12.1231
12.1242
12.1252
12.1263
12.1273
12.1284
12.1294
12.1305
12.1315
12.1326
12.1337
12.1347
12.1358
12.1368
12.1379
12.1389
12.14
12.141
12.1421
12.1432
12.1442
12.1453
12.1463
12.1474
12.1485
12.1495
12.1506
12.1517
12.1527
12.1538
12.1548
12.1559
12.1569
12.158
12.159
12.1601
12.1611
12.1622
12.1633
12.1643
12.1654
12.1664
12.1675
12.1686
12.1696
12.1707
12.1717
12.1728
12.1739
12.1749
12.176
12.1771
12.1781
12.1792
12.1803
12.1814
12.1824
12.1835
12.1846
12.1857
12.1867
12.1878
12.1889
12.19
12.1911
12.1921
12.1932
12.1943
12.1954
12.1965
12.1975
12.1986
12.1997
12.2008
12.2019
12.2029
12.204
12.2051
12.2062
12.2072
12.2083
12.2094
12.2105
12.2115
12.2126
12.2137
12.2148
12.2158
12.2169
12.218
12.219
12.2201
12.2212
12.2222
12.2233
12.2244
12.2254
12.2265
12.2275
12.2286
12.2296
12.2307
12.2317
12.2328
12.2338
12.2348
12.2359
12.2369
12.2379
12.239
12.24
12.241
12.242
12.243
12.244
12.245
12.2461
12.2471
12.248
12.249
12.25
12.251
12.252
12.253
12.254
12.255
12.2559
12.2569
12.2579
12.2588
12.2598
12.2608
12.2617
12.2627
12.2637
12.2646
12.2656
12.2665
12.2675
12.2684
12.2694
12.2703
12.2713
12.2722
12.2732
12.2741
12.2751
12.276
12.2769
12.2779
12.2788
12.2797
12.2807
12.2816
12.2825
12.2835
12.2844
12.2853
12.2862
12.2872
12.2881
12.289
12.2899
12.2909
12.2918
12.2927
12.2936
12.2945
12.2955
12.2964
12.2973
12.2982
12.2991
12.3
12.301
12.3019
12.3028
12.3037
12.3046
12.3055
12.3064
12.3073
12.3083
12.3092
12.3101
12.311
12.3119
12.3128
12.3137
12.3146
12.3156
12.3165
12.3174
12.3183
12.3192
12.3201
12.3211
12.322
12.3229
12.3238
12.3247
12.3257
12.3266
12.3275
12.3284
12.3294
12.3303
12.3312
12.3321
12.3331
12.334
12.3349
12.3359
12.3368
12.3378
12.3387
12.3396
12.3406
12.3415
12.3425
12.3434
12.3444
12.3453
12.3463
12.3472
12.3482
12.3492
12.3501
12.3511
12.3521
12.353
12.354
12.355
12.3559
12.3569
12.3579
12.3589
12.3599
12.3609
12.3618
12.3628
12.3638
12.3648
12.3658
12.3668
12.3678
12.3688
12.3698
12.3708
12.3718
12.3728
12.3738
12.3749
12.3759
12.3769
12.3779
12.3789
12.38
12.381
12.382
12.383
12.3841
12.3851
12.3861
12.3872
12.3882
12.3892
12.3903
12.3913
12.3924
12.3934
12.3945
12.3955
12.3966
12.3976
12.3987
12.3997
12.4008
12.4018
12.4029
12.4039
12.405
12.4061
12.4071
12.4082
12.4092
12.4103
12.4114
12.4124
12.4135
12.4146
12.4156
12.4167
12.4178
12.4188
12.4199
12.421
12.422
12.4231
12.4242
12.4252
12.4263
12.4274
12.4284
12.4295
12.4305
12.4316
12.4326
12.4336
12.4346
12.4356
12.4367
12.4377
12.4387
12.4397
12.4407
12.4417
12.4427
12.4437
12.4447
12.4458
12.4468
12.4478
12.4488
12.4498
12.4508
12.4518
12.4528
12.4538
12.4548
12.4558
12.4568
12.4578
12.4588
12.4598
12.4608
12.4618
12.4628
12.4638
12.4648
12.4658
12.4668
12.4678
12.4688
12.4698
12.4708
12.4718
12.4728
12.4738
12.4748
12.4758
12.4768
12.4778
12.4788
12.4798
12.4808
12.4818
12.4828
12.4837
12.4847
12.4857
12.4867
12.4877
12.4887
12.4897
12.4907
12.4917
12.4927
12.4937
12.4947
12.4956
12.4966
12.4976
12.4986
12.4996
12.5006
12.5016
12.5026
12.5036
12.5046
12.5056
12.5066
12.5076
12.5086
12.5096
12.5106
12.5116
12.5126
12.5136
12.5146
12.5156
12.5166
12.5176
12.5186
12.5196
12.5206
12.5216
12.5227
12.5237
12.5247
12.5257
12.5267
12.5277
12.5287
12.5297
12.5308
12.5318
12.5328
12.5338
12.5348
12.5358
12.5368
12.5379
12.5389
12.5399
12.5409
12.5419
12.5429
12.544
12.545
12.546
12.547
12.548
12.549
12.5501
12.5511
12.5521
12.5531
12.5541
12.5551
12.5561
12.5571
12.5581
12.5591
12.5601
12.5611
12.5621
12.5631
12.5641
12.5651
12.5661
12.5671
12.568
12.569
12.57
12.571
12.5719
12.5729
12.5739
12.5748
12.5758
12.5767
12.5777
12.5786
12.5796
12.5805
12.5815
12.5824
12.5833
12.5843
12.5852
12.5861
12.587
12.588
12.5889
12.5898
12.5907
12.5916
12.5925
12.5934
12.5943
12.5952
12.5961
12.597
12.5979
12.5988
12.5997
12.6006
12.6015
12.6024
12.6033
12.6042
12.6051
12.6059
12.6068
12.6077
12.6086
12.6095
12.6103
12.6112
12.6121
12.613
12.6138
12.6147
12.6156
12.6165
12.6173
12.6182
12.6191
12.6199
12.6208
12.6217
12.6225
12.6234
12.6243
12.6251
12.626
12.6269
12.6277
12.6286
12.6295
12.6303
12.6312
12.632
12.6329
12.6338
12.6346
12.6355
12.6364
12.6372
12.6381
12.639
12.6398
12.6407
12.6416
12.6424
12.6433
12.6442
12.6451
12.6459
12.6468
12.6477
12.6485
12.6494
12.6503
12.6512
12.652
12.6529
12.6538
12.6547
12.6556
12.6565
12.6573
12.6582
12.6591
12.66
12.6609
12.6618
12.6627
12.6636
12.6645
12.6654
12.6663
12.6672
12.6681
12.669
12.6699
12.6708
12.6717
12.6727
12.6736
12.6745
12.6754
12.6763
12.6773
12.6782
12.6791
12.68
12.681
12.6819
12.6828
12.6838
12.6847
12.6857
12.6866
12.6875
12.6885
12.6894
12.6904
12.6913
12.6923
12.6932
12.6942
12.6952
12.6961
12.6971
12.698
12.699
12.7
12.7009
12.7019
12.7029
12.7038
12.7048
12.7058
12.7068
12.7077
12.7087
12.7097
12.7107
12.7117
12.7126
12.7136
12.7146
12.7156
12.7166
12.7176
12.7186
12.7195
12.7205
12.7215
12.7225
12.7235
12.7245
12.7255
12.7265
12.7275
12.7285
12.7295
12.7305
12.7315
12.7325
12.7334
12.7344
12.7354
12.7364
12.7374
12.7384
12.7394
12.7404
12.7413
12.7423
12.7433
12.7442
12.7452
12.7461
12.7471
12.748
12.749
12.7499
12.7509
12.7518
12.7528
12.7537
12.7546
12.7556
12.7565
12.7575
12.7584
12.7593
12.7603
12.7612
12.7621
12.7631
12.764
12.7649
12.7659
12.7668
12.7677
12.7687
12.7696
12.7706
12.7715
12.7724
12.7734
12.7743
12.7753
12.7762
12.7772
12.7781
12.779
12.78
12.7809
12.7819
12.7828
12.7838
12.7847
12.7857
12.7866
12.7876
12.7885
12.7895
12.7904
12.7914
12.7923
12.7933
12.7943
12.7952
12.7962
12.7971
12.7981
12.7991
12.8
12.801
12.8019
12.8029
12.8039
12.8048
12.8058
12.8067
12.8077
12.8087
12.8096
12.8106
12.8116
12.8125
12.8135
12.8145
12.8154
12.8164
12.8174
12.8183
12.8193
12.8203
12.8212
12.8222
12.8232
12.8242
12.8251
12.8261
12.8271
12.8281
12.8291
12.8301
12.831
12.832
12.833
12.834
12.835
12.836
12.837
12.838
12.839
12.84
12.841
12.842
12.843
12.8441
12.8451
12.8461
12.8471
12.8481
12.8492
12.8502
12.8512
12.8522
12.8532
12.8543
12.8553
12.8563
12.8573
12.8583
12.8594
12.8604
12.8614
12.8624
12.8634
12.8645
12.8655
12.8665
12.8675
12.8685
12.8695
12.8706
12.8716
12.8726
12.8736
12.8746
12.8757
12.8767
12.8777
12.8787
12.8797
12.8808
12.8818
12.8828
12.8838
12.8848
12.8858
12.8868
12.8879
12.8889
12.8899
12.8909
12.8919
12.8929
12.8939
12.8949
12.8959
12.8969
12.8978
12.8988
12.8998
12.9008
12.9018
12.9028
12.9037
12.9047
12.9057
12.9066
12.9076
12.9086
12.9095
12.9105
12.9114
12.9124
12.9133
12.9143
12.9152
12.9162
12.9171
12.9181
12.919
12.9199
12.9209
12.9218
12.9227
12.9237
12.9246
12.9255
12.9264
12.9274
12.9283
12.9292
12.9301
12.931
12.9319
12.9328
12.9338
12.9347
12.9356
12.9365
12.9374
12.9383
12.9392
12.9401
12.941
12.9419
12.9428
12.9437
12.9446
12.9455
12.9464
12.9473
12.9482
12.9491
12.95
12.9509
12.9518
12.9527
12.9536
12.9545
12.9554
12.9563
12.9572
12.9581
12.959
12.9599
12.9608
12.9617
12.9626
12.9635
12.9645
12.9654
12.9663
12.9672
12.9681
12.969
12.9699
12.9708
12.9717
12.9727
12.9736
12.9745
12.9754
12.9763
12.9773
12.9782
12.9791
12.98
12.981
12.9819
12.9828
12.9838
12.9847
12.9856
12.9866
12.9875
12.9884
12.9894
12.9903
12.9913
12.9922
12.9931
12.9941
12.995
12.996
12.9969
12.9979
12.9989
12.9998
13.0008
13.0017
13.0027
13.0036
13.0046
13.0056
13.0065
13.0075
13.0085
13.0094
13.0104
13.0114
13.0124
13.0133
13.0143
13.0153
13.0163
13.0173
13.0183
13.0192
13.0202
13.0212
13.0222
13.0232
13.0242
13.0252
13.0262
13.0272
13.0282
13.0292
13.0302
13.0312
13.0322
13.0332
13.0342
13.0352
13.0362
13.0372
13.0382
13.0392
13.0402
13.0412
13.0423
13.0433
13.0443
13.0453
13.0463
13.0473
13.0483
13.0493
13.0503
13.0513
13.0523
13.0532
13.0542
13.0552
13.0562
13.0571
13.0581
13.0591
13.0601
13.061
13.062
13.063
13.064
13.0649
13.0659
13.0669
13.0678
13.0688
13.0698
13.0708
13.0718
13.0727
13.0737
13.0747
13.0757
13.0767
13.0776
13.0786
13.0796
13.0806
13.0816
13.0826
13.0836
13.0846
13.0856
13.0865
13.0875
13.0885
13.0895
13.0905
13.0915
13.0925
13.0935
13.0945
13.0955
13.0965
13.0975
13.0986
13.0996
13.1006
13.1016
13.1026
13.1036
13.1046
13.1056
13.1067
13.1077
13.1087
13.1097
13.1107
13.1118
13.1128
13.1138
13.1148
13.1159
13.1169
13.1179
13.119
13.12
13.121
13.1221
13.1231
13.1242
13.1252
13.1262
13.1273
13.1283
13.1294
13.1304
13.1315
13.1325
13.1336
13.1346
13.1357
13.1368
13.1378
13.1389
13.14
13.141
13.1421
13.1432
13.1442
13.1453
13.1464
13.1474
13.1485
13.1496
13.1507
13.1517
13.1528
13.1539
13.155
13.1561
13.1572
13.1583
13.1594
13.1605
13.1616
13.1627
13.1638
13.1649
13.1661
13.1672
13.1683
13.1694
13.1706
13.1717
13.1728
13.174
13.1751
13.1763
13.1774
13.1786
13.1797
13.1809
13.1821
13.1832
13.1844
13.1856
13.1868
13.1879
13.1891
13.1903
13.1915
13.1927
13.1939
13.1951
13.1963
13.1975
13.1987
13.1999
13.2011
13.2023
13.2036
13.2048
13.206
13.2072
13.2085
13.2097
13.2109
13.2122
13.2134
13.2147
13.2159
13.2172
13.2184
13.2196
13.2209
13.2222
13.2234
13.2247
13.2259
13.2272
13.2284
13.2297
13.231
13.2322
13.2335
13.2348
13.236
13.2373
13.2386
13.2399
13.2411
13.2424
13.2437
13.2449
13.2462
13.2475
13.2488
13.25
13.2513
13.2526
13.2539
13.2552
13.2564
13.2577
13.259
13.2603
13.2615
13.2628
13.2641
13.2654
13.2666
13.2679
13.2692
13.2705
13.2717
13.273
13.2743
13.2756
13.2768
13.2781
13.2794
13.2806
13.2819
13.2832
13.2844
13.2857
13.287
13.2883
13.2895
13.2908
13.292
13.2933
13.2946
13.2958
13.2971
13.2984
13.2996
13.3009
13.3021
13.3034
13.3047
13.3059
13.3072
13.3084
13.3097
13.3109
13.3122
13.3134
13.3147
13.3159
13.3172
13.3184
13.3197
13.3209
13.3222
13.3234
13.3247
13.3259
13.3271
13.3284
13.3296
13.3309
13.3321
13.3333
13.3346
13.3358
13.337
13.3382
13.3395
13.3407
13.3419
13.3432
13.3444
13.3456
13.3468
13.348
13.3493
13.3505
13.3517
13.3529
13.3541
13.3554
13.3566
13.3578
13.359
13.3602
13.3614
13.3627
13.3639
13.3651
13.3663
13.3675
13.3687
13.3699
13.3712
13.3724
13.3736
13.3748
13.376
13.3772
13.3785
13.3797
13.3809
13.3821
13.3833
13.3845
13.3858
13.387
13.3882
13.3894
13.3906
13.3918
13.3931
13.3943
13.3955
13.3967
13.3979
13.3992
13.4004
13.4016
13.4028
13.4041
13.4053
13.4065
13.4077
13.409
13.4102
13.4114
13.4126
13.4139
13.4151
13.4163
13.4176
13.4188
13.42
13.4212
13.4225
13.4237
13.4249
13.4262
13.4274
13.4286
13.4299
13.4311
13.4323
13.4335
13.4348
13.436
13.4372
13.4384
13.4396
13.4407
13.4419
13.4431
13.4443
13.4455
13.4467
13.4479
13.449
13.4502
13.4514
13.4526
13.4538
13.4549
13.4561
13.4573
13.4585
13.4597
13.4609
13.462
13.4632
13.4644
13.4656
13.4668
13.468
13.4692
13.4704
13.4716
13.4728
13.474
13.4752
13.4764
13.4776
13.4788
13.48
13.4812
13.4824
13.4836
13.4848
13.486
13.4872
13.4884
13.4897
13.4909
13.4921
13.4933
13.4945
13.4958
13.497
13.4982
13.4994
13.5007
13.5019
13.5031
13.5043
13.5056
13.5068
13.5081
13.5093
13.5105
13.5118
13.513
13.5142
13.5155
13.5167
13.518
13.5192
13.5205
13.5217
13.523
13.5242
13.5255
13.5268
13.528
13.5293
13.5305
13.5318
13.5331
13.5343
13.5356
13.5369
13.5382
13.5394
13.5407
13.542
13.5433
13.5446
13.5459
13.5471
13.5484
13.5497
13.551
13.5523
13.5536
13.5549
13.5562
13.5575
13.5589
13.5602
13.5615
13.5628
13.5641
13.5655
13.5668
13.5681
13.5694
13.5708
13.5721
13.5735
13.5748
13.5761
13.5775
13.5788
13.5802
13.5816
13.5829
13.5843
13.5857
13.587
13.5884
13.5898
13.5911
13.5925
13.5939
13.5953
13.5967
13.5981
13.5995
13.6009
13.6023
13.6037
13.6051
13.6065
13.6079
13.6093
13.6107
13.6122
13.6136
13.615
13.6164
13.6179
13.6193
13.6208
13.6222
13.6236
13.6251
13.6265
13.628
13.6295
13.6309
13.6324
13.6339
13.6353
13.6368
13.6383
13.6398
13.6412
13.6427
13.6442
13.6457
13.6472
13.6487
13.6502
13.6517
13.6532
13.6548
13.6563
13.6578
13.6593
13.6609
13.6624
13.6639
13.6655
13.667
13.6686
13.6701
13.6717
13.6732
13.6748
13.6764
13.678
13.6796
13.6812
13.6828
13.6844
13.686
13.6876
13.6892
13.6909
13.6925
13.6941
13.6958
13.6974
13.6991
13.7008
13.7024
13.7041
13.7058
13.7075
13.7092
13.7109
13.7126
13.7143
13.7161
13.7178
13.7195
13.7213
13.723
13.7248
13.7265
13.7283
13.7301
13.7319
13.7337
13.7355
13.7373
13.7391
13.7409
13.7427
13.7445
13.7463
13.7482
13.75
13.7518
13.7537
13.7556
13.7574
13.7593
13.7611
13.763
13.7649
13.7668
13.7687
13.7706
13.7725
13.7744
13.7763
13.7782
13.7801
13.7821
13.784
13.7859
13.7879
13.7898
13.7918
13.7937
13.7957
13.7977
13.7996
13.8016
13.8036
13.8056
13.8076
13.8096
13.8116
13.8136
13.8156
13.8176
13.8196
13.8217
13.8237
13.8257
13.8278
13.8298
13.8319
13.8339
13.836
13.8381
13.8401
13.8422
13.8443
13.8464
13.8485
13.8506
13.8527
13.8548
13.8569
13.859
13.8611
13.8632
13.8654
13.8675
13.8696
13.8718
13.8739
13.8761
13.8782
13.8804
13.8825
13.8847
13.8869
13.889
13.8912
13.8934
13.8956
13.8978
13.8999
13.9021
13.9043
13.9065
13.9087
13.911
13.9132
13.9154
13.9176
13.9198
13.922
13.9243
13.9265
13.9287
13.931
13.9332
13.9354
13.9377
13.9399
13.9421
13.9444
13.9466
13.9489
13.9511
13.9534
13.9556
13.9579
13.9601
13.9624
13.9646
13.9668
13.9691
13.9713
13.9736
13.9758
13.9781
13.9803
13.9826
13.9848
13.9871
13.9893
13.9916
13.9938
13.9961
13.9983
14.0005
14.0028
14.005
14.0073
14.0095
14.0117
14.014
14.0162
14.0185
14.0207
14.0229
14.0252
14.0274
14.0296
14.0319
14.0341
14.0363
14.0385
14.0408
14.043
14.0452
14.0474
14.0497
14.0519
14.0541
14.0563
14.0585
14.0607
14.063
14.0652
14.0674
14.0696
14.0718
14.0741
14.0763
14.0785
14.0807
14.083
14.0852
14.0874
14.0896
14.0919
14.0941
14.0963
14.0986
14.1008
14.103
14.1053
14.1075
14.1098
14.112
14.1143
14.1165
14.1188
14.121
14.1233
14.1256
14.1278
14.1301
14.1324
14.1346
14.1369
14.1392
14.1415
14.1438
14.146
14.1483
14.1506
14.1529
14.1552
14.1575
14.1598
14.1621
14.1644
14.1667
14.169
14.1713
14.1736
14.1759
14.1782
14.1806
14.1829
14.1852
14.1875
14.1899
14.1922
14.1945
14.1968
14.1992
14.2015
14.2039
14.2062
14.2085
14.2109
14.2132
14.2156
14.2179
14.2203
14.2226
14.225
14.2273
14.2297
14.232
14.2344
14.2368
14.2391
14.2415
14.2438
14.2462
14.2485
14.2509
14.2533
14.2556
14.258
14.2603
14.2627
14.2651
14.2674
14.2698
14.2721
14.2745
14.2769
14.2792
14.2816
14.284
14.2863
14.2887
14.2911
14.2934
14.2958
14.2982
14.3006
14.3029
14.3053
14.3077
14.31
14.3124
14.3148
14.3172
14.3195
14.3219
14.3243
14.3267
14.329
14.3314
14.3338
14.3362
14.3385
14.3409
14.3433
14.3457
14.3481
14.3505
14.3529
14.3553
14.3576
14.36
14.3624
14.3648
14.3672
14.3696
14.372
14.3744
14.3768
14.3792
14.3816
14.384
14.3864
14.3888
14.3912
14.3936
14.396
14.3984
14.4008
14.4032
14.4057
14.4081
14.4105
14.4129
14.4154
14.4178
14.4202
14.4226
14.4251
14.4275
14.4299
14.4323
14.4348
14.4372
14.4396
14.4421
14.4445
14.447
14.4494
14.4518
14.4543
14.4567
14.4592
14.4617
14.4641
14.4666
14.4691
14.4715
14.474
14.4765
14.4789
14.4814
14.4839
14.4863
14.4888
14.4913
14.4938
14.4962
14.4987
14.5012
14.5037
14.5062
14.5087
14.5112
14.5136
14.5161
14.5186
14.5212
14.5237
14.5262
14.5287
14.5312
14.5337
14.5362
14.5387
14.5412
14.5437
14.5463
14.5488
14.5513
14.5538
14.5563
14.5588
14.5613
14.5638
14.5663
14.5688
14.5713
14.5738
14.5763
14.5788
14.5813
14.5838
14.5863
14.5888
14.5913
14.5938
14.5963
14.5987
14.6012
14.6037
14.6062
14.6086
14.6111
14.6136
14.616
14.6184
14.6209
14.6233
14.6257
14.6282
14.6306
14.633
14.6354
14.6378
14.6402
14.6426
14.645
14.6474
14.6498
14.6522
14.6547
14.6571
14.6596
14.662
14.6645
14.667
14.6696
14.6721
14.6747
14.6773
14.6799
