distance
0
-1.08216e-07
-4.10136e-07
-7.64601e-07
-1.28871e-06
-1.94394e-06
-2.80363e-06
-3.82713e-06
-5.08728e-06
-6.54542e-06
-8.27056e-06
-1.02259e-05
-1.24749e-05
-1.49834e-05
-1.78089e-05
-2.09308e-05
-2.44041e-05
-2.82071e-05
-3.23847e-05
-3.69201e-05
-4.18495e-05
-4.71271e-05
-5.28469e-05
-5.90395e-05
-6.57704e-05
-7.3045e-05
-8.09133e-05
-8.93567e-05
-9.84367e-05
-0.00010817
-0.000118595
-0.000129704
-0.000141542
-0.000154074
-0.000167181
-0.000180734
-0.000194479
-0.000208614
-0.000222997
-0.000237387
-0.000252087
-0.000266893
-0.000281595
-0.000296363
-0.000311129
-0.000325741
-0.000340472
-0.000355118
-0.00036954
-0.000384003
-0.000398338
-0.000412405
-0.000426055
-0.000439616
-0.000452971
-0.000465859
-0.000478218
-0.000490363
-0.000502171
-0.000513447
-0.000524216
-0.000534823
-0.000545
-0.000554566
-0.000563394
-0.000571844
-0.000579715
-0.000586992
-0.000593366
-0.000598662
-0.000603116
-0.0006065
-0.000609176
-0.000610993
-0.000611712
-0.000611595
-0.000610368
-0.000608137
-0.000604571
-0.000599439
-0.000593132
-0.00058552
-0.000576346
-0.00056542
-0.000552521
-0.000538155
-0.000522148
-0.000504281
-0.000484349
-0.000462137
-0.000438141
-0.000412198
-0.000384089
-0.000353538
-0.000320377
-0.000285149
-0.000247619
-0.00020755
-0.000164675
-0.00011881
-7.00479e-05
-1.81361e-05
3.68299e-05
9.5036e-05
0.000156621
0.000221615
0.000290103
0.00036202
0.000437556
0.000516801
0.000599715
0.000686471
0.00077712
0.000871525
0.000969812
0.00107121
0.00117591
0.00128408
0.00139585
0.00151049
0.0016282
0.00174905
0.00187254
0.00199877
0.00212733
0.00225832
0.00239173
0.00252724
0.00266485
0.00280283
0.00294217
0.00308328
0.00322598
0.00336978
0.00351488
0.00366133
0.00380892
0.00395778
0.0041082
0.00425995
0.00441328
0.00456838
0.00472527
0.00488416
0.00504534
0.00520881
0.00537494
0.00554386
0.00571544
0.00588968
0.00606662
0.00624613
0.00642801
0.00661227
0.00679898
0.00698809
0.0071795
0.0073733
0.00756963
0.00776848
0.0079698
0.00817368
0.00838027
0.00858957
0.00880152
0.00901623
0.00923382
0.00945431
0.00967769
0.00990403
0.0101334
0.0103659
0.0106015
0.0108401
0.0110821
0.0113274
0.0115759
0.0118277
0.012083
0.0123417
0.0126039
0.0128697
0.0131391
0.013412
0.0136886
0.0139689
0.0142529
0.0145406
0.0148322
0.0151275
0.0154268
0.0157299
0.016037
0.016348
0.0166632
0.0169823
0.0173056
0.017633
0.0179645
0.0183002
0.0186399
0.0189838
0.0193318
0.019684
0.0200404
0.0204008
0.0207654
0.0211342
0.021507
0.021884
0.0222653
0.0226508
0.0230407
0.0234349
0.0238335
0.0242365
0.0246439
0.025056
0.0254727
0.025894
0.0263202
0.0267511
0.0271868
0.0276274
0.0280728
0.0285231
0.0289783
0.0294386
0.0299037
0.0303737
0.0308487
0.0313287
0.0318136
0.0323033
0.032798
0.0332975
0.0338019
0.0343111
0.034825
0.0353438
0.0358672
0.0363954
0.0369282
0.0374656
0.0380075
0.038554
0.039105
0.0396604
0.04022
0.040784
0.0413523
0.0419247
0.0425011
0.0430815
0.0436659
0.0442542
0.0448462
0.0454419
0.0460412
0.0466441
0.0472504
0.04786
0.048473
0.0490891
0.0497083
0.0503304
0.0509555
0.0515834
0.052214
0.0528473
0.0534829
0.054121
0.0547613
0.0554038
0.0560484
0.0566949
0.0573432
0.0579932
0.0586448
0.0592979
0.0599523
0.060608
0.0612648
0.0619228
0.0625818
0.0632419
0.0639029
0.0645647
0.0652274
0.065891
0.0665552
0.0672202
0.0678858
0.0685521
0.069219
0.0698865
0.0705545
0.0712231
0.0718922
0.0725617
0.0732318
0.0739024
0.0745734
0.0752448
0.0759167
0.0765891
0.0772618
0.077935
0.0786086
0.0792808
0.07995
0.0806152
0.0812761
0.0819326
0.0825851
0.0832343
0.0838805
0.0845245
0.0851666
0.0858073
0.0864473
0.0870869
0.0877264
0.0883663
0.0890067
0.0896479
0.09029
0.0909332
0.0915775
0.0922229
0.0928694
0.093517
0.0941656
0.0948154
0.0954663
0.0961184
0.0967715
0.0974257
0.098081
0.0987374
0.099395
0.100054
0.100713
0.101374
0.102036
0.102699
0.103363
0.104028
0.104695
0.105362
0.10603
0.1067
0.10737
0.108042
0.108715
0.109389
0.110064
0.11074
0.111417
0.112095
0.112774
0.113455
0.114136
0.114819
0.115503
0.116188
0.116874
0.117561
0.118249
0.118938
0.119629
0.120321
0.121013
0.121707
0.122403
0.123099
0.123796
0.124495
0.125195
0.125896
0.126598
0.127302
0.128007
0.128713
0.12942
0.130128
0.130838
0.131547
0.132257
0.132968
0.133681
0.134394
0.135109
0.135825
0.136543
0.137261
0.137981
0.138701
0.139423
0.140146
0.140871
0.141596
0.142323
0.143051
0.14378
0.14451
0.145242
0.145975
0.14671
0.147445
0.148183
0.148921
0.149661
0.150402
0.151145
0.151889
0.152634
0.153381
0.154129
0.154879
0.155629
0.156381
0.157134
0.157889
0.158645
0.159402
0.160161
0.160921
0.161683
0.162447
0.163211
0.163978
0.164744
0.165509
0.166276
0.167044
0.167814
0.168585
0.169357
0.17013
0.170905
0.171682
0.17246
0.17324
0.17402
0.174803
0.175587
0.176371
0.177158
0.177945
0.178733
0.179522
0.180311
0.181102
0.181893
0.182685
0.183478
0.184271
0.185064
0.185857
0.186651
0.187445
0.188239
0.189033
0.189827
0.190621
0.191414
0.192208
0.193001
0.193794
0.194586
0.195378
0.19617
0.196961
0.197752
0.198542
0.199331
0.20012
0.200908
0.201695
0.202482
0.203268
0.204054
0.204838
0.205622
0.206406
0.207188
0.20797
0.208751
0.209531
0.210311
0.21109
0.211869
0.212647
0.213424
0.214201
0.214977
0.215752
0.216527
0.217302
0.218076
0.21885
0.219624
0.220397
0.22117
0.221942
0.222715
0.223487
0.224259
0.22503
0.225802
0.226573
0.227345
0.228116
0.228888
0.229659
0.230431
0.231202
0.231974
0.232746
0.233518
0.23429
0.235063
0.235836
0.23661
0.237384
0.238158
0.238933
0.239709
0.240485
0.241262
0.242039
0.242818
0.243597
0.244377
0.245157
0.245939
0.246722
0.247506
0.248291
0.249077
0.249864
0.250652
0.251442
0.252233
0.253025
0.253819
0.254614
0.255411
0.256209
0.257008
0.257809
0.258612
0.259416
0.260222
0.26103
0.26184
0.262651
0.263464
0.264279
0.265097
0.265916
0.266737
0.26756
0.268386
0.269213
0.270043
0.270875
0.27171
0.272546
0.273386
0.274227
0.275071
0.275918
0.276767
0.277618
0.278472
0.279329
0.280188
0.28105
0.281915
0.282782
0.283652
0.284525
0.2854
0.286279
0.28716
0.288044
0.288931
0.28982
0.290713
0.291608
0.292507
0.293408
0.294313
0.29522
0.29613
0.297044
0.29796
0.298879
0.299802
0.300727
0.301656
0.302587
0.303522
0.30446
0.305401
0.306345
0.307291
0.308242
0.309195
0.310151
0.31111
0.312073
0.313038
0.314007
0.314979
0.315954
0.316932
0.317913
0.318898
0.319885
0.320876
0.32187
0.322867
0.323867
0.32487
0.325877
0.326887
0.327899
0.328915
0.329935
0.330957
0.331982
0.333011
0.334043
0.335077
0.336115
0.337156
0.338201
0.339248
0.340298
0.341351
0.342408
0.343467
0.344529
0.345595
0.346663
0.347734
0.348808
0.349885
0.350965
0.352047
0.353133
0.354221
0.355311
0.356404
0.3575
0.358599
0.3597
0.360803
0.361909
0.363017
0.364128
0.36524
0.366355
0.367472
0.368591
0.369712
0.370835
0.37196
0.373086
0.374215
0.375345
0.376476
0.377609
0.378743
0.379879
0.381016
0.382154
0.383293
0.384434
0.385576
0.386718
0.387862
0.389006
0.390152
0.391298
0.392445
0.393593
0.394742
0.395891
0.397041
0.398191
0.399342
0.400493
0.401645
0.402798
0.403951
0.405104
0.406256
0.407408
0.408561
0.409714
0.410863
0.412007
0.413145
0.414277
0.415403
0.416526
0.417646
0.418764
0.419881
0.420997
0.422114
0.42323
0.424347
0.425464
0.426582
0.427701
0.42882
0.429939
0.43106
0.432181
0.433302
0.434425
0.435548
0.436672
0.437796
0.438921
0.440047
0.441173
0.4423
0.443427
0.444555
0.445684
0.446814
0.447944
0.449075
0.450207
0.45134
0.452474
0.453609
0.454744
0.455879
0.457016
0.458153
0.459291
0.460429
0.461568
0.462708
0.463848
0.464989
0.46613
0.467272
0.468415
0.469558
0.470702
0.471847
0.472993
0.47414
0.475288
0.476435
0.477584
0.478734
0.479885
0.481036
0.482188
0.483341
0.484495
0.48565
0.486802
0.487952
0.489097
0.490239
0.491378
0.492515
0.493651
0.494786
0.495921
0.497057
0.498193
0.49933
0.500468
0.501607
0.502747
0.503889
0.505032
0.506176
0.507322
0.508468
0.509617
0.510766
0.511917
0.513069
0.514223
0.515379
0.516535
0.517694
0.518853
0.520014
0.521177
0.522341
0.523506
0.524673
0.525841
0.527011
0.528181
0.529354
0.530527
0.531702
0.532878
0.534055
0.535233
0.536413
0.537593
0.538775
0.539959
0.541143
0.542328
0.543515
0.544703
0.545892
0.547082
0.548273
0.549466
0.55066
0.551854
0.553051
0.554248
0.555446
0.556646
0.557846
0.559048
0.560251
0.561456
0.562661
0.563868
0.565076
0.566285
0.567495
0.568706
0.569919
0.571132
0.572347
0.573563
0.574781
0.575999
0.577219
0.57844
0.579662
0.580885
0.58211
0.583336
0.584563
0.585791
0.587021
0.588252
0.589484
0.590718
0.591951
0.593183
0.594413
0.595641
0.596868
0.598092
0.599314
0.600534
0.601753
0.602969
0.604184
0.605398
0.606611
0.607824
0.609037
0.610246
0.611452
0.612655
0.613855
0.61505
0.616242
0.617429
0.618613
0.619795
0.620975
0.622154
0.623333
0.624511
0.625689
0.626867
0.628045
0.629225
0.630404
0.631585
0.632766
0.633948
0.635131
0.636314
0.637497
0.638681
0.639864
0.641048
0.642231
0.643415
0.644597
0.645779
0.646961
0.648141
0.649321
0.650499
0.651675
0.652849
0.654021
0.655191
0.656358
0.657522
0.658683
0.659841
0.660996
0.662147
0.663294
0.664438
0.665579
0.666716
0.667849
0.668979
0.670106
0.671229
0.672349
0.673466
0.67458
0.67569
0.676798
0.677903
0.679005
0.680104
0.6812
0.682294
0.683386
0.684475
0.685562
0.686647
0.687729
0.688809
0.689888
0.690964
0.692038
0.69311
0.694181
0.69525
0.696316
0.697381
0.698445
0.699506
0.700566
0.701624
0.70268
0.703734
0.704787
0.705838
0.706888
0.707935
0.708982
0.710026
0.711069
0.71211
0.713149
0.714187
0.715224
0.716258
0.717292
0.718323
0.719353
0.720382
0.72141
0.722435
0.72346
0.724483
0.725505
0.726525
0.727544
0.728562
0.729578
0.730593
0.731607
0.73262
0.733631
0.734641
0.73565
0.736658
0.737664
0.738669
0.739674
0.740676
0.741678
0.742679
0.743678
0.744676
0.745674
0.74667
0.747665
0.748658
0.749651
0.750642
0.751633
0.752622
0.75361
0.754598
0.755584
0.756568
0.757552
0.758535
0.759517
0.760497
0.761477
0.762455
0.763432
0.764408
0.765383
0.766357
0.76733
0.768301
0.769272
0.770241
0.771209
0.772176
0.773141
0.774105
0.775068
0.77603
0.776991
0.77795
0.778908
0.779864
0.780819
0.781774
0.782726
0.783678
0.784628
0.785577
0.786525
0.787472
0.788417
0.789362
0.790305
0.791247
0.792187
0.793127
0.794066
0.795003
0.79594
0.796875
0.79781
0.798743
0.799676
0.800607
0.801538
0.802467
0.803396
0.804324
0.805251
0.806177
0.807102
0.808026
0.80895
0.809873
0.810795
0.811716
0.812637
0.813557
0.814476
0.815395
0.816313
0.81723
0.818147
0.819063
0.819979
0.820894
0.821808
0.822722
0.823636
0.824549
0.825462
0.826375
0.827287
0.828198
0.82911
0.830021
0.830932
0.831843
0.832753
0.833663
0.834573
0.835483
0.836393
0.837302
0.838212
0.839121
0.84003
0.84094
0.841849
0.842758
0.843667
0.844576
0.845486
0.846395
0.847304
0.848214
0.849123
0.850033
0.850943
0.851853
0.852763
0.853673
0.854584
0.855494
0.856405
0.857316
0.858228
0.859139
0.860051
0.860963
0.861876
0.862788
0.863702
0.864615
0.865529
0.866443
0.867357
0.868272
0.869187
0.870103
0.871019
0.871935
0.872852
0.873769
0.874687
0.875605
0.876523
0.877442
0.878362
0.879282
0.880202
0.881122
0.882044
0.882965
0.883887
0.88481
0.885733
0.886656
0.88758
0.888505
0.88943
0.890355
0.89128
0.892205
0.89313
0.894054
0.894978
0.895901
0.896824
0.897746
0.898667
0.899588
0.900508
0.901428
0.902348
0.903268
0.904187
0.905107
0.906026
0.906946
0.907865
0.908786
0.909706
0.910627
0.911548
0.91247
0.913393
0.914316
0.915239
0.916164
0.917089
0.918015
0.918941
0.919869
0.920797
0.921726
0.922656
0.923587
0.924519
0.925452
0.926385
0.92732
0.928255
0.929192
0.93013
0.931068
0.932008
0.932949
0.93389
0.934833
0.935777
0.936722
0.937668
0.938615
0.939563
0.940512
0.941463
0.942414
0.943367
0.944321
0.945276
0.946232
0.947189
0.948147
0.949107
0.950067
0.951029
0.951992
0.952956
0.953921
0.954887
0.955854
0.956822
0.957791
0.958762
0.959733
0.960705
0.961679
0.962653
0.963628
0.964605
0.965582
0.966561
0.96754
0.96852
0.969501
0.970484
0.971467
0.972451
0.973436
0.974422
0.975408
0.976396
0.977384
0.978374
0.979364
0.980355
0.981347
0.98234
0.983333
0.984328
0.985323
0.986319
0.987316
0.988314
0.989313
0.990312
0.991312
0.992313
0.993315
0.994318
0.995319
0.996316
0.997306
0.99829
0.999269
1.00024
1.00122
1.00219
1.00316
1.00414
1.00511
1.00608
1.00706
1.00803
1.00901
1.00999
1.01097
1.01195
1.01293
1.01391
1.01489
1.01588
1.01686
1.01784
1.01883
1.01982
1.0208
1.02179
1.02278
1.02377
1.02476
1.02575
1.02674
1.02773
1.02873
1.02972
1.03072
1.03171
1.03271
1.0337
1.0347
1.0357
1.0367
1.0377
1.0387
1.0397
1.0407
1.0417
1.04271
1.04371
1.04471
1.04572
1.04672
1.04773
1.04873
1.04974
1.05075
1.05176
1.05277
1.05378
1.05479
1.0558
1.05681
1.05783
1.05884
1.05985
1.06087
1.06189
1.0629
1.06392
1.06494
1.06596
1.06698
1.068
1.06903
1.07005
1.07108
1.0721
1.07313
1.07416
1.07518
1.07621
1.07725
1.07828
1.07931
1.08034
1.08138
1.08242
1.08345
1.08449
1.08553
1.08657
1.08761
1.08866
1.0897
1.09075
1.0918
1.09284
1.09389
1.09494
1.096
1.09705
1.09811
1.09916
1.10022
1.10128
1.10234
1.1034
1.10446
1.10553
1.10659
1.10766
1.10873
1.1098
1.11087
1.11194
1.11302
1.11409
1.11517
1.11625
1.11733
1.11841
1.11949
1.12057
1.12166
1.12275
1.12383
1.12492
1.12602
1.12711
1.1282
1.1293
1.1304
1.13149
1.13259
1.1337
1.1348
1.1359
1.13701
1.13812
1.13922
1.14033
1.14145
1.14256
1.14367
1.14479
1.14591
1.14703
1.14815
1.14927
1.15039
1.15152
1.15264
1.15377
1.1549
1.15603
1.15716
1.1583
1.15943
1.16057
1.16171
1.16285
1.16399
1.16513
1.16628
1.16742
1.16857
1.16972
1.17087
1.17202
1.17318
1.17433
1.17549
1.17665
1.17781
1.17897
1.18013
1.18129
1.18246
1.18363
1.18479
1.18596
1.18714
1.18831
1.18948
1.19066
1.19184
1.19302
1.1942
1.19538
1.19656
1.19775
1.19893
1.20012
1.20131
1.2025
1.20369
1.20488
1.20608
1.20727
1.20847
1.20967
1.21087
1.21207
1.21327
1.21448
1.21568
1.21689
1.2181
1.21931
1.22052
1.22173
1.22295
1.22416
1.22538
1.2266
1.22782
1.22904
1.23026
1.23148
1.23271
1.23393
1.23516
1.23639
1.23762
1.23885
1.24009
1.24132
1.24256
1.24379
1.24503
1.24627
1.24751
1.24875
1.24999
1.25122
1.25246
1.2537
1.25494
1.25618
1.25741
1.25865
1.25989
1.26112
1.26236
1.2636
1.26483
1.26607
1.26731
1.26854
1.26978
1.27102
1.27225
1.27349
1.27473
1.27596
1.2772
1.27843
1.27966
1.2809
1.28213
1.28336
1.28459
1.28582
1.28705
1.28829
1.28952
1.29075
1.29198
1.29321
1.29443
1.29566
1.29689
1.29812
1.29935
1.30057
1.3018
1.30302
1.30425
1.30547
1.30669
1.30791
1.30913
1.31035
1.31157
1.31279
1.314
1.31521
1.31642
1.31763
1.31884
1.32005
1.32125
1.32246
1.32366
1.32486
1.32605
1.32725
1.32844
1.32963
1.33082
1.33201
1.33319
1.33438
1.33556
1.33674
1.33791
1.33909
1.34026
1.34143
1.3426
1.34376
1.34493
1.34609
1.34725
1.34841
1.34957
1.35072
1.35188
1.35303
1.35418
1.35533
1.35647
1.35762
1.35876
1.35991
1.36105
1.36219
1.36332
1.36446
1.3656
1.36673
1.36786
1.36899
1.37012
1.37125
1.37238
1.37351
1.37463
1.37575
1.37688
1.378
1.37912
1.38023
1.38135
1.38247
1.38358
1.38469
1.3858
1.38691
1.38802
1.38912
1.39022
1.39132
1.39242
1.39352
1.39462
1.39571
1.39681
1.3979
1.39899
1.40008
1.40116
1.40225
1.40333
1.40442
1.4055
1.40658
1.40766
1.40874
1.40981
1.41089
1.41196
1.41304
1.41411
1.41519
1.41626
1.41733
1.4184
1.41947
1.42054
1.42162
1.42269
1.42375
1.42482
1.42589
1.42696
1.42803
1.4291
1.43017
1.43124
1.43231
1.43338
1.43445
1.43552
1.43659
1.43766
1.43873
1.4398
1.44087
1.44194
1.44301
1.44408
1.44515
1.44622
1.4473
1.44837
1.44944
1.45052
1.45159
1.45267
1.45374
1.45482
1.45589
1.45697
1.45805
1.45912
1.4602
1.46128
1.46236
1.46344
1.46452
1.4656
1.46668
1.46776
1.46884
1.46993
1.47101
1.4721
1.47318
1.47427
1.47535
1.47644
1.47753
1.47861
1.4797
1.48079
1.48188
1.48297
1.48407
1.48516
1.48625
1.48734
1.48844
1.48953
1.49063
1.49173
1.49282
1.49392
1.49502
1.49612
1.49722
1.49832
1.49942
1.50053
1.50163
1.50273
1.50384
1.50494
1.50605
1.50716
1.50827
1.50938
1.51048
1.5116
1.51271
1.51382
1.51493
1.51604
1.51716
1.51827
1.51939
1.5205
1.52162
1.52274
1.52386
1.52498
1.5261
1.52722
1.52834
1.52946
1.53058
1.53171
1.53283
1.53395
1.53508
1.53621
1.53733
1.53846
1.53959
1.54072
1.54185
1.54298
1.54411
1.54524
1.54637
1.54751
1.54864
1.54977
1.55091
1.55204
1.55318
1.55432
1.55546
1.5566
1.55774
1.55888
1.56002
1.56116
1.5623
1.56345
1.56459
1.56574
1.56688
1.56803
1.56918
1.57033
1.57148
1.57263
1.57378
1.57493
1.57609
1.57724
1.5784
1.57955
1.58071
1.58187
1.58303
1.58419
1.58535
1.58652
1.58768
1.58885
1.59001
1.59118
1.59235
1.59352
1.59469
1.59586
1.59703
1.59821
1.59938
1.60056
1.60174
1.60292
1.6041
1.60528
1.60646
1.60765
1.60883
1.61002
1.61121
1.6124
1.61359
1.61478
1.61598
1.61717
1.61837
1.61957
1.62077
1.62197
1.62317
1.62437
1.62558
1.62679
1.62799
1.62921
1.63042
1.63163
1.63284
1.63406
1.63528
1.6365
1.63772
1.63894
1.64017
1.64139
1.64262
1.64385
1.64508
1.64631
1.64754
1.64878
1.65002
1.65126
1.6525
1.65374
1.65498
1.65623
1.65747
1.65872
1.65997
1.66122
1.66248
1.66373
1.66499
1.66624
1.6675
1.66876
1.67003
1.67129
1.67256
1.67382
1.67509
1.67636
1.67763
1.67891
1.68018
1.68146
1.68274
1.68401
1.68528
1.68655
1.68781
1.68907
1.69032
1.69157
1.69282
1.69407
1.69533
1.69658
1.69784
1.69909
1.70035
1.70162
1.70288
1.70414
1.70541
1.70668
1.70795
1.70922
1.71049
1.71177
1.71304
1.71432
1.7156
1.71688
1.71817
1.71945
1.72074
1.72202
1.72331
1.7246
1.72589
1.72719
1.72848
1.72978
1.73108
1.73238
1.73368
1.73498
1.73628
1.73759
1.73889
1.7402
1.74151
1.74282
1.74413
1.74545
1.74676
1.74808
1.7494
1.75072
1.75204
1.75336
1.75468
1.75601
1.75734
1.75867
1.75999
1.76132
1.76266
1.76399
1.76532
1.76666
1.76799
1.76933
1.77067
1.77201
1.77335
1.7747
1.77605
1.77739
1.77874
1.7801
1.78145
1.78281
1.78417
1.78553
1.78689
1.78825
1.78962
1.79098
1.79235
1.79372
1.79508
1.79645
1.79782
1.79918
1.80055
1.80192
1.80329
1.80466
1.80603
1.80741
1.80878
1.81016
1.81153
1.81291
1.81429
1.81567
1.81705
1.81844
1.81982
1.82121
1.8226
1.82398
1.82537
1.82676
1.82816
1.82955
1.83094
1.83234
1.83373
1.83513
1.83653
1.83792
1.83932
1.84072
1.84212
1.84352
1.84492
1.84632
1.84772
1.84912
1.85052
1.85192
1.85332
1.85472
1.85611
1.85751
1.8589
1.8603
1.86169
1.86308
1.86447
1.86586
1.86725
1.86863
1.87002
1.8714
1.87278
1.87417
1.87555
1.87693
1.8783
1.87968
1.88106
1.88243
1.8838
1.88517
1.88655
1.88792
1.88928
1.89065
1.89202
1.89338
1.89475
1.89611
1.89747
1.89883
1.90019
1.90155
1.90291
1.90426
1.90562
1.90697
1.90833
1.90968
1.91103
1.91237
1.91372
1.91507
1.91641
1.91775
1.91909
1.92043
1.92177
1.9231
1.92444
1.92577
1.9271
1.92843
1.92976
1.93109
1.93241
1.93373
1.93505
1.93637
1.93769
1.93901
1.94032
1.94164
1.94295
1.94426
1.94557
1.94687
1.94818
1.94948
1.95079
1.95209
1.95339
1.95469
1.95598
1.95728
1.95857
1.95986
1.96115
1.96244
1.96373
1.96502
1.96631
1.96759
1.96887
1.97015
1.97143
1.97271
1.97399
1.97527
1.97654
1.97781
1.97909
1.98036
1.98163
1.9829
1.98416
1.98543
1.98669
1.98796
1.98922
1.99048
1.99174
1.993
1.99426
1.99552
1.99677
1.99803
1.99928
2.00054
2.00179
2.00304
2.00429
2.00554
2.00679
2.00804
2.00929
2.01054
2.01178
2.01303
2.01428
2.01552
2.01677
2.01801
2.01926
2.0205
2.02175
2.02299
2.02424
2.02548
2.02673
2.02797
2.02921
2.03046
2.0317
2.03295
2.03419
2.03544
2.03668
2.03792
2.03917
2.04041
2.04166
2.04291
2.04415
2.0454
2.04664
2.04789
2.04914
2.05039
2.05163
2.05288
2.05413
2.05538
2.05663
2.05788
2.05913
2.06038
2.06163
2.06288
2.06414
2.06539
2.06664
2.0679
2.06915
2.07041
2.07166
2.07292
2.07418
2.07543
2.07669
2.07795
2.07921
2.08047
2.08173
2.08299
2.08425
2.08552
2.08678
2.08804
2.0893
2.09056
2.09182
2.09309
2.09435
2.09561
2.09687
2.09813
2.09939
2.10065
2.10191
2.10318
2.10444
2.1057
2.10696
2.10822
2.10949
2.11075
2.11202
2.11328
2.11455
2.11581
2.11708
2.11834
2.11961
2.12088
2.12215
2.12342
2.12469
2.12596
2.12724
2.12851
2.12978
2.13106
2.13233
2.13361
2.13489
2.13617
2.13744
2.13872
2.14
2.14129
2.14257
2.14385
2.14514
2.14642
2.14771
2.149
2.15028
2.15157
2.15286
2.15416
2.15545
2.15674
2.15804
2.15933
2.16063
2.16192
2.16322
2.16452
2.16582
2.16712
2.16843
2.16973
2.17104
2.17234
2.17365
2.17496
2.17627
2.17758
2.17889
2.1802
2.18151
2.18283
2.18415
2.18546
2.18678
2.1881
2.18942
2.19074
2.19207
2.19339
2.19472
2.19605
2.19737
2.1987
2.20004
2.20137
2.2027
2.20404
2.20537
2.20671
2.20805
2.20939
2.21073
2.21208
2.21342
2.21477
2.21612
2.21747
2.21882
2.22017
2.22152
2.22288
2.22423
2.22559
2.22695
2.22831
2.22968
2.23104
2.23241
2.23377
2.23514
2.23651
2.23788
2.23926
2.24063
2.24201
2.24338
2.24476
2.24614
2.24752
2.24891
2.25029
2.25168
2.25307
2.25446
2.25585
2.25724
2.25863
2.26003
2.26143
2.26283
2.26423
2.26563
2.26703
2.26843
2.26984
2.27125
2.27265
2.27406
2.27547
2.27687
2.27827
2.27966
2.28105
2.28244
2.28382
2.28521
2.28659
2.28798
2.28936
2.29075
2.29214
2.29353
2.29493
2.29632
2.29772
2.29912
2.30052
2.30192
2.30333
2.30473
2.30614
2.30755
2.30896
2.31037
2.31179
2.3132
2.31462
2.31604
2.31746
2.31888
2.3203
2.32172
2.32315
2.32458
2.32601
2.32744
2.32887
2.3303
2.33173
2.33317
2.33461
2.33605
2.33749
2.33893
2.34037
2.34182
2.34326
2.34471
2.34616
2.34761
2.34906
2.35052
2.35197
2.35343
2.35489
2.35635
2.35781
2.35927
2.36074
2.3622
2.36367
2.36514
2.36661
2.36809
2.36956
2.37104
2.37252
2.374
2.37548
2.37697
2.37846
2.37994
2.38143
2.38293
2.38442
2.38592
2.38741
2.38891
2.39041
2.39192
2.39342
2.39493
2.39644
2.39795
2.39946
2.40098
2.40249
2.40401
2.40552
2.40704
2.40856
2.41008
2.4116
2.41312
2.41464
2.41616
2.41768
2.4192
2.42072
2.42225
2.42377
2.4253
2.42683
2.42836
2.42989
2.43142
2.43295
2.43448
2.43601
2.43754
2.43907
2.44059
2.44212
2.44364
2.44516
2.44668
2.4482
2.44972
2.45124
2.45276
2.45428
2.45579
2.45731
2.45883
2.46035
2.46187
2.46339
2.46491
2.46643
2.46795
2.46947
2.47099
2.47251
2.47403
2.47555
2.47707
2.47859
2.48011
2.48163
2.48315
2.48467
2.48619
2.48771
2.48922
2.49074
2.49225
2.49376
2.49527
2.49678
2.49828
2.49978
2.50128
2.50278
2.50427
2.50576
2.50725
2.50874
2.51022
2.5117
2.51318
2.51466
2.51613
2.5176
2.51906
2.52053
2.52199
2.52345
2.52491
2.52636
2.52781
2.52926
2.53071
2.53216
2.5336
2.53504
2.53649
2.53792
2.53936
2.5408
2.54223
2.54366
2.5451
2.54653
2.54795
2.54938
2.55081
2.55223
2.55365
2.55507
2.55649
2.55791
2.55933
2.56074
2.56216
2.56357
2.56498
2.56639
2.5678
2.5692
2.57061
2.57201
2.57341
2.57481
2.57621
2.5776
2.579
2.58039
2.58178
2.58317
2.58456
2.58595
2.58733
2.58872
2.5901
2.59148
2.59286
2.59424
2.59562
2.59699
2.59837
2.59974
2.60111
2.60248
2.60385
2.60522
2.60658
2.60795
2.60931
2.61067
2.61204
2.6134
2.61476
2.61611
2.61747
2.61883
2.62018
2.62154
2.62289
2.62424
2.6256
2.62695
2.6283
2.62965
2.631
2.63234
2.63369
2.63504
2.63638
2.63773
2.63908
2.64042
2.64176
2.64311
2.64445
2.64579
2.64714
2.64848
2.64982
2.65116
2.65251
2.65385
2.65519
2.65653
2.65787
2.65922
2.66056
2.6619
2.66324
2.66458
2.66592
2.66727
2.66861
2.66995
2.67129
2.67263
2.67398
2.67532
2.67666
2.67801
2.67935
2.68069
2.68204
2.68338
2.68473
2.68607
2.68742
2.68876
2.69011
2.69146
2.69281
2.69415
2.6955
2.69685
2.6982
2.69955
2.7009
2.70225
2.7036
2.70495
2.7063
2.70766
2.70901
2.71036
2.71172
2.71307
2.71443
2.71578
2.71714
2.71849
2.71985
2.72121
2.72257
2.72393
2.72529
2.72665
2.72801
2.72937
2.73073
2.73209
2.73345
2.73482
2.73618
2.73754
2.73891
2.74027
2.74164
2.74301
2.74437
2.74574
2.74711
2.74848
2.74985
2.75122
2.75259
2.75396
2.75533
2.7567
2.75808
2.75945
2.76082
2.7622
2.76357
2.76495
2.76633
2.7677
2.76908
2.77045
2.77183
2.7732
2.77458
2.77595
2.77732
2.7787
2.78007
2.78144
2.78281
2.78418
2.78555
2.78692
2.78829
2.78967
2.79104
2.79241
2.79378
2.79515
2.79653
2.7979
2.79927
2.80065
2.80202
2.8034
2.80478
2.80615
2.80753
2.80891
2.81029
2.81167
2.81305
2.81444
2.81582
2.8172
2.81859
2.81998
2.82136
2.82275
2.82414
2.82553
2.82692
2.82831
2.8297
2.8311
2.83249
2.83389
2.83528
2.83668
2.83808
2.83948
2.84088
2.84228
2.84368
2.84508
2.84648
2.84789
2.84929
2.8507
2.85211
2.85352
2.85492
2.85634
2.85775
2.85916
2.86057
2.86199
2.86341
2.86482
2.86624
2.86766
2.86908
2.8705
2.87193
2.87335
2.87478
2.87621
2.87763
2.87906
2.88049
2.88193
2.88336
2.8848
2.88623
2.88767
2.88911
2.89055
2.89199
2.89344
2.89488
2.89633
2.89777
2.89922
2.90067
2.90212
2.90358
2.90503
2.90649
2.90795
2.9094
2.91087
2.91233
2.91379
2.91525
2.91672
2.91819
2.91966
2.92113
2.9226
2.92407
2.92555
2.92702
2.9285
2.92998
2.93146
2.93294
2.93442
2.93591
2.93739
2.93886
2.94033
2.9418
2.94326
2.94472
2.94618
2.94764
2.9491
2.95056
2.95202
2.95348
2.95495
2.95641
2.95788
2.95935
2.96082
2.9623
2.96377
2.96525
2.96673
2.96821
2.96969
2.97117
2.97266
2.97415
2.97564
2.97713
2.97862
2.98011
2.98161
2.9831
2.9846
2.9861
2.9876
2.9891
2.99061
2.99211
2.99362
2.99513
2.99664
2.99815
2.99966
3.00118
3.00269
3.00421
3.00573
3.00725
3.00877
3.0103
3.01182
3.01335
3.01488
3.01641
3.01794
3.01947
3.02101
3.02255
3.02408
3.02562
3.02717
3.02871
3.03026
3.0318
3.03335
3.0349
3.03646
3.03801
3.03957
3.04113
3.04269
3.04425
3.04582
3.04738
3.04895
3.05052
3.0521
3.05367
3.05525
3.05683
3.05841
3.05999
3.06157
3.06315
3.06473
3.06631
3.06789
3.06948
3.07106
3.07264
3.07423
3.07582
3.07741
3.079
3.08059
3.08218
3.08378
3.08538
3.08698
3.08857
3.09017
3.09177
3.09337
3.09497
3.09656
3.09816
3.09975
3.10135
3.10294
3.10452
3.10611
3.1077
3.10929
3.11088
3.11246
3.11405
3.11564
3.11722
3.11881
3.1204
3.12198
3.12357
3.12516
3.12675
3.12834
3.12993
3.13152
3.13311
3.1347
3.13629
3.13788
3.13948
3.14107
3.14266
3.14425
3.14584
3.14743
3.14902
3.1506
3.15219
3.15377
3.15535
3.15693
3.15851
3.16008
3.16165
3.16322
3.16479
3.16635
3.16791
3.16947
3.17102
3.17258
3.17413
3.17567
3.17722
3.17876
3.1803
3.18183
3.18336
3.18489
3.18642
3.18795
3.18947
3.19099
3.19251
3.19403
3.19555
3.19706
3.19857
3.20008
3.20159
3.2031
3.20461
3.20611
3.20762
3.20912
3.21062
3.21212
3.21362
3.21511
3.21661
3.2181
3.21959
3.22108
3.22257
3.22406
3.22555
3.22703
3.22852
3.23
3.23148
3.23296
3.23443
3.23591
3.23738
3.23886
3.24033
3.2418
3.24326
3.24473
3.2462
3.24766
3.24912
3.25058
3.25204
3.2535
3.25495
3.25641
3.25786
3.25931
3.26076
3.26221
3.26366
3.2651
3.26655
3.26799
3.26944
3.27088
3.27232
3.27376
3.2752
3.27663
3.27807
3.2795
3.28094
3.28237
3.2838
3.28523
3.28666
3.28809
3.28951
3.29094
3.29237
3.29379
3.29521
3.29664
3.29806
3.29948
3.3009
3.30232
3.30374
3.30516
3.30657
3.30799
3.30941
3.31082
3.31224
3.31365
3.31507
3.31648
3.3179
3.31931
3.32072
3.32214
3.32355
3.32496
3.32638
3.32779
3.3292
3.33061
3.33202
3.33344
3.33485
3.33626
3.33767
3.33908
3.3405
3.34191
3.34332
3.34473
3.34615
3.34756
3.34897
3.35039
3.3518
3.35321
3.35463
3.35604
3.35746
3.35887
3.36029
3.3617
3.36312
3.36453
3.36595
3.36737
3.36878
3.3702
3.37162
3.37304
3.37446
3.37588
3.3773
3.37872
3.38014
3.38156
3.38298
3.3844
3.38583
3.38725
3.38867
3.3901
3.39152
3.39295
3.39437
3.3958
3.39723
3.39865
3.40008
3.40151
3.40294
3.40437
3.4058
3.40723
3.40866
3.41009
3.41152
3.41295
3.41438
3.41582
3.41725
3.41869
3.42012
3.42156
3.42299
3.42443
3.42587
3.4273
3.42874
3.43018
3.43162
3.43306
3.4345
3.43594
3.43738
3.43882
3.44027
3.44171
3.44315
3.44459
3.44603
3.44746
3.4489
3.45034
3.45177
3.4532
3.45464
3.45607
3.4575
3.45893
3.46036
3.46179
3.46322
3.46466
3.46609
3.46752
3.46895
3.47039
3.47182
3.47325
3.47469
3.47612
3.47756
3.479
3.48043
3.48187
3.48331
3.48475
3.48619
3.48763
3.48908
3.49052
3.49196
3.49341
3.49485
3.4963
3.49775
3.4992
3.50064
3.50209
3.50355
3.505
3.50645
3.5079
3.50936
3.51081
3.51227
3.51372
3.51518
3.51664
3.5181
3.51956
3.52102
3.52248
3.52394
3.52541
3.52687
3.52834
3.52981
3.53127
3.53274
3.53421
3.53568
3.53716
3.53863
3.5401
3.54158
3.54306
3.54453
3.54601
3.54749
3.54897
3.55046
3.55194
3.55342
3.55491
3.5564
3.55789
3.55938
3.56087
3.56236
3.56385
3.56535
3.56685
3.56834
3.56984
3.57134
3.57284
3.57435
3.57585
3.57736
3.57886
3.58037
3.58188
3.58339
3.58491
3.58642
3.58794
3.58945
3.59097
3.59249
3.59401
3.59553
3.59705
3.59858
3.60011
3.60163
3.60316
3.60469
3.60622
3.60776
3.60929
3.61083
3.61236
3.6139
3.61544
3.61697
3.6185
3.62003
3.62155
3.62306
3.62457
3.62609
3.6276
3.62911
3.63063
3.63215
3.63366
3.63518
3.6367
3.63823
3.63975
3.64128
3.64281
3.64433
3.64587
3.6474
3.64893
3.65047
3.65201
3.65355
3.65509
3.65663
3.65818
3.65973
3.66128
3.66283
3.66438
3.66594
3.6675
3.66906
3.67062
3.67218
3.67375
3.67531
3.67688
3.67845
3.68002
3.68159
3.68317
3.68475
3.68632
3.6879
3.68948
3.69107
3.69265
3.69424
3.69583
3.69742
3.69901
3.7006
3.70219
3.70379
3.70539
3.70699
3.70859
3.7102
3.7118
3.71341
3.71502
3.71663
3.71825
3.71986
3.72148
3.7231
3.72472
3.72635
3.72797
3.7296
3.73123
3.73286
3.7345
3.73613
3.73777
3.73941
3.74105
3.7427
3.74434
3.74599
3.74763
3.74928
3.75093
3.75257
3.75422
3.75587
3.75752
3.75917
3.76082
3.76247
3.76412
3.76578
3.76744
3.76909
3.77075
3.77242
3.77408
3.77574
3.7774
3.77906
3.78072
3.78238
3.78404
3.7857
3.78735
3.789
3.79066
3.7923
3.79395
3.7956
3.79725
3.79889
3.80054
3.80218
3.80383
3.80548
3.80712
3.80877
3.81041
3.81206
3.8137
3.81535
3.817
3.81865
3.82029
3.82194
3.82359
3.82524
3.82689
3.82854
3.83019
3.83183
3.83348
3.83512
3.83676
3.8384
3.84004
3.84167
3.84331
3.84493
3.84656
3.84818
3.8498
3.85142
3.85303
3.85464
3.85624
3.85784
3.85943
3.86103
3.86261
3.8642
3.86578
3.86735
3.86892
3.87049
3.87206
3.87362
3.87518
3.87673
3.87828
3.87983
3.88137
3.88292
3.88445
3.88599
3.88752
3.88906
3.89058
3.89211
3.89363
3.89515
3.89667
3.89819
3.8997
3.90121
3.90272
3.90423
3.90573
3.90723
3.90873
3.91022
3.91172
3.91321
3.91469
3.91618
3.91766
3.91914
3.92062
3.92209
3.92356
3.92503
3.9265
3.92796
3.92942
3.93088
3.93234
3.93379
3.93524
3.93669
3.93813
3.93957
3.94101
3.94245
3.94389
3.94532
3.94675
3.94818
3.9496
3.95103
3.95245
3.95387
3.95529
3.9567
3.95812
3.95953
3.96094
3.96235
3.96376
3.96516
3.96657
3.96797
3.96937
3.97077
3.97217
3.97357
3.97497
3.97637
3.97776
3.97915
3.98055
3.98194
3.98333
3.98472
3.98611
3.9875
3.98889
3.99028
3.99167
3.99306
3.99445
3.99584
3.99722
3.99861
3.99999
4.00138
4.00276
4.00413
4.00551
4.00688
4.00825
4.00962
4.01099
4.01236
4.01373
4.01509
4.01645
4.01782
4.01918
4.02054
4.02191
4.02327
4.02463
4.02599
4.02736
4.02872
4.03008
4.03145
4.03281
4.03418
4.03554
4.03691
4.03828
4.03964
4.04101
4.04238
4.04375
4.04512
4.04649
4.04786
4.04923
4.0506
4.05197
4.05334
4.05472
4.05609
4.05746
4.05883
4.06021
4.06158
4.06295
4.06433
4.0657
4.06708
4.06845
4.06983
4.0712
4.07258
4.07395
4.07533
4.07671
4.07809
4.07946
4.08084
4.08222
4.0836
4.08499
4.08637
4.08775
4.08913
4.09052
4.09191
4.09329
4.09468
4.09607
4.09746
4.09885
4.10024
4.10163
4.10303
4.10442
4.10582
4.10721
4.10861
4.11001
4.11141
4.11281
4.11422
4.11562
4.11703
4.11843
4.11984
4.12125
4.12266
4.12407
4.12549
4.1269
4.12832
4.12974
4.13116
4.13258
4.134
4.13543
4.13685
4.13828
4.13971
4.14114
4.14258
4.14401
4.14545
4.14689
4.14833
4.14977
4.15121
4.15266
4.1541
4.15555
4.157
4.15846
4.15991
4.16137
4.16282
4.16428
4.16574
4.16721
4.16867
4.17014
4.17161
4.17308
4.17455
4.17602
4.1775
4.17897
4.18045
4.18193
4.18342
4.1849
4.18639
4.18788
4.18936
4.19086
4.19235
4.19384
4.19534
4.19684
4.19834
4.19984
4.20134
4.20285
4.20436
4.20586
4.20737
4.20888
4.2104
4.21191
4.21343
4.21495
4.21647
4.21799
4.21951
4.22104
4.22256
4.22409
4.22562
4.22715
4.22868
4.23021
4.23175
4.23328
4.23482
4.23636
4.2379
4.23944
4.24098
4.24253
4.24407
4.24562
4.24717
4.24871
4.25026
4.25182
4.25337
4.25492
4.25648
4.25803
4.25959
4.26115
4.26271
4.26427
4.26583
4.26739
4.26896
4.27052
4.27209
4.27366
4.27523
4.2768
4.27837
4.27994
4.28151
4.28308
4.28466
4.28624
4.28781
4.28939
4.29097
4.29255
4.29413
4.29571
4.2973
4.29888
4.30047
4.30205
4.30364
4.30523
4.30682
4.30841
4.31
4.3116
4.31319
4.31478
4.31638
4.31798
4.31958
4.32117
4.32277
4.32438
4.32598
4.32758
4.32919
4.33079
4.3324
4.334
4.33561
4.33722
4.33883
4.34044
4.34206
4.34367
4.34528
4.3469
4.34852
4.35013
4.35175
4.35337
4.35499
4.35661
4.35824
4.35986
4.36149
4.36311
4.36474
4.36637
4.368
4.36963
4.37126
4.37289
4.37452
4.37616
4.37779
4.37943
4.38107
4.3827
4.38434
4.38598
4.38763
4.38927
4.39091
4.39256
4.3942
4.39585
4.3975
4.39915
4.4008
4.40245
4.4041
4.40575
4.4074
4.40905
4.4107
4.41235
4.41401
4.41566
4.41732
4.41898
4.42064
4.4223
4.42396
4.42562
4.42729
4.42896
4.43062
4.43229
4.43396
4.43564
4.43731
4.43898
4.44066
4.44234
4.44402
4.4457
4.44738
4.44907
4.45076
4.45244
4.45413
4.45582
4.45752
4.45921
4.46091
4.46261
4.46431
4.46601
4.46771
4.46942
4.47113
4.47284
4.47454
4.47625
4.47795
4.47966
4.48136
4.48305
4.48475
4.48645
4.48814
4.48983
4.49152
4.49321
4.49489
4.49658
4.49826
4.49995
4.50163
4.50331
4.505
4.50668
4.50837
4.51006
4.51175
4.51344
4.51513
4.51683
4.51853
4.52023
4.52193
4.52363
4.52534
4.52704
4.52875
4.53046
4.53216
4.53387
4.53558
4.53729
4.53899
4.5407
4.54241
4.54411
4.54582
4.54752
4.54922
4.55093
4.55263
4.55432
4.55602
4.55772
4.55942
4.56111
4.56281
4.5645
4.56619
4.56788
4.56958
4.57127
4.57296
4.57465
4.57634
4.57803
4.57972
4.5814
4.58309
4.58477
4.58644
4.58812
4.58979
4.59146
4.59313
4.59479
4.59645
4.59811
4.59977
4.60142
4.60307
4.60472
4.60637
4.60802
4.60966
4.6113
4.61294
4.61458
4.61622
4.61785
4.61949
4.62112
4.62275
4.62437
4.62599
4.6276
4.62921
4.63081
4.63241
4.63401
4.6356
4.63719
4.63877
4.64035
4.64192
4.64349
4.64506
4.64662
4.64818
4.64974
4.65129
4.65284
4.65438
4.65592
4.65745
4.65899
4.66052
4.66204
4.66356
4.66508
4.6666
4.66811
4.66962
4.67113
4.67263
4.67413
4.67562
4.67712
4.67861
4.68009
4.68157
4.68305
4.68453
4.686
4.68747
4.68893
4.69039
4.69185
4.69331
4.69476
4.6962
4.69765
4.69909
4.70052
4.70196
4.70338
4.70481
4.70623
4.70765
4.70906
4.71048
4.71188
4.71329
4.71469
4.71608
4.71748
4.71887
4.72025
4.72164
4.72302
4.72439
4.72577
4.72714
4.72851
4.72987
4.73123
4.73259
4.73394
4.7353
4.73665
4.73799
4.73934
4.74068
4.74202
4.74336
4.74469
4.74603
4.74736
4.74869
4.75001
4.75134
4.75266
4.75398
4.7553
4.75662
4.75794
4.75925
4.76057
4.76188
4.76319
4.76449
4.7658
4.7671
4.7684
4.7697
4.771
4.77229
4.77359
4.77488
4.77617
4.77746
4.77874
4.78003
4.78131
4.7826
4.78388
4.78516
4.78643
4.78771
4.78899
4.79026
4.79154
4.79281
4.79408
4.79536
4.79663
4.7979
4.79917
4.80044
4.80171
4.80298
4.80426
4.80553
4.8068
4.80807
4.80934
4.81061
4.81188
4.81315
4.81443
4.8157
4.81697
4.81825
4.81952
4.8208
4.82207
4.82335
4.82462
4.8259
4.82718
4.82846
4.82974
4.83102
4.8323
4.83358
4.83486
4.83614
4.83742
4.83871
4.83999
4.84128
4.84256
4.84385
4.84514
4.84642
4.84771
4.849
4.85029
4.85158
4.85287
4.85416
4.85545
4.85675
4.85804
4.85934
4.86063
4.86193
4.86322
4.86452
4.86582
4.86712
4.86842
4.86972
4.87102
4.87232
4.87362
4.87493
4.87623
4.87754
4.87885
4.88015
4.88146
4.88277
4.88408
4.88539
4.8867
4.88802
4.88933
4.89065
4.89196
4.89328
4.8946
4.89592
4.89724
4.89856
4.89988
4.9012
4.90253
4.90385
4.90518
4.90651
4.90783
4.90916
4.9105
4.91183
4.91316
4.91449
4.91583
4.91717
4.9185
4.91984
4.92118
4.92252
4.92386
4.92521
4.92655
4.9279
4.92924
4.93059
4.93194
4.93329
4.93464
4.93599
4.93735
4.9387
4.94006
4.94142
4.94277
4.94413
4.94549
4.94685
4.94822
4.94958
4.95094
4.95231
4.95367
4.95504
4.95641
4.95778
4.95915
4.96052
4.96189
4.96326
4.96464
4.96601
4.96739
4.96876
4.97014
4.97152
4.9729
4.97427
4.97565
4.97703
4.97842
4.9798
4.98118
4.98256
4.98395
4.98533
4.98671
4.9881
4.98949
4.99087
4.99226
4.99364
4.99503
4.99642
4.99781
4.9992
5.00059
5.00198
5.00337
5.00476
5.00615
5.00754
5.00893
5.01032
5.01171
5.0131
5.0145
5.01589
5.01728
5.01867
5.02007
5.02146
5.02285
5.02425
5.02564
5.02704
5.02843
5.02982
5.03122
5.03261
5.03401
5.0354
5.0368
5.0382
5.03959
5.04099
5.04239
5.04378
5.04518
5.04658
5.04797
5.04937
5.05077
5.05217
5.05357
5.05497
5.05637
5.05777
5.05917
5.06057
5.06197
5.06337
5.06477
5.06617
5.06757
5.06898
5.07038
5.07178
5.07319
5.07459
5.076
5.0774
5.07881
5.08021
5.08162
5.08303
5.08443
5.08584
5.08725
5.08866
5.09007
5.09148
5.09289
5.0943
5.09572
5.09713
5.09854
5.09996
5.10137
5.10279
5.1042
5.10561
5.10703
5.10844
5.10985
5.11127
5.11268
5.1141
5.11551
5.11693
5.11835
5.11977
5.12119
5.12261
5.12403
5.12545
5.12687
5.1283
5.12972
5.13115
5.13258
5.13401
5.13544
5.13687
5.1383
5.13973
5.14117
5.14261
5.14404
5.14548
5.14692
5.14836
5.1498
5.15125
5.15269
5.15414
5.15558
5.15703
5.15848
5.15994
5.16139
5.16284
5.1643
5.16576
5.16721
5.16868
5.17014
5.1716
5.17307
5.17453
5.176
5.17747
5.17894
5.18042
5.18189
5.18337
5.18484
5.18632
5.18781
5.18929
5.19077
5.19226
5.19375
5.19524
5.19673
5.19823
5.19972
5.20122
5.20272
5.20422
5.20572
5.20723
5.20874
5.21024
5.21175
5.21327
5.21478
5.2163
5.21781
5.21933
5.22086
5.22238
5.2239
5.22543
5.22696
5.22849
5.23002
5.23156
5.23309
5.23463
5.23617
5.23771
5.23926
5.2408
5.24235
5.2439
5.24545
5.247
5.24856
5.25012
5.25167
5.25323
5.2548
5.25636
5.25793
5.25949
5.26106
5.26263
5.26421
5.26578
5.26736
5.26894
5.27052
5.2721
5.27368
5.27527
5.27685
5.27844
5.28003
5.28162
5.28322
5.28481
5.28641
5.28801
5.28961
5.29121
5.29282
5.29442
5.29603
5.29764
5.29925
5.30086
5.30248
5.30409
5.30571
5.30733
5.30895
5.31058
5.3122
5.31383
5.31546
5.31709
5.31872
5.32035
5.32199
5.32362
5.32526
5.3269
5.32854
5.33019
5.33183
5.33348
5.33513
5.33678
5.33842
5.34007
5.34171
5.34335
5.34499
5.34663
5.34826
5.34989
5.35151
5.35313
5.35475
5.35637
5.35798
5.35959
5.3612
5.3628
5.3644
5.366
5.3676
5.36919
5.37079
5.37238
5.37397
5.37557
5.37716
5.37875
5.38034
5.38193
5.38353
5.38512
5.38671
5.3883
5.38989
5.39148
5.39307
5.39466
5.39625
5.39783
5.39942
5.401
5.40259
5.40417
5.40575
5.40733
5.4089
5.41048
5.41205
5.41362
5.41519
5.41676
5.41833
5.41989
5.42145
5.423
5.42455
5.4261
5.42764
5.42918
5.43072
5.43225
5.43378
5.43531
5.43683
5.43835
5.43986
5.44137
5.44288
5.44438
5.44588
5.44738
5.44887
5.45036
5.45185
5.45334
5.45482
5.4563
5.45777
5.45925
5.46071
5.46217
5.46363
5.46508
5.46652
5.46796
5.46939
5.47082
5.47225
5.47367
5.47509
5.47651
5.47792
5.47932
5.48073
5.48213
5.48352
5.48491
5.4863
5.48769
5.48907
5.49045
5.49182
5.4932
5.49457
5.49593
5.4973
5.49866
5.50001
5.50137
5.50272
5.50407
5.50541
5.50676
5.50809
5.50943
5.51076
5.51209
5.51342
5.51475
5.51607
5.51738
5.5187
5.52001
5.52132
5.52262
5.52392
5.52522
5.52652
5.52781
5.5291
5.53039
5.53167
5.53295
5.53423
5.5355
5.53677
5.53804
5.53931
5.54057
5.54183
5.54308
5.54434
5.54559
5.54684
5.54808
5.54933
5.55057
5.55181
5.55304
5.55428
5.55551
5.55674
5.55797
5.55919
5.56042
5.56164
5.56285
5.56407
5.56528
5.56649
5.5677
5.5689
5.5701
5.5713
5.5725
5.57369
5.57488
5.57607
5.57726
5.57845
5.57963
5.58082
5.582
5.58318
5.58435
5.58553
5.58671
5.58788
5.58906
5.59023
5.5914
5.59257
5.59374
5.59492
5.59609
5.59726
5.59843
5.59959
5.60076
5.60193
5.6031
5.60427
5.60544
5.60661
5.60778
5.60895
5.61012
5.61129
5.61246
5.61363
5.6148
5.61598
5.61715
5.61832
5.6195
5.62067
5.62185
5.62302
5.6242
5.62538
5.62656
5.62774
5.62892
5.6301
5.63128
5.63246
5.63364
5.63483
5.63601
5.6372
5.63838
5.63957
5.64076
5.64195
5.64313
5.64432
5.64551
5.64671
5.6479
5.64909
5.65029
5.65148
5.65268
5.65387
5.65507
5.65627
5.65747
5.65866
5.65987
5.66107
5.66227
5.66347
5.66467
5.66588
5.66708
5.66829
5.6695
5.6707
5.67191
5.67312
5.67433
5.67554
5.67676
5.67797
5.67918
5.6804
5.68161
5.68283
5.68405
5.68526
5.68648
5.6877
5.68892
5.69014
5.69137
5.69259
5.69381
5.69504
5.69626
5.69749
5.69872
5.69995
5.70118
5.70241
5.70364
5.70487
5.70611
5.70734
5.70858
5.70981
5.71105
5.71229
5.71353
5.71477
5.71601
5.71725
5.7185
5.71974
5.72099
5.72223
5.72348
5.72473
5.72598
5.72723
5.72848
5.72973
5.73099
5.73224
5.7335
5.73476
5.73601
5.73727
5.73853
5.7398
5.74106
5.74232
5.74359
5.74485
5.74612
5.74739
5.74866
5.74993
5.7512
5.75247
5.75375
5.75502
5.7563
5.75757
5.75885
5.76013
5.76141
5.76269
5.76397
5.76525
5.76653
5.76782
5.7691
5.77039
5.77168
5.77297
5.77425
5.77554
5.77683
5.77813
5.77942
5.78071
5.782
5.7833
5.78459
5.78589
5.78719
5.78848
5.78978
5.79108
5.79238
5.79368
5.79498
5.79628
5.79759
5.79889
5.80019
5.8015
5.8028
5.80411
5.80541
5.80672
5.80802
5.80933
5.81064
5.81195
5.81326
5.81456
5.81587
5.81718
5.81849
5.81981
5.82112
5.82243
5.82374
5.82505
5.82637
5.82768
5.82899
5.83031
5.83162
5.83294
5.83425
5.83557
5.83688
5.8382
5.83952
5.84083
5.84215
5.84347
5.84478
5.8461
5.84742
5.84874
5.85006
5.85138
5.8527
5.85402
5.85534
5.85666
5.85798
5.8593
5.86062
5.86195
5.86327
5.86459
5.86591
5.86724
5.86856
5.86989
5.87121
5.87254
5.87386
5.87519
5.87651
5.87784
5.87917
5.88049
5.88182
5.88315
5.88448
5.88581
5.88714
5.88847
5.8898
5.89113
5.89246
5.8938
5.89513
5.89646
5.8978
5.89913
5.90046
5.9018
5.90314
5.90447
5.90581
5.90715
5.90849
5.90983
5.91116
5.9125
5.91384
5.91518
5.91652
5.91785
5.91919
5.92053
5.92187
5.92321
5.92455
5.92589
5.92723
5.92858
5.92992
5.93127
5.93261
5.93396
5.93531
5.93666
5.93801
5.93936
5.94071
5.94206
5.94342
5.94477
5.94613
5.94749
5.94885
5.95021
5.95157
5.95293
5.95429
5.95566
5.95702
5.95839
5.95976
5.96113
5.9625
5.96388
5.96525
5.96663
5.968
5.96938
5.97076
5.97214
5.97353
5.97491
5.9763
5.97769
5.97908
5.98047
5.98186
5.98326
5.98465
5.98605
5.98745
5.98885
5.99026
5.99166
5.99307
5.99448
5.99589
5.9973
5.99871
6.00013
6.00155
6.00297
6.00439
6.00581
6.00724
6.00867
6.0101
6.01153
6.01296
6.01439
6.01583
6.01727
6.01871
6.02015
6.0216
6.02304
6.02449
6.02594
6.02739
6.02885
6.0303
6.03176
6.03322
6.03468
6.03615
6.03761
6.03908
6.04055
6.04202
6.04349
6.04497
6.04644
6.04792
6.0494
6.05088
6.05237
6.05385
6.05534
6.05683
6.05832
6.05982
6.06131
6.06281
6.06431
6.06581
6.06731
6.06881
6.07032
6.07183
6.07334
6.07485
6.07636
6.07787
6.07939
6.08091
6.08243
6.08395
6.08547
6.087
6.08852
6.09005
6.09158
6.09311
6.09465
6.09618
6.09772
6.09926
6.1008
6.10234
6.10388
6.10543
6.10698
6.10853
6.11008
6.11163
6.11318
6.11474
6.11629
6.11785
6.11941
6.12097
6.12253
6.12409
6.12564
6.1272
6.12875
6.1303
6.13185
6.13339
6.13494
6.13648
6.13802
6.13956
6.1411
6.14264
6.14417
6.14571
6.14724
6.14877
6.1503
6.15183
6.15336
6.15489
6.15642
6.15795
6.15948
6.16102
6.16255
6.16408
6.16562
6.16716
6.16869
6.17023
6.17177
6.17331
6.17485
6.17639
6.17792
6.17946
6.181
6.18254
6.18408
6.18561
6.18715
6.18868
6.19021
6.19175
6.19328
6.19481
6.19633
6.19786
6.19938
6.2009
6.20242
6.20393
6.20544
6.20695
6.20846
6.20996
6.21146
6.21295
6.21445
6.21594
6.21742
6.21891
6.22039
6.22187
6.22334
6.22481
6.22628
6.22775
6.22921
6.23068
6.23213
6.23359
6.23504
6.23649
6.23793
6.23937
6.24081
6.24224
6.24367
6.2451
6.24652
6.24794
6.24936
6.25078
6.25219
6.2536
6.255
6.2564
6.25779
6.25918
6.26057
6.26195
6.26333
6.26471
6.26608
6.26745
6.26882
6.27018
6.27154
6.27289
6.27424
6.27559
6.27694
6.27828
6.27962
6.28095
6.28229
6.28362
6.28494
6.28627
6.28759
6.2889
6.29022
6.29153
6.29284
6.29415
6.29545
6.29675
6.29805
6.29935
6.30064
6.30193
6.30321
6.30449
6.30577
6.30705
6.30832
6.30959
6.31086
6.31212
6.31338
6.31464
6.31589
6.31714
6.31838
6.31963
6.32087
6.3221
6.32334
6.32457
6.32579
6.32702
6.32824
6.32945
6.33067
6.33188
6.33309
6.3343
6.3355
6.3367
6.3379
6.33909
6.34028
6.34147
6.34266
6.34385
6.34503
6.34621
6.34738
6.34856
6.34973
6.3509
6.35207
6.35324
6.35441
6.35557
6.35673
6.35789
6.35905
6.36021
6.36137
6.36252
6.36368
6.36483
6.36598
6.36714
6.36829
6.36944
6.37059
6.37173
6.37288
6.37403
6.37518
6.37632
6.37747
6.37862
6.37976
6.38091
6.38205
6.3832
6.38435
6.38549
6.38664
6.38779
6.38893
6.39008
6.39123
6.39237
6.39352
6.39467
6.39582
6.39697
6.39812
6.39927
6.40043
6.40158
6.40273
6.40389
6.40504
6.4062
6.40736
6.40851
6.40967
6.41083
6.41199
6.41315
6.41431
6.41548
6.41664
6.4178
6.41897
6.42013
6.4213
6.42247
6.42364
6.4248
6.42597
6.42714
6.42832
6.42949
6.43066
6.43184
6.43301
6.43419
6.43536
6.43654
6.43772
6.4389
6.44007
6.44126
6.44244
6.44362
6.4448
6.44599
6.44717
6.44836
6.44954
6.45073
6.45192
6.45311
6.4543
6.45549
6.45668
6.45787
6.45906
6.46026
6.46145
6.46265
6.46385
6.46504
6.46624
6.46744
6.46864
6.46984
6.47105
6.47225
6.47345
6.47466
6.47586
6.47707
6.47828
6.47949
6.4807
6.48191
6.48312
6.48433
6.48554
6.48676
6.48797
6.48919
6.49041
6.49163
6.49285
6.49407
6.49529
6.49651
6.49773
6.49896
6.50018
6.50141
6.50264
6.50386
6.50509
6.50632
6.50756
6.50879
6.51002
6.51126
6.51249
6.51373
6.51497
6.51621
6.51745
6.51869
6.51993
6.52118
6.52242
6.52367
6.52491
6.52616
6.52741
6.52866
6.52991
6.53116
6.53242
6.53367
6.53492
6.53618
6.53744
6.53869
6.53995
6.54121
6.54247
6.54373
6.545
6.54626
6.54752
6.54879
6.55006
6.55132
6.55259
6.55386
6.55513
6.5564
6.55767
6.55894
6.56021
6.56149
6.56276
6.56403
6.56531
6.56659
6.56786
6.56914
6.57042
6.5717
6.57298
6.57426
6.57554
6.57682
6.5781
6.57938
6.58067
6.58195
6.58324
6.58452
6.58581
6.58709
6.58838
6.58967
6.59096
6.59224
6.59353
6.59482
6.59611
6.5974
6.59869
6.59998
6.60128
6.60257
6.60386
6.60516
6.60645
6.60774
6.60904
6.61033
6.61163
6.61293
6.61422
6.61552
6.61682
6.61811
6.61941
6.62071
6.62201
6.62331
6.62461
6.62591
6.62721
6.62851
6.62981
6.63112
6.63242
6.63372
6.63503
6.63633
6.63763
6.63894
6.64024
6.64155
6.64286
6.64416
6.64547
6.64678
6.64809
6.64939
6.6507
6.65201
6.65332
6.65463
6.65594
6.65726
6.65857
6.65988
6.66119
6.66251
6.66382
6.66514
6.66645
6.66777
6.66908
6.6704
6.67172
6.67304
6.67436
6.67568
6.677
6.67832
6.67964
6.68096
6.68228
6.68361
6.68493
6.68625
6.68758
6.68891
6.69023
6.69156
6.69289
6.69422
6.69555
6.69688
6.69821
6.69954
6.70088
6.70221
6.70355
6.70488
6.70622
6.70755
6.70889
6.71023
6.71157
6.71291
6.71425
6.71559
6.71693
6.71827
6.71962
6.72096
6.72231
6.72365
6.725
6.72635
6.7277
6.72905
6.7304
6.73175
6.73311
6.73446
6.73582
6.73718
6.73854
6.7399
6.74126
6.74263
6.74399
6.74536
6.74673
6.7481
6.74947
6.75084
6.75221
6.75359
6.75497
6.75635
6.75773
6.75911
6.76049
6.76188
6.76327
6.76465
6.76604
6.76744
6.76883
6.77023
6.77162
6.77302
6.77442
6.77583
6.77723
6.77864
6.78005
6.78146
6.78287
6.78428
6.7857
6.78712
6.78854
6.78996
6.79138
6.79281
6.79423
6.79566
6.7971
6.79853
6.79996
6.8014
6.80284
6.80428
6.80572
6.80717
6.80861
6.81006
6.81151
6.81297
6.81442
6.81588
6.81733
6.81879
6.82026
6.82172
6.82319
6.82466
6.82613
6.8276
6.82907
6.83055
6.83202
6.8335
6.83499
6.83647
6.83795
6.83944
6.84093
6.84242
6.84391
6.84541
6.84691
6.8484
6.8499
6.85141
6.85291
6.85442
6.85592
6.85743
6.85895
6.86046
6.86197
6.86349
6.86501
6.86653
6.86805
6.86958
6.8711
6.87263
6.87416
6.87569
6.87723
6.87876
6.8803
6.88183
6.88337
6.8849
6.88643
6.88797
6.8895
6.89102
6.89255
6.89408
6.8956
6.89712
6.89864
6.90016
6.90168
6.9032
6.90472
6.90623
6.90775
6.90926
6.91078
6.91229
6.91381
6.91532
6.91684
6.91835
6.91987
6.92139
6.92291
6.92444
6.92596
6.92749
6.92901
6.93054
6.93207
6.9336
6.93513
6.93665
6.93818
6.93971
6.94124
6.94277
6.9443
6.94583
6.94735
6.94888
6.95041
6.95193
6.95346
6.95498
6.9565
6.95802
6.95954
6.96106
6.96258
6.96409
6.96561
6.96712
6.96862
6.97013
6.97163
6.97313
6.97463
6.97613
6.97762
6.97911
6.98059
6.98208
6.98356
6.98503
6.98651
6.98797
6.98944
6.9909
6.99236
6.99382
6.99527
6.99672
6.99817
6.99962
7.00107
7.00251
7.00395
7.00539
7.00682
7.00825
7.00969
7.01111
7.01254
7.01396
7.01538
7.0168
7.01822
7.01963
7.02103
7.02243
7.02383
7.02522
7.02662
7.028
7.02939
7.03077
7.03214
7.03352
7.03488
7.03625
7.03761
7.03897
7.04033
7.04168
7.04303
7.04437
7.04571
7.04705
7.04839
7.04972
7.05105
7.05238
7.0537
7.05502
7.05634
7.05766
7.05897
7.06028
7.06158
7.06288
7.06418
7.06548
7.06677
7.06806
7.06935
7.07063
7.07191
7.07318
7.07446
7.07572
7.07699
7.07825
7.07951
7.08077
7.08202
7.08327
7.08451
7.08575
7.08699
7.08823
7.08946
7.09069
7.09192
7.09314
7.09436
7.09558
7.09679
7.09801
7.09921
7.10042
7.10162
7.10282
7.10402
7.10522
7.10641
7.1076
7.10879
7.10998
7.11116
7.11234
7.11352
7.11469
7.11587
7.11704
7.11821
7.11937
7.12054
7.1217
7.12286
7.12402
7.12518
7.12633
7.12749
7.12864
7.12979
7.13094
7.13209
7.13324
7.13438
7.13553
7.13667
7.13781
7.13895
7.1401
7.14124
7.14238
7.14352
7.14466
7.14579
7.14693
7.14807
7.14921
7.15034
7.15148
7.15262
7.15376
7.15489
7.15603
7.15717
7.15831
7.15945
7.16059
7.16173
7.16286
7.16401
7.16515
7.16629
7.16743
7.16857
7.16972
7.17086
7.172
7.17315
7.1743
7.17544
7.17659
7.17774
7.17889
7.18004
7.18119
7.18234
7.18349
7.18465
7.1858
7.18695
7.18811
7.18927
7.19042
7.19158
7.19274
7.1939
7.19506
7.19622
7.19738
7.19854
7.19971
7.20087
7.20204
7.2032
7.20437
7.20554
7.2067
7.20787
7.20904
7.21021
7.21138
7.21255
7.21372
7.2149
7.21607
7.21725
7.21842
7.2196
7.22077
7.22195
7.22313
7.22431
7.22549
7.22667
7.22785
7.22904
7.23022
7.23141
7.23259
7.23378
7.23497
7.23616
7.23735
7.23854
7.23973
7.24092
7.24212
7.24331
7.24451
7.2457
7.2469
7.2481
7.2493
7.2505
7.2517
7.25291
7.25411
7.25532
7.25652
7.25773
7.25894
7.26015
7.26136
7.26257
7.26378
7.265
7.26621
7.26743
7.26864
7.26986
7.27108
7.2723
7.27353
7.27475
7.27597
7.2772
7.27842
7.27965
7.28088
7.28211
7.28334
7.28457
7.28581
7.28704
7.28828
7.28951
7.29075
7.29199
7.29323
7.29447
7.29571
7.29696
7.2982
7.29945
7.30069
7.30194
7.30319
7.30444
7.30569
7.30694
7.30819
7.30944
7.3107
7.31195
7.31321
7.31446
7.31572
7.31698
7.31823
7.31949
7.32075
7.32201
7.32328
7.32454
7.3258
7.32706
7.32833
7.32959
7.33086
7.33212
7.33339
7.33466
7.33592
7.33719
7.33846
7.33973
7.341
7.34227
7.34354
7.34481
7.34608
7.34736
7.34863
7.3499
7.35117
7.35245
7.35372
7.355
7.35627
7.35755
7.35882
7.3601
7.36137
7.36265
7.36393
7.36521
7.36648
7.36776
7.36904
7.37032
7.3716
7.37288
7.37416
7.37544
7.37672
7.378
7.37928
7.38057
7.38185
7.38313
7.38442
7.3857
7.38699
7.38827
7.38956
7.39084
7.39213
7.39342
7.3947
7.39599
7.39728
7.39857
7.39986
7.40115
7.40244
7.40373
7.40502
7.40632
7.40761
7.4089
7.4102
7.41149
7.41278
7.41408
7.41537
7.41667
7.41797
7.41926
7.42056
7.42186
7.42316
7.42446
7.42576
7.42706
7.42836
7.42966
7.43096
7.43226
7.43357
7.43487
7.43618
7.43748
7.43879
7.44009
7.4414
7.44271
7.44401
7.44532
7.44663
7.44794
7.44925
7.45056
7.45187
7.45319
7.4545
7.45581
7.45713
7.45844
7.45976
7.46107
7.46239
7.46371
7.46503
7.46635
7.46767
7.46899
7.47031
7.47163
7.47295
7.47428
7.4756
7.47692
7.47825
7.47957
7.4809
7.48222
7.48355
7.48488
7.48621
7.48754
7.48887
7.4902
7.49153
7.49287
7.4942
7.49554
7.49688
7.49822
7.49956
7.5009
7.50224
7.50359
7.50493
7.50628
7.50762
7.50897
7.51032
7.51167
7.51303
7.51438
7.51573
7.51709
7.51845
7.51981
7.52117
7.52253
7.5239
7.52526
7.52663
7.528
7.52937
7.53074
7.53211
7.53349
7.53487
7.53625
7.53763
7.53901
7.54039
7.54178
7.54317
7.54456
7.54595
7.54735
7.54874
7.55014
7.55154
7.55295
7.55435
7.55576
7.55716
7.55857
7.55999
7.5614
7.56282
7.56424
7.56566
7.56708
7.5685
7.56993
7.57136
7.57279
7.57422
7.57566
7.57709
7.57853
7.57997
7.58141
7.58286
7.58431
7.58575
7.5872
7.58866
7.59011
7.59157
7.59302
7.59448
7.59595
7.59741
7.59888
7.60034
7.60181
7.60329
7.60476
7.60623
7.60771
7.60919
7.61067
7.61215
7.61364
7.61512
7.61661
7.6181
7.61959
7.62109
7.62258
7.62408
7.62558
7.62708
7.62858
7.63009
7.63159
7.6331
7.63461
7.63612
7.63763
7.63915
7.64066
7.64218
7.6437
7.64522
7.64675
7.64827
7.6498
7.65133
7.65286
7.65439
7.65592
7.65746
7.65899
7.66053
7.66206
7.6636
7.66513
7.66666
7.66818
7.66971
7.67123
7.67276
7.67428
7.6758
7.67731
7.67883
7.68034
7.68185
7.68336
7.68487
7.68638
7.68789
7.6894
7.6909
7.69241
7.69392
7.69543
7.69694
7.69845
7.69996
7.70147
7.70299
7.7045
7.70602
7.70754
7.70905
7.71057
7.71209
7.71361
7.71513
7.71665
7.71817
7.71969
7.72121
7.72273
7.72424
7.72576
7.72728
7.72879
7.7303
7.73182
7.73333
7.73484
7.73635
7.73786
7.73936
7.74086
7.74236
7.74385
7.74535
7.74684
7.74832
7.74981
7.75129
7.75277
7.75424
7.75571
7.75718
7.75865
7.76012
7.76158
7.76304
7.7645
7.76595
7.7674
7.76886
7.7703
7.77175
7.77319
7.77463
7.77606
7.7775
7.77893
7.78035
7.78178
7.7832
7.78461
7.78603
7.78744
7.78885
7.79025
7.79165
7.79304
7.79443
7.79582
7.7972
7.79858
7.79996
7.80133
7.8027
7.80407
7.80543
7.80678
7.80814
7.80949
7.81084
7.81218
7.81352
7.81486
7.81619
7.81752
7.81885
7.82018
7.8215
7.82282
7.82413
7.82545
7.82676
7.82806
7.82937
7.83067
7.83197
7.83326
7.83456
7.83585
7.83713
7.83842
7.8397
7.84097
7.84225
7.84352
7.84478
7.84604
7.8473
7.84856
7.84981
7.85106
7.8523
7.85355
7.85478
7.85602
7.85725
7.85848
7.8597
7.86092
7.86214
7.86335
7.86456
7.86577
7.86698
7.86818
7.86938
7.87057
7.87176
7.87295
7.87414
7.87533
7.87651
7.87769
7.87886
7.88004
7.88121
7.88238
7.88354
7.88471
7.88587
7.88703
7.88818
7.88934
7.89049
7.89164
7.89278
7.89393
7.89507
7.89621
7.89735
7.89849
7.89963
7.90076
7.9019
7.90303
7.90416
7.90529
7.90642
7.90754
7.90867
7.9098
7.91092
7.91204
7.91317
7.91429
7.91541
7.91653
7.91765
7.91877
7.91989
7.92101
7.92213
7.92325
7.92437
7.92549
7.92661
7.92773
7.92885
7.92996
7.93108
7.9322
7.93332
7.93444
7.93556
7.93668
7.93781
7.93893
7.94005
7.94117
7.9423
7.94342
7.94455
7.94567
7.9468
7.94793
7.94905
7.95018
7.95131
7.95244
7.95357
7.9547
7.95584
7.95697
7.9581
7.95924
7.96037
7.96151
7.96264
7.96378
7.96492
7.96606
7.9672
7.96834
7.96948
7.97062
7.97177
7.97291
7.97406
7.9752
7.97635
7.9775
7.97864
7.97979
7.98094
7.98209
7.98324
7.9844
7.98555
7.9867
7.98786
7.98901
7.99017
7.99133
7.99248
7.99364
7.9948
7.99596
7.99712
7.99829
7.99945
8.00061
8.00178
8.00294
8.00411
8.00528
8.00645
8.00762
8.00879
8.00996
8.01113
8.0123
8.01348
8.01465
8.01583
8.01701
8.01818
8.01936
8.02054
8.02172
8.0229
8.02409
8.02527
8.02646
8.02764
8.02883
8.03001
8.0312
8.03239
8.03358
8.03477
8.03597
8.03716
8.03836
8.03955
8.04075
8.04195
8.04314
8.04434
8.04555
8.04675
8.04795
8.04915
8.05036
8.05157
8.05277
8.05398
8.05519
8.0564
8.05761
8.05883
8.06004
8.06126
8.06247
8.06369
8.06491
8.06613
8.06735
8.06857
8.06979
8.07101
8.07223
8.07346
8.07468
8.07591
8.07714
8.07837
8.0796
8.08083
8.08206
8.08329
8.08452
8.08575
8.08699
8.08822
8.08946
8.0907
8.09193
8.09317
8.09441
8.09565
8.09689
8.09813
8.09937
8.10061
8.10186
8.1031
8.10435
8.10559
8.10684
8.10808
8.10933
8.11057
8.11182
8.11307
8.11432
8.11557
8.11682
8.11807
8.11932
8.12057
8.12182
8.12307
8.12433
8.12558
8.12683
8.12809
8.12934
8.1306
8.13185
8.13311
8.13436
8.13562
8.13688
8.13813
8.13939
8.14065
8.14191
8.14317
8.14443
8.14568
8.14694
8.1482
8.14946
8.15073
8.15199
8.15325
8.15451
8.15577
8.15703
8.1583
8.15956
8.16082
8.16209
8.16335
8.16462
8.16588
8.16715
8.16842
8.16968
8.17095
8.17222
8.17349
8.17476
8.17602
8.17729
8.17856
8.17984
8.18111
8.18238
8.18365
8.18492
8.1862
8.18747
8.18875
8.19002
8.1913
8.19257
8.19385
8.19513
8.19641
8.19768
8.19896
8.20024
8.20152
8.2028
8.20408
8.20537
8.20665
8.20793
8.20921
8.2105
8.21178
8.21307
8.21435
8.21564
8.21693
8.21822
8.2195
8.22079
8.22208
8.22337
8.22466
8.22596
8.22725
8.22854
8.22983
8.23113
8.23242
8.23372
8.23502
8.23631
8.23761
8.23891
8.24021
8.24151
8.24281
8.24411
8.24541
8.24671
8.24801
8.24932
8.25062
8.25193
8.25323
8.25454
8.25584
8.25715
8.25846
8.25977
8.26108
8.26239
8.2637
8.26502
8.26633
8.26765
8.26896
8.27028
8.2716
8.27292
8.27424
8.27557
8.27689
8.27821
8.27954
8.28087
8.2822
8.28353
8.28486
8.28619
8.28753
8.28886
8.2902
8.29154
8.29288
8.29422
8.29556
8.2969
8.29825
8.29959
8.30094
8.30229
8.30365
8.305
8.30636
8.30771
8.30907
8.31043
8.3118
8.31316
8.31453
8.3159
8.31727
8.31864
8.32001
8.32139
8.32277
8.32415
8.32553
8.32691
8.3283
8.32969
8.33108
8.33247
8.33386
8.33526
8.33666
8.33806
8.33946
8.34086
8.34227
8.34368
8.34509
8.3465
8.34791
8.34933
8.35075
8.35217
8.35359
8.35501
8.35644
8.35786
8.35929
8.36072
8.36216
8.36359
8.36503
8.36647
8.36791
8.36935
8.3708
8.37224
8.37369
8.37514
8.37659
8.37805
8.3795
8.38096
8.38242
8.38388
8.38535
8.38681
8.38828
8.38975
8.39122
8.39269
8.39416
8.39564
8.39711
8.39859
8.40007
8.40156
8.40304
8.40453
8.40601
8.4075
8.409
8.41049
8.41198
8.41348
8.41498
8.41648
8.41798
8.41948
8.42098
8.42249
8.424
8.42551
8.42702
8.42853
8.43005
8.43156
8.43308
8.43459
8.4361
8.43761
8.43912
8.44063
8.44214
8.44364
8.44514
8.44665
8.44814
8.44964
8.45114
8.45263
8.45412
8.45562
8.45711
8.4586
8.46008
8.46157
8.46306
8.46455
8.46604
8.46753
8.46902
8.47051
8.472
8.4735
8.47499
8.47649
8.47799
8.47949
8.48098
8.48248
8.48399
8.48549
8.48699
8.48849
8.48999
8.49149
8.49299
8.4945
8.496
8.4975
8.49899
8.50049
8.50199
8.50349
8.50498
8.50648
8.50797
8.50945
8.51094
8.51242
8.5139
8.51538
8.51686
8.51833
8.5198
8.52126
8.52273
8.52419
8.52565
8.5271
8.52855
8.53
8.53145
8.5329
8.53434
8.53578
8.53722
8.53865
8.54009
8.54152
8.54295
8.54437
8.5458
8.54722
8.54864
8.55005
8.55146
8.55287
8.55428
8.55568
8.55708
8.55847
8.55986
8.56124
8.56262
8.564
8.56537
8.56674
8.56811
8.56947
8.57082
8.57218
8.57353
8.57487
8.57622
8.57756
8.57889
8.58022
8.58155
8.58288
8.5842
8.58552
8.58684
8.58816
8.58947
8.59078
8.59208
8.59338
8.59468
8.59598
8.59727
8.59857
8.59985
8.60114
8.60242
8.6037
8.60498
8.60626
8.60753
8.6088
8.61006
8.61132
8.61258
8.61384
8.61509
8.61634
8.61758
8.61883
8.62006
8.6213
8.62253
8.62376
8.62498
8.6262
8.62742
8.62863
8.62984
8.63105
8.63225
8.63345
8.63465
8.63584
8.63703
8.63822
8.63941
8.64059
8.64177
8.64294
8.64412
8.64529
8.64645
8.64762
8.64878
8.64994
8.6511
8.65225
8.6534
8.65455
8.6557
8.65684
8.65799
8.65913
8.66026
8.6614
8.66253
8.66367
8.6648
8.66593
8.66705
8.66818
8.6693
8.67043
8.67155
8.67267
8.67379
8.67491
8.67602
8.67714
8.67825
8.67937
8.68048
8.6816
8.68271
8.68382
8.68493
8.68604
8.68715
8.68827
8.68938
8.69049
8.6916
8.69271
8.69382
8.69493
8.69604
8.69715
8.69826
8.69937
8.70048
8.70159
8.7027
8.70382
8.70493
8.70604
8.70716
8.70827
8.70939
8.7105
8.71162
8.71274
8.71386
8.71498
8.7161
8.71722
8.71834
8.71946
8.72058
8.72171
8.72283
8.72396
8.72508
8.72621
8.72733
8.72846
8.72959
8.73072
8.73185
8.73298
8.73412
8.73525
8.73638
8.73752
8.73865
8.73979
8.74092
8.74206
8.7432
8.74434
8.74548
8.74662
8.74776
8.7489
8.75005
8.75119
8.75234
8.75348
8.75463
8.75578
8.75692
8.75807
8.75922
8.76037
8.76153
8.76268
8.76383
8.76499
8.76614
8.7673
8.76845
8.76961
8.77077
8.77193
8.77309
8.77425
8.77541
8.77658
8.77774
8.77891
8.78007
8.78124
8.7824
8.78357
8.78474
8.78591
8.78708
8.78826
8.78943
8.7906
8.79178
8.79295
8.79413
8.79531
8.79649
8.79767
8.79885
8.80003
8.80121
8.8024
8.80358
8.80477
8.80596
8.80714
8.80833
8.80952
8.81071
8.81191
8.8131
8.81429
8.81549
8.81669
8.81788
8.81908
8.82028
8.82148
8.82269
8.82389
8.82509
8.8263
8.82751
8.82871
8.82992
8.83113
8.83234
8.83355
8.83477
8.83598
8.83719
8.83841
8.83963
8.84085
8.84206
8.84328
8.84451
8.84573
8.84695
8.84817
8.8494
8.85062
8.85185
8.85308
8.85431
8.85553
8.85676
8.85799
8.85923
8.86046
8.86169
8.86293
8.86416
8.8654
8.86663
8.86787
8.86911
8.87035
8.87158
8.87282
8.87406
8.87531
8.87655
8.87779
8.87903
8.88028
8.88152
8.88277
8.88401
8.88526
8.88651
8.88775
8.889
8.89025
8.8915
8.89275
8.894
8.89525
8.8965
8.89775
8.899
8.90025
8.90151
8.90276
8.90401
8.90527
8.90652
8.90778
8.90903
8.91029
8.91155
8.9128
8.91406
8.91532
8.91658
8.91784
8.91909
8.92035
8.92161
8.92287
8.92413
8.92539
8.92666
8.92792
8.92918
8.93044
8.9317
8.93297
8.93423
8.9355
8.93676
8.93803
8.93929
8.94056
8.94182
8.94309
8.94436
8.94562
8.94689
8.94816
8.94943
8.9507
8.95197
8.95324
8.95451
8.95578
8.95705
8.95832
8.95959
8.96087
8.96214
8.96341
8.96469
8.96596
8.96724
8.96852
8.96979
8.97107
8.97235
8.97362
8.9749
8.97618
8.97746
8.97874
8.98002
8.98131
8.98259
8.98387
8.98515
8.98644
8.98772
8.98901
8.9903
8.99158
8.99287
8.99416
8.99545
8.99674
8.99803
8.99932
9.00061
9.0019
9.0032
9.00449
9.00579
9.00708
9.00838
9.00967
9.01097
9.01227
9.01357
9.01487
9.01617
9.01747
9.01877
9.02007
9.02137
9.02268
9.02398
9.02529
9.0266
9.02791
9.02921
9.03052
9.03184
9.03315
9.03446
9.03578
9.0371
9.03841
9.03973
9.04105
9.04237
9.0437
9.04502
9.04635
9.04767
9.049
9.05033
9.05166
9.053
9.05433
9.05567
9.05701
9.05835
9.05969
9.06103
9.06237
9.06372
9.06507
9.06641
9.06777
9.06912
9.07047
9.07183
9.07319
9.07454
9.07591
9.07727
9.07863
9.08
9.08137
9.08274
9.08411
9.08548
9.08686
9.08824
9.08961
9.091
9.09238
9.09376
9.09515
9.09654
9.09793
9.09932
9.10072
9.10211
9.10351
9.10491
9.10631
9.10771
9.10912
9.11053
9.11194
9.11335
9.11476
9.11618
9.11759
9.11901
9.12043
9.12185
9.12328
9.12471
9.12613
9.12756
9.129
9.13043
9.13186
9.1333
9.13474
9.13618
9.13763
9.13907
9.14052
9.14197
9.14342
9.14487
9.14632
9.14778
9.14924
9.1507
9.15216
9.15362
9.15509
9.15655
9.15802
9.15949
9.16096
9.16244
9.16391
9.16539
9.16687
9.16835
9.16983
9.17132
9.1728
9.17429
9.17578
9.17727
9.17876
9.18026
9.18176
9.18325
9.18475
9.18626
9.18776
9.18926
9.19077
9.19228
9.19379
9.19529
9.1968
9.1983
9.19981
9.20131
9.20281
9.20431
9.20581
9.20731
9.2088
9.2103
9.21179
9.21328
9.21477
9.21626
9.21775
9.21924
9.22072
9.22221
9.2237
9.22518
9.22667
9.22816
9.22965
9.23114
9.23263
9.23412
9.23562
9.23712
9.23861
9.24011
9.24161
9.24311
9.24461
9.24612
9.24762
9.24912
9.25062
9.25213
9.25363
9.25514
9.25664
9.25814
9.25964
9.26114
9.26265
9.26415
9.26565
9.26714
9.26864
9.27013
9.27162
9.27311
9.27459
9.27608
9.27756
9.27904
9.28051
9.28198
9.28345
9.28492
9.28638
9.28784
9.2893
9.29076
9.29222
9.29367
9.29512
9.29657
9.29801
9.29945
9.3009
9.30233
9.30377
9.3052
9.30663
9.30806
9.30949
9.31091
9.31233
9.31374
9.31515
9.31656
9.31797
9.31937
9.32077
9.32217
9.32357
9.32496
9.32634
9.32772
9.3291
9.33048
9.33185
9.33322
9.33458
9.33594
9.3373
9.33865
9.34
9.34135
9.34269
9.34403
9.34537
9.3467
9.34803
9.34936
9.35068
9.352
9.35332
9.35463
9.35594
9.35725
9.35855
9.35985
9.36115
9.36245
9.36374
9.36503
9.36632
9.3676
9.36888
9.37016
9.37144
9.37271
9.37398
9.37525
9.37651
9.37777
9.37902
9.38028
9.38153
9.38277
9.38402
9.38525
9.38649
9.38772
9.38895
9.39018
9.3914
9.39262
9.39383
9.39505
9.39626
9.39746
9.39867
9.39987
9.40106
9.40226
9.40345
9.40464
9.40583
9.40701
9.40819
9.40937
9.41054
9.41171
9.41288
9.41405
9.41521
9.41638
9.41754
9.41869
9.41985
9.421
9.42215
9.4233
9.42444
9.42559
9.42673
9.42787
9.42901
9.43015
9.43128
9.43241
9.43355
9.43468
9.43581
9.43694
9.43806
9.43919
9.44031
9.44144
9.44256
9.44369
9.44481
9.44593
9.44705
9.44817
9.44929
9.45041
9.45152
9.45264
9.45376
9.45488
9.45599
9.45711
9.45823
9.45935
9.46046
9.46158
9.4627
9.46381
9.46493
9.46605
9.46717
9.46829
9.46941
9.47053
9.47165
9.47277
9.47389
9.47501
9.47613
9.47726
9.47838
9.47951
9.48063
9.48176
9.48289
9.48401
9.48514
9.48627
9.4874
9.48853
9.48967
9.4908
9.49193
9.49307
9.4942
9.49534
9.49647
9.49761
9.49875
9.49989
9.50103
9.50217
9.50331
9.50445
9.5056
9.50674
9.50789
9.50903
9.51018
9.51132
9.51247
9.51362
9.51477
9.51592
9.51707
9.51823
9.51938
9.52053
9.52169
9.52285
9.524
9.52516
9.52632
9.52748
9.52864
9.5298
9.53096
9.53212
9.53329
9.53445
9.53562
9.53679
9.53795
9.53912
9.54029
9.54146
9.54263
9.54381
9.54498
9.54615
9.54733
9.5485
9.54968
9.55086
9.55204
9.55322
9.5544
9.55558
9.55676
9.55795
9.55913
9.56032
9.5615
9.56269
9.56388
9.56507
9.56626
9.56745
9.56864
9.56984
9.57103
9.57223
9.57342
9.57462
9.57582
9.57702
9.57822
9.57943
9.58063
9.58183
9.58304
9.58425
9.58545
9.58666
9.58787
9.58908
9.5903
9.59151
9.59272
9.59394
9.59515
9.59637
9.59759
9.59881
9.60003
9.60125
9.60247
9.6037
9.60492
9.60615
9.60737
9.6086
9.60983
9.61106
9.61229
9.61352
9.61475
9.61598
9.61722
9.61845
9.61969
9.62092
9.62216
9.6234
9.62464
9.62588
9.62712
9.62836
9.6296
9.63084
9.63209
9.63333
9.63457
9.63582
9.63707
9.63831
9.63956
9.64081
9.64206
9.64331
9.64456
9.64581
9.64706
9.64831
9.64956
9.65081
9.65207
9.65332
9.65457
9.65583
9.65708
9.65834
9.6596
9.66085
9.66211
9.66337
9.66463
9.66589
9.66715
9.66841
9.66967
9.67093
9.67219
9.67345
9.67471
9.67597
9.67724
9.6785
9.67976
9.68103
9.68229
9.68356
9.68482
9.68609
9.68735
9.68862
9.68989
9.69115
9.69242
9.69369
9.69496
9.69623
9.6975
9.69877
9.70004
9.70131
9.70259
9.70386
9.70513
9.70641
9.70768
9.70896
9.71023
9.71151
9.71279
9.71406
9.71534
9.71662
9.7179
9.71918
9.72046
9.72174
9.72302
9.7243
9.72559
9.72687
9.72815
9.72944
9.73072
9.73201
9.73329
9.73458
9.73587
9.73716
9.73844
9.73973
9.74102
9.74231
9.7436
9.7449
9.74619
9.74748
9.74878
9.75007
9.75137
9.75266
9.75396
9.75525
9.75655
9.75785
9.75915
9.76045
9.76175
9.76305
9.76435
9.76566
9.76696
9.76826
9.76957
9.77087
9.77218
9.77349
9.7748
9.7761
9.77741
9.77873
9.78004
9.78135
9.78266
9.78398
9.78529
9.78661
9.78792
9.78923
9.79055
9.79186
9.79316
9.79447
9.79578
9.79708
9.79838
9.79968
9.80099
9.80229
9.80359
9.80489
9.80619
9.80749
9.80879
9.8101
9.8114
9.8127
9.81401
9.81532
9.81663
9.81794
9.81925
9.82057
9.82189
9.82321
9.82454
9.82586
9.82719
9.82852
9.82986
9.83119
9.83253
9.83386
9.8352
9.83654
9.83788
9.83923
9.84057
9.84192
9.84326
9.84461
9.84596
9.8473
9.84865
9.85
9.85135
9.8527
9.85405
9.8554
9.85675
9.8581
9.85945
9.8608
9.86215
9.8635
9.86485
9.8662
9.86755
9.8689
9.87025
9.8716
9.87295
9.8743
9.87564
9.87699
9.87834
9.87969
9.88104
9.88238
9.88373
9.88508
9.88642
9.88777
9.88911
9.89045
9.8918
9.89314
9.89448
9.89582
9.89716
9.89849
9.89983
9.90116
9.9025
9.90383
9.90516
9.90649
9.90782
9.90915
9.91048
9.9118
9.91313
9.91445
9.91577
9.91709
9.91841
9.91972
9.92104
9.92235
9.92366
9.92497
9.92627
9.92757
9.92887
9.93017
9.93147
9.93276
9.93405
9.93534
9.93662
9.9379
9.93918
9.94045
9.94172
9.94299
9.94425
9.94551
9.94677
9.94802
9.94927
9.95052
9.95176
9.953
9.95423
9.95546
9.95669
9.95791
9.95913
9.96034
9.96155
9.96275
9.96395
9.96515
9.96635
9.96754
9.96872
9.96991
9.97109
9.97226
9.97344
9.9746
9.97577
9.97693
9.97809
9.97925
9.9804
9.98155
9.9827
9.98384
9.98498
9.98611
9.98725
9.98838
9.9895
9.99063
9.99175
9.99287
9.99398
9.99509
9.9962
9.99731
9.99841
9.99951
10.0006
10.0017
10.0028
10.0039
10.005
10.006
10.0071
10.0082
10.0092
10.0103
10.0114
10.0124
10.0135
10.0145
10.0156
10.0166
10.0177
10.0187
10.0198
10.0208
10.0218
10.0228
10.0239
10.0249
10.0259
10.0269
10.0279
10.0289
10.03
10.031
10.032
10.033
10.034
10.0349
10.0359
10.0369
10.0379
10.0389
10.0399
10.0408
10.0418
10.0428
10.0438
10.0447
10.0457
10.0467
10.0476
10.0486
10.0495
10.0505
10.0515
10.0524
10.0534
10.0543
10.0553
10.0562
10.0572
10.0581
10.059
10.06
10.0609
10.0619
10.0628
10.0638
10.0647
10.0656
10.0666
10.0675
10.0685
10.0694
10.0703
10.0713
10.0722
10.0732
10.0741
10.075
10.076
10.0769
10.0779
10.0788
10.0797
10.0807
10.0816
10.0826
10.0835
10.0845
10.0854
10.0863
10.0873
10.0882
10.0892
10.0901
10.0911
10.092
10.093
10.0939
10.0949
10.0958
10.0968
10.0977
10.0987
10.0996
10.1006
10.1015
10.1025
10.1034
10.1044
10.1054
10.1063
10.1073
10.1082
10.1092
10.1101
10.1111
10.1121
10.113
10.114
10.1149
10.1159
10.1169
10.1178
10.1188
10.1198
10.1207
10.1217
10.1227
10.1236
10.1246
10.1256
10.1265
10.1275
10.1285
10.1294
10.1304
10.1314
10.1323
10.1333
10.1343
10.1352
10.1362
10.1372
10.1382
10.1391
10.1401
10.1411
10.142
10.143
10.144
10.145
10.1459
10.1469
10.1479
10.1489
10.1498
10.1508
10.1518
10.1528
10.1538
10.1547
10.1557
10.1567
10.1577
10.1586
10.1596
10.1606
10.1616
10.1626
10.1635
10.1645
10.1655
10.1665
10.1674
10.1684
10.1694
10.1704
10.1714
10.1723
10.1733
10.1743
10.1753
10.1762
10.1772
10.1782
10.1792
10.1801
10.1811
10.1821
10.1831
10.184
10.185
10.186
10.187
10.188
10.1889
10.1899
10.1909
10.1918
10.1928
10.1938
10.1948
10.1957
10.1967
10.1977
10.1987
10.1996
10.2006
10.2016
10.2025
10.2035
10.2045
10.2054
10.2064
10.2074
10.2083
10.2093
10.2103
10.2113
10.2122
10.2132
10.2142
10.2151
10.2161
10.217
10.218
10.219
10.2199
10.2209
10.2219
10.2228
10.2238
10.2248
10.2257
10.2267
10.2276
10.2286
10.2296
10.2305
10.2315
10.2324
10.2334
10.2344
10.2353
10.2363
10.2372
10.2382
10.2391
10.2401
10.2411
10.242
10.243
10.2439
10.2449
10.2458
10.2468
10.2477
10.2487
10.2496
10.2506
10.2515
10.2525
10.2534
10.2544
10.2553
10.2563
10.2572
10.2582
10.2591
10.2601
10.261
10.262
10.2629
10.2639
10.2648
10.2658
10.2667
10.2676
10.2686
10.2695
10.2704
10.2714
10.2723
10.2732
10.2741
10.2751
10.276
10.2769
10.2778
10.2788
10.2797
10.2806
10.2816
10.2825
10.2834
10.2844
10.2853
10.2862
10.2872
10.2881
10.2891
10.29
10.291
10.2919
10.2929
10.2938
10.2948
10.2958
10.2967
10.2977
10.2986
10.2996
10.3006
10.3015
10.3025
10.3035
10.3044
10.3054
10.3064
10.3073
10.3083
10.3093
10.3102
10.3112
10.3122
10.3132
10.3141
10.3151
10.3161
10.3171
10.318
10.319
10.32
10.321
10.3219
10.3229
10.3239
10.3249
10.3259
10.3268
10.3278
10.3288
10.3298
10.3308
10.3317
10.3327
10.3337
10.3347
10.3357
10.3366
10.3376
10.3386
10.3396
10.3406
10.3415
10.3425
10.3435
10.3445
10.3454
10.3464
10.3474
10.3484
10.3493
10.3503
10.3513
10.3522
10.3532
10.3542
10.3551
10.3561
10.3571
10.358
10.359
10.3599
10.3609
10.3619
10.3628
10.3638
10.3647
10.3657
10.3666
10.3676
10.3685
10.3694
10.3704
10.3713
10.3723
10.3732
10.3741
10.375
10.376
10.3769
10.3778
10.3787
10.3797
10.3806
10.3815
10.3824
10.3833
10.3842
10.3851
10.3859
10.3868
10.3877
10.3886
10.3895
10.3903
10.3912
10.3921
10.3929
10.3938
10.3947
10.3955
10.3964
10.3972
10.3981
10.3989
10.3998
10.4006
10.4015
10.4023
10.4032
10.404
10.4049
10.4057
10.4066
10.4074
10.4082
10.4091
10.4099
10.4107
10.4115
10.4124
10.4132
10.414
10.4148
10.4157
10.4165
10.4173
10.4181
10.4189
10.4198
10.4206
10.4214
10.4222
10.423
10.4238
10.4246
10.4254
10.4262
10.427
10.4278
10.4286
10.4295
10.4303
10.4311
10.4319
10.4327
10.4335
10.4343
10.4351
10.4359
10.4367
10.4376
10.4384
10.4392
10.44
10.4409
10.4417
10.4425
10.4433
10.4441
10.445
10.4458
10.4466
10.4475
10.4483
10.4491
10.4499
10.4508
10.4516
10.4524
10.4532
10.4541
10.4549
10.4557
10.4565
10.4574
10.4582
10.459
10.4598
10.4606
10.4614
10.4623
10.4631
10.4639
10.4647
10.4655
10.4663
10.4671
10.4679
10.4687
10.4695
10.4703
10.4711
10.4719
10.4727
10.4735
10.4742
10.475
10.4758
10.4766
10.4774
10.4781
10.4789
10.4797
10.4805
10.4812
10.482
10.4828
10.4835
10.4843
10.4851
10.4858
10.4866
10.4873
10.4881
10.4888
10.4896
10.4904
10.4911
10.4919
10.4926
10.4934
10.4941
10.4949
10.4956
10.4964
10.4971
10.4979
10.4986
10.4994
10.5001
10.5009
10.5016
10.5024
10.5031
10.5039
10.5046
10.5054
10.5061
10.5068
10.5076
10.5083
10.5091
10.5098
10.5106
10.5113
10.5121
10.5128
10.5136
10.5143
10.5151
10.5158
10.5166
10.5173
10.5181
10.5188
10.5196
10.5203
10.5211
10.5218
10.5226
10.5233
10.5241
10.5248
10.5256
10.5264
10.5271
10.5279
10.5286
10.5294
10.5302
10.5309
10.5317
10.5325
10.5332
10.534
10.5348
10.5356
10.5363
10.5371
10.5379
10.5387
10.5394
10.5402
10.541
10.5418
10.5426
10.5434
10.5441
10.5449
10.5457
10.5465
10.5473
10.5481
10.5489
10.5497
10.5505
10.5513
10.5521
10.5529
10.5537
10.5545
10.5553
10.5561
10.5569
10.5577
10.5585
10.5593
10.5601
10.5609
10.5617
10.5625
10.5634
10.5642
10.565
10.5658
10.5666
10.5674
10.5682
10.5691
10.5699
10.5707
10.5715
10.5723
10.5732
10.574
10.5748
10.5756
10.5764
10.5773
10.5781
10.5789
10.5797
10.5805
10.5814
10.5822
10.583
10.5838
10.5847
10.5855
10.5863
10.5871
10.588
10.5888
10.5896
10.5904
10.5913
10.5921
10.5929
10.5937
10.5946
10.5954
10.5962
10.597
10.5979
10.5987
10.5995
10.6004
10.6012
10.602
10.6028
10.6037
10.6045
10.6053
10.6062
10.607
10.6078
10.6087
10.6095
10.6103
10.6112
10.612
10.6128
10.6136
10.6145
10.6153
10.6162
10.617
10.6178
10.6187
10.6195
10.6203
10.6212
10.622
10.6228
10.6237
10.6245
10.6253
10.6262
10.627
10.6278
10.6287
10.6295
10.6303
10.6311
10.6319
10.6328
10.6336
10.6344
10.6353
10.6361
10.6369
10.6378
10.6386
10.6395
10.6403
10.6412
10.642
10.6429
10.6438
10.6446
10.6455
10.6464
10.6472
10.6481
10.649
10.6498
10.6507
10.6516
10.6525
10.6534
10.6543
10.6551
10.656
10.6569
10.6578
10.6587
10.6596
10.6605
10.6614
10.6623
10.6632
10.6641
10.665
10.6659
10.6669
10.6678
10.6687
10.6696
10.6705
10.6714
10.6723
10.6732
10.6742
10.6751
10.676
10.6769
10.6778
10.6787
10.6797
10.6806
10.6815
10.6824
10.6833
10.6843
10.6852
10.6861
10.687
10.6879
10.6888
10.6898
10.6907
10.6916
10.6925
10.6934
10.6943
10.6952
10.6961
10.697
10.698
10.6989
10.6998
10.7007
10.7016
10.7025
10.7034
10.7042
10.7051
10.706
10.7069
10.7078
10.7087
10.7096
10.7104
10.7113
10.7122
10.7131
10.7139
10.7148
10.7157
10.7165
10.7174
10.7182
10.7191
10.7199
10.7208
10.7216
10.7225
10.7233
10.7241
10.725
10.7258
10.7266
10.7275
10.7283
10.7291
10.7299
10.7307
10.7315
10.7324
10.7332
10.734
10.7348
10.7356
10.7364
10.7372
10.738
10.7388
10.7395
10.7403
10.7411
10.7419
10.7427
10.7435
10.7442
10.745
10.7458
10.7466
10.7473
10.7481
10.7489
10.7496
10.7504
10.7511
10.7519
10.7526
10.7534
10.7542
10.7549
10.7556
10.7564
10.7571
10.7579
10.7586
10.7593
10.7601
10.7608
10.7615
10.7622
10.7629
10.7636
10.7644
10.7651
10.7658
10.7665
10.7672
10.7679
10.7686
10.7692
10.7699
10.7706
10.7713
10.772
10.7727
10.7734
10.7741
10.7748
10.7755
10.7761
10.7768
10.7775
10.7782
10.7789
10.7796
10.7802
10.7809
10.7816
10.7823
10.783
10.7836
10.7843
10.785
10.7857
10.7864
10.787
10.7877
10.7884
10.7891
10.7898
10.7905
10.7911
10.7918
10.7925
10.7932
10.7939
10.7946
10.7952
10.7959
10.7966
10.7973
10.798
10.7987
10.7994
10.8
10.8007
10.8014
10.8021
10.8028
10.8035
10.8042
10.8049
10.8056
10.8062
10.8069
10.8076
10.8083
10.809
10.8097
10.8104
10.8111
10.8118
10.8125
10.8132
10.8139
10.8147
10.8154
10.8161
10.8168
10.8175
10.8182
10.8189
10.8196
10.8203
10.821
10.8217
10.8225
10.8232
10.8239
10.8246
10.8253
10.826
10.8267
10.8274
10.8281
10.8288
10.8295
10.8302
10.8309
10.8316
10.8323
10.833
10.8336
10.8343
10.835
10.8357
10.8364
10.8371
10.8378
10.8385
10.8392
10.8399
10.8406
10.8412
10.8419
10.8426
10.8433
10.844
10.8447
10.8454
10.8461
10.8468
10.8475
10.8482
10.8489
10.8496
10.8503
10.851
10.8517
10.8524
10.8531
10.8538
10.8545
10.8552
10.8559
10.8566
10.8573
10.8581
10.8588
10.8595
10.8602
10.8609
10.8616
10.8624
10.8631
10.8638
10.8645
10.8653
10.866
10.8667
10.8674
10.8682
10.8689
10.8696
10.8704
10.8711
10.8718
10.8726
10.8733
10.8741
10.8748
10.8756
10.8763
10.8771
10.8778
10.8785
10.8793
10.8801
10.8808
10.8816
10.8823
10.8831
10.8838
10.8846
10.8854
10.8861
10.8869
10.8877
10.8884
10.8892
10.89
10.8907
10.8915
10.8923
10.8931
10.8938
10.8946
10.8954
10.8962
10.897
10.8977
10.8985
10.8993
10.9001
10.9009
10.9017
10.9025
10.9033
10.9041
10.9048
10.9056
10.9064
10.9072
10.908
10.9088
10.9096
10.9104
10.9112
10.912
10.9128
10.9136
10.9145
10.9153
10.9161
10.9169
10.9177
10.9185
10.9193
10.9201
10.9209
10.9217
10.9226
10.9234
10.9242
10.925
10.9258
10.9266
10.9274
10.9283
10.9291
10.9299
10.9307
10.9315
10.9324
10.9332
10.934
10.9348
10.9356
10.9365
10.9373
10.9381
10.9389
10.9398
10.9406
10.9414
10.9422
10.9431
10.9439
10.9447
10.9455
10.9464
10.9472
10.948
10.9489
10.9497
10.9505
10.9513
10.9522
10.953
10.9538
10.9547
10.9555
10.9563
10.9572
10.958
10.9588
10.9597
10.9605
10.9614
10.9622
10.963
10.9639
10.9647
10.9655
10.9663
10.9671
10.968
10.9688
10.9696
10.9704
10.9712
10.972
10.9729
10.9737
10.9745
10.9753
10.9762
10.977
10.9779
10.9787
10.9795
10.9804
10.9812
10.9821
10.9829
10.9838
10.9847
10.9855
10.9864
10.9872
10.9881
10.989
10.9898
10.9907
10.9916
10.9925
10.9933
10.9942
10.9951
10.996
10.9968
10.9977
10.9986
10.9995
11.0004
11.0013
11.0021
11.003
11.0039
11.0048
11.0057
11.0066
11.0075
11.0083
11.0092
11.0101
11.011
11.0119
11.0128
11.0137
11.0146
11.0155
11.0164
11.0172
11.0181
11.019
11.0199
11.0208
11.0217
11.0226
11.0235
11.0244
11.0252
11.0261
11.027
11.0279
11.0288
11.0296
11.0305
11.0314
11.0323
11.0332
11.034
11.0349
11.0358
11.0366
11.0375
11.0384
11.0392
11.0401
11.0409
11.0418
11.0426
11.0435
11.0443
11.0452
11.046
11.0468
11.0477
11.0485
11.0493
11.0502
11.051
11.0518
11.0526
11.0535
11.0543
11.0551
11.0559
11.0567
11.0575
11.0583
11.0591
11.0599
11.0607
11.0615
11.0623
11.0631
11.0639
11.0646
11.0654
11.0662
11.067
11.0677
11.0685
11.0693
11.07
11.0708
11.0716
11.0723
11.0731
11.0738
11.0746
11.0753
11.0761
11.0768
11.0776
11.0783
11.079
11.0798
11.0805
11.0812
11.082
11.0827
11.0834
11.0842
11.0849
11.0856
11.0863
11.0871
11.0878
11.0885
11.0892
11.0899
11.0906
11.0914
11.0921
11.0928
11.0935
11.0942
11.0949
11.0956
11.0963
11.097
11.0977
11.0985
11.0992
11.0999
11.1006
11.1013
11.102
11.1027
11.1034
11.1041
11.1048
11.1055
11.1062
11.1069
11.1076
11.1083
11.109
11.1097
11.1104
11.1111
11.1118
11.1125
11.1132
11.1139
11.1146
11.1153
11.116
11.1167
11.1174
11.1181
11.1188
11.1195
11.1202
11.1208
11.1215
11.1222
11.1229
11.1236
11.1243
11.1249
11.1256
11.1263
11.127
11.1277
11.1283
11.129
11.1297
11.1304
11.1311
11.1318
11.1324
11.1331
11.1338
11.1345
11.1352
11.1359
11.1365
11.1372
11.1379
11.1386
11.1393
11.14
11.1406
11.1413
11.142
11.1427
11.1434
11.1441
11.1448
11.1455
11.1462
11.1468
11.1475
11.1482
11.1489
11.1496
11.1503
11.151
11.1517
11.1524
11.1531
11.1537
11.1544
11.1551
11.1558
11.1565
11.1572
11.1579
11.1586
11.1593
11.16
11.1607
11.1614
11.162
11.1627
11.1634
11.1641
11.1648
11.1655
11.1662
11.1669
11.1676
11.1683
11.169
11.1697
11.1704
11.1711
11.1718
11.1725
11.1732
11.1739
11.1746
11.1753
11.176
11.1767
11.1774
11.1781
11.1788
11.1795
11.1802
11.1809
11.1816
11.1824
11.1831
11.1838
11.1845
11.1852
11.1859
11.1866
11.1874
11.1881
11.1888
11.1895
11.1902
11.191
11.1917
11.1924
11.1931
11.1938
11.1946
11.1953
11.196
11.1968
11.1975
11.1982
11.199
11.1997
11.2004
11.2012
11.2019
11.2026
11.2034
11.2041
11.2049
11.2056
11.2064
11.2071
11.2079
11.2086
11.2094
11.2101
11.2109
11.2116
11.2124
11.2131
11.2139
11.2146
11.2154
11.2162
11.2169
11.2177
11.2185
11.2192
11.22
11.2208
11.2215
11.2223
11.2231
11.2239
11.2247
11.2254
11.2262
11.227
11.2278
11.2286
11.2294
11.2301
11.2309
11.2317
11.2325
11.2333
11.2341
11.2349
11.2357
11.2365
11.2373
11.2381
11.2389
11.2397
11.2405
11.2413
11.2421
11.2429
11.2437
11.2446
11.2454
11.2462
11.247
11.2478
11.2486
11.2494
11.2503
11.2511
11.2519
11.2527
11.2535
11.2544
11.2552
11.256
11.2568
11.2577
11.2585
11.2593
11.2601
11.261
11.2618
11.2626
11.2635
11.2643
11.2651
11.266
11.2668
11.2676
11.2685
11.2693
11.2701
11.271
11.2718
11.2726
11.2735
11.2743
11.2751
11.276
11.2768
11.2777
11.2785
11.2793
11.2802
11.281
11.2819
11.2827
11.2836
11.2844
11.2853
11.2861
11.2869
11.2878
11.2886
11.2895
11.2903
11.2912
11.292
11.2928
11.2937
11.2945
11.2953
11.2961
11.297
11.2978
11.2986
11.2994
11.3003
11.3011
11.3019
11.3028
11.3036
11.3044
11.3053
11.3061
11.307
11.3078
11.3087
11.3095
11.3104
11.3113
11.3121
11.313
11.3139
11.3147
11.3156
11.3165
11.3174
11.3182
11.3191
11.32
11.3209
11.3218
11.3227
11.3235
11.3244
11.3253
11.3262
11.3271
11.328
11.3289
11.3298
11.3307
11.3316
11.3325
11.3334
11.3343
11.3352
11.3361
11.337
11.3379
11.3388
11.3397
11.3406
11.3415
11.3424
11.3433
11.3442
11.3451
11.346
11.3469
11.3478
11.3487
11.3496
11.3505
11.3514
11.3523
11.3532
11.3541
11.355
11.3558
11.3567
11.3576
11.3585
11.3594
11.3603
11.3612
11.3621
11.363
11.3639
11.3647
11.3656
11.3665
11.3674
11.3682
11.3691
11.37
11.3709
11.3717
11.3726
11.3735
11.3743
11.3752
11.3761
11.3769
11.3778
11.3786
11.3795
11.3803
11.3812
11.382
11.3829
11.3837
11.3845
11.3854
11.3862
11.3871
11.3879
11.3887
11.3895
11.3904
11.3912
11.392
11.3928
11.3937
11.3945
11.3953
11.3961
11.3969
11.3977
11.3985
11.3993
11.4002
11.401
11.4018
11.4026
11.4034
11.4042
11.4049
11.4057
11.4065
11.4073
11.4081
11.4089
11.4097
11.4105
11.4112
11.412
11.4128
11.4136
11.4143
11.4151
11.4159
11.4167
11.4174
11.4182
11.419
11.4197
11.4205
11.4212
11.422
11.4228
11.4235
11.4243
11.425
11.4258
11.4265
11.4273
11.428
11.4288
11.4295
11.4303
11.431
11.4318
11.4325
11.4332
11.434
11.4347
11.4355
11.4362
11.4369
11.4377
11.4384
11.4391
11.4399
11.4406
11.4413
11.4421
11.4428
11.4435
11.4442
11.4449
11.4456
11.4464
11.4471
11.4478
11.4485
11.4492
11.4499
11.4506
11.4513
11.452
11.4527
11.4534
11.4541
11.4548
11.4555
11.4562
11.4569
11.4576
11.4583
11.459
11.4597
11.4604
11.4611
11.4618
11.4625
11.4632
11.4639
11.4646
11.4653
11.466
11.4667
11.4674
11.4681
11.4688
11.4695
11.4702
11.4709
11.4716
11.4723
11.473
11.4737
11.4744
11.4751
11.4758
11.4765
11.4772
11.4779
11.4786
11.4793
11.48
11.4807
11.4814
11.4822
11.4829
11.4836
11.4843
11.485
11.4857
11.4864
11.4871
11.4878
11.4885
11.4893
11.49
11.4907
11.4914
11.4921
11.4928
11.4935
11.4942
11.4949
11.4956
11.4963
11.4971
11.4978
11.4985
11.4992
11.4999
11.5006
11.5013
11.502
11.5027
11.5034
11.5041
11.5048
11.5055
11.5062
11.507
11.5077
11.5084
11.5091
11.5098
11.5105
11.5112
11.5119
11.5127
11.5134
11.5141
11.5148
11.5155
11.5163
11.517
11.5177
11.5184
11.5191
11.5199
11.5206
11.5213
11.5221
11.5228
11.5235
11.5242
11.525
11.5257
11.5264
11.5272
11.5279
11.5286
11.5294
11.5301
11.5309
11.5316
11.5323
11.5331
11.5338
11.5346
11.5353
11.5361
11.5368
11.5376
11.5383
11.5391
11.5398
11.5406
11.5413
11.5421
11.5429
11.5436
11.5444
11.5452
11.5459
11.5467
11.5475
11.5482
11.549
11.5498
11.5506
11.5513
11.5521
11.5529
11.5537
11.5545
11.5553
11.5561
11.5568
11.5576
11.5584
11.5592
11.56
11.5608
11.5616
11.5624
11.5632
11.564
11.5649
11.5657
11.5665
11.5673
11.5681
11.5689
11.5697
11.5706
11.5714
11.5722
11.573
11.5738
11.5747
11.5755
11.5763
11.5772
11.578
11.5788
11.5797
11.5805
11.5814
11.5822
11.583
11.5839
11.5847
11.5856
11.5864
11.5873
11.5881
11.589
11.5898
11.5907
11.5916
11.5924
11.5933
11.5941
11.595
11.5959
11.5967
11.5976
11.5985
11.5993
11.6002
11.6011
11.6019
11.6028
11.6037
11.6046
11.6054
11.6063
11.6072
11.6081
11.6089
11.6098
11.6107
11.6116
11.6125
11.6133
11.6142
11.6151
11.616
11.6169
11.6178
11.6187
11.6195
11.6204
11.6213
11.6222
11.6231
11.624
11.6249
11.6258
11.6267
11.6276
11.6285
11.6294
11.6303
11.6312
11.6321
11.633
11.6338
11.6347
11.6356
11.6365
11.6374
11.6382
11.6391
11.64
11.6409
11.6418
11.6426
11.6435
11.6444
11.6453
11.6462
11.6471
11.648
11.6489
11.6498
11.6507
11.6516
11.6525
11.6534
11.6543
11.6553
11.6562
11.6571
11.658
11.6589
11.6599
11.6608
11.6617
11.6627
11.6636
11.6645
11.6654
11.6664
11.6673
11.6682
11.6692
11.6701
11.6711
11.672
11.6729
11.6739
11.6748
11.6758
11.6767
11.6777
11.6786
11.6796
11.6805
11.6815
11.6824
11.6833
11.6843
11.6852
11.6862
11.6871
11.6881
11.689
11.69
11.6909
11.6919
11.6928
11.6938
11.6947
11.6957
11.6966
11.6976
11.6985
11.6995
11.7004
11.7013
11.7023
11.7032
11.7042
11.7051
11.706
11.707
11.7079
11.7088
11.7097
11.7107
11.7116
11.7125
11.7134
11.7144
11.7153
11.7162
11.7171
11.718
11.7189
11.7198
11.7208
11.7217
11.7226
11.7235
11.7244
11.7253
11.7261
11.727
11.7279
11.7288
11.7297
11.7306
11.7315
11.7323
11.7332
11.7341
11.735
11.7358
11.7367
11.7376
11.7384
11.7393
11.7401
11.741
11.7418
11.7427
11.7435
11.7444
11.7452
11.7461
11.7469
11.7478
11.7486
11.7494
11.7503
11.7511
11.7519
11.7527
11.7536
11.7544
11.7552
11.756
11.7568
11.7577
11.7585
11.7593
11.7601
11.7609
11.7617
11.7625
11.7633
11.7641
11.7649
11.7657
11.7665
11.7673
11.7681
11.7689
11.7697
11.7705
11.7713
11.7721
11.7729
11.7737
11.7745
11.7753
11.7761
11.7769
11.7777
11.7784
11.7792
11.78
11.7808
11.7816
11.7824
11.7832
11.784
11.7848
11.7855
11.7863
11.7871
11.7879
11.7887
11.7895
11.7903
11.7911
11.7918
11.7926
11.7934
11.7942
11.795
11.7958
11.7966
11.7974
11.7981
11.7989
11.7997
11.8005
11.8013
11.8021
11.8029
11.8037
11.8045
11.8052
11.806
11.8068
11.8076
11.8084
11.8092
11.81
11.8108
11.8116
11.8124
11.8132
11.8139
11.8147
11.8155
11.8163
11.8171
11.8179
11.8187
11.8195
11.8203
11.8211
11.8219
11.8227
11.8235
11.8243
11.8251
11.8259
11.8267
11.8275
11.8283
11.8291
11.8299
11.8307
11.8315
11.8323
11.8331
11.8339
11.8347
11.8354
11.8362
11.837
11.8378
11.8386
11.8394
11.8401
11.8409
11.8417
11.8425
11.8432
11.844
11.8448
11.8456
11.8463
11.8471
11.8479
11.8487
11.8494
11.8502
11.851
11.8518
11.8525
11.8533
11.8541
11.8549
11.8556
11.8564
11.8572
11.858
11.8587
11.8595
11.8603
11.8611
11.8619
11.8626
11.8634
11.8642
11.865
11.8658
11.8666
11.8673
11.8681
11.8689
11.8697
11.8705
11.8713
11.8721
11.8729
11.8736
11.8744
11.8752
11.876
11.8768
11.8776
11.8784
11.8792
11.88
11.8808
11.8816
11.8824
11.8833
11.8841
11.8849
11.8857
11.8865
11.8873
11.8881
11.8889
11.8898
11.8906
11.8914
11.8922
11.8931
11.8939
11.8947
11.8956
11.8964
11.8972
11.8981
11.8989
11.8997
11.9006
11.9014
11.9023
11.9031
11.9039
11.9048
11.9056
11.9065
11.9074
11.9082
11.9091
11.9099
11.9108
11.9116
11.9125
11.9134
11.9142
11.9151
11.916
11.9169
11.9177
11.9186
11.9195
11.9204
11.9212
11.9221
11.923
11.9239
11.9248
11.9257
11.9266
11.9275
11.9284
11.9293
11.9302
11.9311
11.932
11.9329
11.9338
11.9347
11.9356
11.9365
11.9374
11.9384
11.9393
11.9402
11.9411
11.942
11.943
11.9439
11.9448
11.9457
11.9467
11.9476
11.9485
11.9495
11.9504
11.9513
11.9523
11.9532
11.9542
11.9551
11.956
11.957
11.9579
11.9589
11.9598
11.9608
11.9617
11.9627
11.9636
11.9646
11.9655
11.9665
11.9674
11.9684
11.9694
11.9703
11.9713
11.9722
11.9732
11.9742
11.9751
11.9761
11.977
11.978
11.979
11.9799
11.9809
11.9819
11.9829
11.9838
11.9848
11.9858
11.9867
11.9877
11.9887
11.9897
11.9907
11.9916
11.9926
11.9936
11.9945
11.9955
11.9965
11.9974
11.9984
11.9994
12.0003
12.0013
12.0023
12.0033
12.0042
12.0052
12.0062
12.0072
12.0082
12.0092
12.0102
12.0112
12.0122
12.0132
12.0142
12.0152
12.0162
12.0172
12.0182
12.0193
12.0203
12.0213
12.0223
12.0233
12.0244
12.0254
12.0264
12.0274
12.0285
12.0295
12.0305
12.0316
12.0326
12.0336
12.0347
12.0357
12.0368
12.0378
12.0388
12.0399
12.0409
12.042
12.043
12.0441
12.0451
12.0462
12.0472
12.0483
12.0493
12.0504
12.0514
12.0525
12.0535
12.0545
12.0556
12.0566
12.0577
12.0587
12.0598
12.0608
12.0619
12.0629
12.064
12.065
12.066
12.0671
12.0681
12.0692
12.0702
12.0712
12.0723
12.0733
12.0743
12.0754
12.0764
12.0774
12.0785
12.0795
12.0805
12.0815
12.0826
12.0836
12.0846
12.0856
12.0867
12.0877
12.0887
12.0897
12.0907
12.0917
12.0927
12.0937
12.0947
12.0958
12.0968
12.0978
12.0988
12.0998
12.1007
12.1017
12.1027
12.1037
12.1047
12.1057
12.1067
12.1077
12.1087
12.1096
12.1106
12.1116
12.1126
12.1135
12.1145
12.1155
12.1165
12.1174
12.1184
12.1194
12.1203
12.1213
12.1222
12.1232
12.1241
12.1251
12.1261
12.127
12.128
12.1289
12.1299
12.1308
12.1318
12.1327
12.1336
12.1346
12.1355
12.1365
12.1374
12.1383
12.1393
12.1402
12.1411
12.1421
12.143
12.1439
12.1449
12.1458
12.1467
12.1477
12.1486
12.1495
12.1504
12.1514
12.1523
12.1532
12.1541
12.1551
12.156
12.1569
12.1578
12.1587
12.1597
12.1606
12.1615
12.1624
12.1634
12.1643
12.1652
12.1661
12.167
12.168
12.1689
12.1698
12.1707
12.1716
12.1726
12.1735
12.1744
12.1753
12.1762
12.1772
12.1781
12.179
12.1799
12.1808
12.1818
12.1827
12.1836
12.1845
12.1854
12.1864
12.1873
12.1882
12.1891
12.19
12.191
12.1919
12.1928
12.1937
12.1947
12.1956
12.1965
12.1974
12.1983
12.1993
12.2002
12.2011
12.202
12.203
12.2039
12.2048
12.2057
12.2067
12.2076
12.2085
12.2094
12.2104
12.2113
12.2122
12.2131
12.2141
12.215
12.2159
12.2169
12.2178
12.2187
12.2196
12.2206
12.2215
12.2224
12.2234
12.2243
12.2252
12.2261
12.2271
12.228
12.2289
12.2298
12.2307
12.2317
12.2326
12.2335
12.2344
12.2353
12.2362
12.2371
12.238
12.2389
12.2398
12.2407
12.2416
12.2425
12.2434
12.2442
12.2451
12.246
12.2469
12.2478
12.2487
12.2496
12.2505
12.2514
12.2523
12.2532
12.2541
12.255
12.2559
12.2568
12.2577
12.2586
12.2595
12.2604
12.2613
12.2622
12.2631
12.264
12.2649
12.2658
12.2667
12.2676
12.2685
12.2694
12.2703
12.2712
12.2721
12.273
12.2739
12.2748
12.2758
12.2767
12.2776
12.2785
12.2794
12.2803
12.2812
12.2821
12.283
12.284
12.2849
12.2858
12.2867
12.2876
12.2886
12.2895
12.2904
12.2913
12.2923
12.2932
12.2941
12.295
12.296
12.2969
12.2979
12.2988
12.2997
12.3007
12.3016
12.3026
12.3035
12.3045
12.3054
12.3064
12.3073
12.3083
12.3092
12.3102
12.3112
12.3121
12.3131
12.3141
12.3151
12.316
12.317
12.318
12.319
12.32
12.3209
12.3219
12.3229
12.3239
12.3249
12.3259
12.3269
12.3279
12.3289
12.3299
12.331
12.332
12.333
12.334
12.335
12.3361
12.3371
12.3381
12.3391
12.3402
12.3412
12.3423
12.3433
12.3443
12.3454
12.3464
12.3475
12.3485
12.3496
12.3507
12.3517
12.3528
12.3539
12.3549
12.356
12.3571
12.3581
12.3592
12.3603
12.3614
12.3625
12.3636
12.3646
12.3657
12.3668
12.3679
12.369
12.3701
12.3712
12.3723
12.3734
12.3746
12.3757
12.3768
12.3779
12.379
12.3801
12.3812
12.3824
12.3835
12.3846
12.3857
12.3869
12.388
12.3891
12.3903
12.3914
12.3926
12.3937
12.3948
12.396
12.3971
12.3983
12.3994
12.4006
12.4017
12.4029
12.404
12.4052
12.4063
12.4075
12.4086
12.4098
12.411
12.4121
12.4133
12.4145
12.4156
12.4168
12.418
12.4192
12.4204
12.4215
12.4227
12.4239
12.4251
12.4263
12.4275
12.4287
12.4299
12.4311
12.4323
12.4336
12.4348
12.436
12.4372
12.4384
12.4396
12.4409
12.4421
12.4433
12.4445
12.4458
12.447
12.4482
12.4495
12.4507
12.4519
12.4532
12.4544
12.4557
12.4569
12.4581
12.4594
12.4606
12.4619
12.4631
12.4644
12.4656
12.4669
12.4681
12.4694
12.4706
12.4719
12.4731
12.4744
12.4756
12.4769
12.4781
12.4794
12.4806
12.4819
12.4831
12.4844
12.4856
12.4869
12.4881
12.4894
12.4906
12.4919
12.4931
12.4944
12.4956
12.4969
12.4981
12.4994
12.5006
12.5019
12.5031
12.5044
12.5056
12.5069
12.5081
12.5093
12.5106
12.5118
12.5131
12.5143
12.5155
12.5168
12.518
12.5192
12.5204
12.5217
12.5229
12.5241
12.5254
12.5266
12.5278
12.529
12.5302
12.5315
12.5327
12.5339
12.5351
12.5363
12.5375
12.5387
12.5399
12.5411
12.5423
12.5436
12.5448
12.546
12.5472
12.5483
12.5495
12.5507
12.5519
12.5531
12.5543
12.5555
12.5567
12.5579
12.5591
12.5603
12.5614
12.5626
12.5638
12.565
12.5662
12.5673
12.5685
12.5697
12.5709
12.572
12.5732
12.5744
12.5756
12.5767
12.5779
12.5791
12.5802
12.5814
12.5826
12.5838
12.5849
12.5861
12.5873
12.5884
12.5896
12.5908
12.5919
12.5931
12.5943
12.5954
12.5966
12.5978
12.5989
12.6001
12.6013
12.6024
12.6036
12.6047
12.6059
12.6071
12.6082
12.6094
12.6106
12.6117
12.6129
12.6141
12.6152
12.6164
12.6176
12.6187
12.6199
12.6211
12.6223
12.6234
12.6246
12.6258
12.6269
12.6281
12.6293
12.6305
12.6316
12.6328
12.634
12.6351
12.6363
12.6375
12.6387
12.6398
12.641
12.6422
12.6434
12.6446
12.6457
12.6469
12.6481
12.6493
12.6504
12.6516
12.6528
12.654
12.6552
12.6564
12.6575
12.6587
12.6599
12.6611
12.6623
12.6635
12.6647
12.6658
12.667
12.6682
12.6694
12.6706
12.6718
12.673
12.6742
12.6754
12.6766
12.6778
12.679
12.6802
12.6814
12.6826
12.6838
12.685
12.6862
12.6874
12.6886
12.6898
12.691
12.6922
12.6934
12.6946
12.6958
12.697
12.6982
12.6994
12.7006
12.7019
12.7031
12.7043
12.7055
12.7067
12.7079
12.7091
12.7104
12.7116
12.7128
12.714
12.7152
12.7164
12.7177
12.7189
12.7201
12.7213
12.7226
12.7238
12.725
12.7262
12.7274
12.7287
12.7299
12.7311
12.7323
12.7336
12.7348
12.736
12.7373
12.7385
12.7397
12.7409
12.7422
12.7434
12.7446
12.7459
12.7471
12.7483
12.7496
12.7508
12.752
12.7533
12.7545
12.7557
12.7569
12.7582
12.7594
12.7606
12.7618
12.763
12.7643
12.7655
12.7667
12.7679
12.7691
12.7704
12.7716
12.7728
12.774
12.7752
12.7765
12.7777
12.7789
12.7802
12.7814
12.7826
12.7838
12.7851
12.7863
12.7875
12.7888
12.79
12.7913
12.7925
12.7937
12.795
12.7962
12.7975
12.7987
12.8
12.8012
12.8025
12.8037
12.805
12.8062
12.8075
12.8087
12.81
12.8112
12.8125
12.8138
12.815
12.8163
12.8175
12.8188
12.8201
12.8213
12.8226
12.8239
12.8252
12.8264
12.8277
12.829
12.8303
12.8316
12.8328
12.8341
12.8354
12.8367
12.838
12.8393
12.8406
12.8419
12.8432
12.8445
12.8458
12.8471
12.8484
12.8497
12.851
12.8523
12.8536
12.8549
12.8562
12.8576
12.8589
12.8602
12.8615
12.8628
12.8642
12.8655
12.8668
12.8682
12.8695
12.8708
12.8722
12.8735
12.8749
12.8762
12.8776
12.8789
12.8803
12.8816
12.883
12.8843
12.8857
12.887
12.8884
12.8898
12.8911
12.8925
12.8939
12.8953
12.8966
12.898
12.8994
12.9008
12.9022
12.9035
12.9049
12.9063
12.9077
12.9091
12.9105
12.9119
12.9133
12.9147
12.9161
12.9175
12.9189
12.9203
12.9218
12.9232
12.9246
12.926
12.9274
12.9289
12.9303
12.9317
12.9331
12.9346
12.936
12.9374
12.9389
12.9403
12.9417
12.9432
12.9446
12.9461
12.9475
12.949
12.9504
12.9519
12.9533
12.9548
12.9562
12.9577
12.9591
12.9606
12.962
12.9635
12.9649
12.9664
12.9678
12.9693
12.9707
12.9722
12.9736
12.9751
12.9765
12.978
12.9794
12.9809
12.9823
12.9838
12.9852
12.9867
12.9881
12.9895
12.991
12.9924
12.9938
12.9953
12.9967
12.9981
12.9996
13.001
13.0024
13.0039
13.0053
13.0067
13.0081
13.0095
13.0109
13.0123
13.0137
13.0151
13.0166
13.0179
13.0193
13.0207
13.0221
13.0235
13.0249
13.0263
13.0277
13.029
13.0304
13.0318
13.0332
13.0345
13.0359
13.0372
13.0386
13.04
13.0413
13.0427
13.044
13.0454
13.0467
13.048
13.0494
13.0507
13.0521
13.0534
13.0547
13.056
13.0574
13.0587
13.06
13.0613
13.0626
13.064
13.0653
13.0666
13.0679
13.0692
13.0705
13.0718
13.0731
13.0744
13.0757
13.077
13.0783
13.0796
13.0809
13.0822
13.0835
13.0848
13.0861
13.0874
13.0887
13.09
13.0913
13.0926
13.0939
13.0952
13.0965
13.0978
13.099
13.1003
13.1016
13.1029
13.1042
13.1055
13.1068
13.1081
13.1094
13.1106
13.1119
13.1132
13.1145
13.1158
13.1171
13.1184
13.1196
13.1209
13.1222
13.1235
13.1248
13.1261
13.1274
13.1287
13.1299
13.1312
13.1325
13.1338
13.1351
13.1364
13.1377
13.139
13.1403
13.1415
13.1428
13.1441
13.1454
13.1467
13.148
13.1493
13.1506
13.1519
13.1532
13.1545
13.1558
13.1571
13.1584
13.1597
13.161
13.1623
13.1636
13.1649
13.1662
13.1675
13.1688
13.1701
13.1714
13.1727
13.174
13.1753
13.1766
13.1779
13.1792
13.1805
13.1818
13.1831
13.1844
13.1857
13.1871
13.1884
13.1897
13.191
13.1923
13.1936
13.1949
13.1962
13.1975
13.1988
13.2002
13.2015
13.2028
13.2041
13.2054
13.2067
13.2081
13.2094
13.2107
13.212
13.2133
13.2146
13.216
13.2173
13.2186
13.2199
13.2213
13.2226
13.2239
13.2253
13.2266
13.2279
13.2293
13.2306
13.232
13.2333
13.2347
13.236
13.2374
13.2387
13.2401
13.2415
13.2429
13.2442
13.2456
13.247
13.2484
13.2498
13.2511
13.2525
13.2539
13.2553
13.2567
13.2581
13.2595
13.2609
13.2624
13.2638
13.2652
13.2666
13.268
13.2695
13.2709
13.2723
13.2738
13.2752
13.2766
13.2781
13.2795
13.281
13.2824
13.2839
13.2854
13.2868
13.2883
13.2898
13.2912
13.2927
13.2942
13.2957
13.2971
13.2986
13.3001
13.3016
13.3031
13.3046
13.3061
13.3076
13.3092
13.3107
13.3122
13.3137
13.3153
13.3168
13.3183
13.3199
13.3214
13.323
13.3245
13.3261
13.3276
13.3292
13.3307
13.3323
13.3339
13.3355
13.337
13.3386
13.3402
13.3418
13.3434
13.345
13.3466
13.3482
13.3498
13.3514
13.353
13.3546
13.3563
13.3579
13.3595
13.3612
13.3628
13.3644
13.3661
13.3677
13.3694
13.371
13.3727
13.3743
13.376
13.3777
13.3793
13.381
13.3827
13.3844
13.3861
13.3877
13.3894
13.3911
13.3928
13.3945
13.3962
13.398
13.3997
13.4014
13.4031
13.4048
13.4066
13.4083
13.41
13.4118
13.4135
13.4153
13.417
13.4188
13.4205
13.4223
13.4241
13.4258
13.4276
13.4294
13.4312
13.433
13.4347
13.4365
13.4383
13.4401
13.4419
13.4438
13.4456
13.4474
13.4492
13.451
13.4529
13.4547
13.4565
13.4584
13.4602
13.4621
13.4639
13.4658
13.4676
13.4695
13.4714
13.4732
13.4751
13.477
13.4788
13.4807
13.4826
13.4845
13.4864
13.4882
13.4901
13.492
13.4939
13.4958
13.4977
13.4996
13.5015
13.5034
13.5053
13.5072
13.5091
13.5111
13.513
13.5149
13.5168
13.5187
13.5206
13.5226
13.5245
13.5264
13.5283
13.5303
13.5322
13.5341
13.5361
13.538
13.5399
13.5418
13.5438
13.5457
13.5476
13.5495
13.5515
13.5534
13.5553
13.5572
13.5591
13.5611
13.563
13.5649
13.5668
13.5687
13.5706
13.5725
13.5744
13.5763
13.5782
13.5801
13.5819
13.5838
13.5857
13.5876
13.5894
13.5913
13.5932
13.595
13.5969
13.5987
13.6006
13.6024
13.6043
13.6061
13.6079
13.6098
13.6116
13.6134
13.6152
13.6171
13.6189
13.6207
13.6225
13.6243
13.6261
13.6279
13.6297
13.6315
13.6333
13.6351
13.6368
13.6386
13.6404
13.6422
13.6439
13.6457
13.6475
13.6493
13.651
13.6528
13.6545
13.6563
13.6581
13.6598
13.6616
13.6633
13.6651
13.6668
13.6686
13.6703
13.6721
13.6738
13.6756
13.6773
13.679
13.6808
13.6825
13.6842
13.686
13.6877
13.6894
13.6912
13.6929
13.6946
13.6964
13.6981
13.6998
13.7016
13.7033
13.705
13.7068
13.7085
13.7102
13.712
13.7137
13.7154
13.7172
13.7189
13.7206
13.7224
13.7241
13.7258
13.7276
13.7293
13.7311
13.7328
13.7345
13.7363
13.738
13.7398
13.7415
13.7433
13.745
13.7468
13.7485
13.7503
13.752
13.7538
13.7556
13.7573
13.7591
13.7609
13.7626
13.7644
13.7662
13.768
13.7697
13.7715
13.7733
13.7751
13.7769
13.7787
13.7804
13.7822
13.784
13.7858
13.7876
13.7894
13.7912
13.7931
13.7949
13.7967
13.7985
13.8003
13.8021
13.804
13.8058
13.8076
13.8094
13.8113
13.8131
13.8149
13.8168
13.8186
13.8205
13.8223
13.8242
13.826
13.8279
13.8297
13.8316
13.8335
13.8353
13.8372
13.8391
13.841
13.8428
13.8447
13.8466
13.8485
13.8504
13.8523
13.8542
13.8561
13.858
13.8599
13.8618
13.8637
13.8656
13.8675
13.8694
13.8714
13.8733
13.8752
13.8771
13.8791
13.881
13.8829
13.8849
13.8868
13.8888
13.8907
13.8927
13.8946
13.8966
13.8986
13.9005
13.9025
13.9045
13.9064
13.9084
13.9104
13.9124
13.9144
13.9164
13.9184
13.9203
13.9223
13.9243
13.9264
13.9284
13.9304
13.9324
13.9344
13.9364
13.9385
13.9405
13.9425
13.9446
13.9466
13.9486
13.9507
13.9527
13.9548
13.9568
13.9589
13.9609
13.963
13.9651
13.9671
13.9692
13.9713
13.9734
13.9755
13.9776
13.9796
13.9817
13.9838
13.9859
13.988
13.9901
13.9922
13.9944
13.9965
13.9986
14.0007
14.0028
14.005
14.0071
14.0092
14.0114
14.0135
14.0156
14.0178
14.0199
14.0221
14.0242
14.0264
14.0286
14.0307
14.0329
14.035
14.0372
14.0394
14.0416
14.0437
14.0459
14.0481
14.0503
14.0525
14.0546
14.0568
14.059
14.0612
14.0634
14.0656
14.0678
14.07
14.0722
14.0744
14.0766
14.0788
14.081
14.0833
14.0855
14.0877
14.0899
14.0921
14.0943
14.0965
14.0987
14.101
14.1032
14.1053
14.1075
14.1097
14.1119
14.1141
14.1163
14.1185
14.1207
14.1229
14.125
14.1272
14.1294
14.1316
14.1338
14.136
14.1382
14.1403
14.1425
14.1447
14.1469
14.1491
14.1513
14.1534
14.1556
14.1578
14.16
14.1622
14.1644
14.1665
14.1687
14.1709
14.1731
14.1753
14.1775
14.1797
14.1818
14.184
14.1862
14.1884
14.1906
14.1928
14.1949
14.1971
14.1993
14.2015
14.2037
14.2059
14.208
14.2102
14.2124
14.2146
14.2168
14.219
14.2212
14.2234
14.2256
14.2278
14.23
14.2322
14.2344
14.2366
14.2388
14.241
14.2432
14.2454
14.2476
14.2498
14.252
14.2542
14.2564
14.2587
14.2609
14.2631
14.2653
14.2675
14.2697
14.2719
14.2741
14.2763
14.2786
14.2808
14.283
14.2852
14.2874
14.2896
14.2918
14.294
14.2963
14.2985
14.3007
14.3029
14.3051
14.3073
14.3096
14.3118
14.314
14.3162
14.3184
14.3207
14.3229
14.3251
14.3274
14.3296
14.3318
14.334
14.3363
14.3385
14.3407
14.343
14.3452
14.3475
14.3497
14.3519
14.3542
14.3564
14.3587
14.3609
14.3632
14.3654
14.3677
14.3699
14.3722
14.3744
14.3767
14.3789
14.3812
14.3834
14.3857
14.388
14.3902
14.3925
14.3947
14.397
14.3993
14.4015
14.4038
14.4061
14.4083
14.4106
14.4129
14.4151
14.4174
14.4197
14.422
14.4242
14.4265
14.4288
14.4311
14.4333
14.4356
14.4379
14.4402
14.4424
14.4447
14.447
14.4493
14.4516
14.4539
14.4561
14.4584
14.4607
14.463
14.4653
14.4676
14.4699
14.4722
14.4744
14.4767
14.479
14.4813
14.4836
14.4859
14.4882
14.4905
14.4928
14.4951
14.4973
14.4996
14.5019
14.5042
14.5065
14.5087
14.511
14.5133
14.5156
14.5179
14.5201
14.5224
14.5247
14.527
14.5292
14.5315
14.5338
14.5361
14.5384
14.5406
14.5429
14.5452
14.5475
14.5498
14.552
14.5543
14.5566
14.5589
14.5612
14.5634
14.5657
14.568
14.5703
14.5726
14.5748
14.5771
14.5794
14.5817
14.584
14.5862
14.5885
14.5908
14.5931
14.5954
14.5977
14.5999
14.6022
14.6045
14.6068
14.6091
14.6113
14.6136
14.6159
14.6182
14.6205
14.6227
14.625
14.6273
14.6296
14.6318
14.6341
14.6364
14.6387
14.6409
14.6432
14.6455
14.6478
14.6501
14.6524
14.6548
14.6571
14.6595
14.6618
14.6642
14.6665
14.6689
14.6713
14.6736
14.676
14.6784
14.6807
14.6831
14.6854
14.6878
14.6901
14.6925
14.6948
14.6972
14.6995
14.7018
14.7042
14.7065
14.7088
14.7112
14.7135
14.7158
14.7181
14.7205
14.7228
14.7251
14.7274
14.7297
14.7321
14.7344
14.7367
14.7391
14.7414
14.7438
14.7461
14.7485
14.7508
14.7532
14.7556
14.758
14.7604
14.7628
14.7652
14.7676
14.77
14.7724
14.7749
14.7773
14.7797
14.7821
14.7846
14.787
14.7894
14.7918
14.7943
14.7967
14.7991
14.8016
14.804
14.8064
14.8088
14.8113
14.8137
14.8161
14.8185
14.8209
14.8233
14.8257
14.8282
14.8306
14.833
14.8353
14.8377
14.8401
14.8425
14.8449
14.8473
14.8496
14.852
14.8544
14.8567
14.8591
14.8614
14.8638
14.8661
14.8684
14.8707
14.8731
14.8754
14.8777
14.88
14.8822
14.8845
14.8868
14.8891
14.8913
14.8936
14.8958
14.8981
14.9003
14.9025
14.9047
14.9069
14.9091
14.9113
14.9135
14.9156
14.9178
14.9199
14.9221
14.9242
14.9263
14.9284
14.9305
14.9326
14.9347
14.9368
14.9388
14.9409
14.9429
14.945
14.947
14.949
14.951
14.953
14.955
14.9569
14.9589
14.9608
14.9627
14.9647
14.9666
14.9685
14.9704
14.9723
14.9741
14.976
14.9778
14.9797
14.9815
14.9833
14.9851
14.9869
14.9887
14.9904
14.9922
14.9939
14.9957
14.9974
14.9991
