distance
0
-1.08216e-07
-4.10136e-07
-7.64601e-07
-1.28871e-06
-1.94394e-06
-2.80363e-06
-3.82713e-06
-5.08728e-06
-6.54542e-06
-8.27056e-06
-1.02259e-05
-1.24749e-05
-1.49834e-05
-1.78089e-05
-2.09308e-05
-2.44041e-05
-2.82071e-05
-3.23847e-05
-3.69201e-05
-4.18495e-05
-4.71271e-05
-5.28469e-05
-5.90395e-05
-6.57704e-05
-7.3045e-05
-8.09133e-05
-8.93567e-05
-9.84367e-05
-0.00010817
-0.000118595
-0.000129704
-0.000141542
-0.000154074
-0.000167181
-0.000180734
-0.000194479
-0.000208614
-0.000222997
-0.000237387
-0.000252087
-0.000266893
-0.000281595
-0.000296363
-1.47653e-05
-2.9378e-05
-4.41084e-05
-5.87278e-05
-7.30358e-05
-8.68814e-05
-0.000100641
-0.000114108
-0.000127018
-0.000139307
-0.000151321
-0.000162823
-0.000173722
-0.000183811
-0.000193494
-0.000202664
-0.000211142
-0.00021865
-0.000225635
-0.00023198
-0.000237327
-0.000241693
-0.000244795
-0.000246829
-0.000247495
-0.000247272
-0.000245928
-0.000243214
-0.000239469
-0.000234475
-0.00022847
-0.000221087
-0.000211882
-0.000200728
-0.000187515
-0.000172638
-0.000155829
-0.000136915
-0.000115595
-9.17686e-05
-6.52757e-05
-3.61657e-05
-4.43095e-06
3.0176e-05
6.71928e-05
0.000106749
0.000149187
0.00019479
0.000243799
0.000295732
0.000350894
0.000409578
0.000472093
0.000537666
0.000606622
0.000679252
0.000755915
0.000836353
0.000920833
0.0010087
0.00110025
0.00119568
0.0012944
0.00139657
0.00150245
0.00161142
0.00172364
0.00183919
0.00195763
0.00207898
0.00220335
0.00233022
0.00245973
0.00259187
0.00272621
0.00286276
0.00300165
0.0031424
0.00328504
0.00342953
0.00357558
0.00372313
0.00387221
0.00402098
0.00417006
0.00431961
0.00447047
0.00462413
0.00477942
0.00493771
0.00509806
0.0052603
0.00542434
0.00559024
0.00575818
0.00592804
0.00610008
0.00627431
0.00645059
0.00662901
0.00680977
0.00699285
0.00717853
0.00736698
0.00755818
0.00775207
0.0079476
0.00814527
0.00834533
0.00854773
0.00875236
0.0089593
0.00916868
0.00938035
0.00959445
0.00981105
0.0100301
0.0102518
0.0104761
0.0107029
0.0109325
0.0111648
0.0113997
0.0116373
0.0118778
0.012121
0.012367
0.0126158
0.0128673
0.0131215
0.0133785
0.0136383
0.0139008
0.0141661
0.0144342
0.014705
0.0149786
0.015255
0.0155343
0.0158165
0.0161016
0.0163897
0.0166809
0.0169752
0.0172726
0.0175732
0.0178772
0.0181844
0.018495
0.0188091
0.0191266
0.0194478
0.0197725
0.0201009
0.0204329
0.0207688
0.0211084
0.0214519
0.0217993
0.0221505
0.0225058
0.022865
0.0232282
0.0235954
0.0239668
0.0243422
0.0247217
0.0251054
0.0254931
0.025885
0.026281
0.0266812
0.0270853
0.0274936
0.0279059
0.0283222
0.0287425
0.0291668
0.029595
0.0300273
0.0304634
0.0309034
0.0313474
0.0317952
0.0322471
0.032703
0.0331628
0.0336266
0.0340944
0.0345661
0.0350419
0.0355217
0.0360054
0.0364931
0.0369848
0.0374805
0.03798
0.0384835
0.0389908
0.039502
0.0400168
0.0405353
0.0410575
0.0415831
0.0421122
0.0426446
0.0431803
0.043719
0.0442606
0.0448052
0.0453526
0.0459026
0.046455
0.0470101
0.0475675
0.0481272
0.0486891
0.0492532
0.0498195
0.0503878
0.050958
0.0515303
0.0521044
0.0526804
0.053258
0.0538375
0.0544187
0.0550016
0.0555859
0.0561719
0.0567594
0.0573482
0.0579387
0.0585307
0.0591241
0.0597188
0.0603149
0.0609122
0.061511
0.0621112
0.0627128
0.0633156
0.0639196
0.064525
0.0651318
0.0657398
0.0663491
0.0669596
0.0675714
0.0681845
0.0687989
0.0694145
0.0700312
0.0706493
0.0712687
0.0718892
0.072511
0.073134
0.0737582
0.0743837
0.0750104
0.0756384
0.0762674
0.0768973
0.0775276
0.0781581
0.0787886
0.079419
0.0800493
0.0806795
0.0813097
0.0819401
0.0825707
0.0832017
0.0838333
0.0844655
0.0850986
0.0857326
0.0863676
0.0870037
0.0876411
0.0882797
0.0889196
0.0895608
0.0902032
0.0908469
0.0914918
0.092138
0.0927855
0.0934342
0.0940841
0.0947353
0.0953877
0.0960414
0.0966963
0.0973524
0.0980098
0.0986684
0.0993282
0.0999892
0.100651
0.101315
0.10198
0.102645
0.103312
0.103981
0.10465
0.105321
0.105992
0.106665
0.10734
0.108015
0.108691
0.109369
0.110048
0.110728
0.111409
0.112091
0.112774
0.113459
0.114145
0.114831
0.115519
0.116208
0.116899
0.11759
0.118283
0.118976
0.119671
0.120367
0.121064
0.121763
0.122462
0.123163
0.123864
0.124567
0.125271
0.125976
0.126683
0.12739
0.128099
0.128809
0.12952
0.130232
0.130946
0.131661
0.132377
0.133094
0.133813
0.134532
0.135253
0.135976
0.136699
0.137424
0.13815
0.138877
0.139606
0.140336
0.141067
0.1418
0.142533
0.143269
0.144005
0.14474
0.145474
0.146203
0.146927
0.14765
0.148373
0.149096
0.14982
0.150544
0.151268
0.151994
0.15272
0.153447
0.154175
0.154904
0.155634
0.156365
0.157097
0.15783
0.158563
0.159298
0.160034
0.160771
0.161508
0.162246
0.162984
0.163723
0.164462
0.165202
0.165943
0.166684
0.167426
0.168168
0.168911
0.169654
0.170397
0.17114
0.171882
0.172625
0.173367
0.174108
0.174849
0.175589
0.176328
0.177066
0.177804
0.17854
0.179274
0.180008
0.18074
0.181471
0.1822
0.182928
0.183654
0.184378
0.185101
0.185823
0.186543
0.187261
0.187977
0.188692
0.189405
0.190116
0.190825
0.191533
0.192239
0.192943
0.193646
0.194346
0.195045
0.195742
0.196437
0.19713
0.197822
0.198511
0.199199
0.199885
0.200569
0.201251
0.201932
0.202611
0.203288
0.203963
0.204636
0.205308
0.205977
0.206645
0.207311
0.207976
0.208638
0.209299
0.209958
0.210616
0.211271
0.211925
0.212578
0.213229
0.213878
0.214526
0.215172
0.215817
0.216461
0.217103
0.217744
0.218384
0.219022
0.21966
0.220296
0.220931
0.221564
0.222197
0.222829
0.223459
0.224089
0.224717
0.225345
0.225972
0.226598
0.227223
0.227847
0.22847
0.229093
0.229714
0.230335
0.230955
0.231575
0.232193
0.232811
0.233428
0.234045
0.234661
0.235276
0.235891
0.236505
0.237119
0.237732
0.238345
0.238957
0.239569
0.240181
0.240792
0.241403
0.242014
0.242625
0.243236
0.243846
0.244457
0.245068
0.24568
0.246291
0.246903
0.247515
0.248128
0.248741
0.249354
0.249968
0.250583
0.251199
0.251815
0.252433
0.253051
0.253671
0.254291
0.254913
0.255536
0.25616
0.256786
0.257413
0.258041
0.258671
0.259303
0.259936
0.26057
0.261206
0.261843
0.262482
0.263122
0.263764
0.264408
0.265053
0.265699
0.266347
0.266997
0.267648
0.268301
0.268955
0.26961
0.270268
0.270926
0.271586
0.272247
0.27291
0.273574
0.27424
0.274906
0.275574
0.276244
0.276914
0.277586
0.278259
0.278933
0.279608
0.280285
0.280962
0.281641
0.28232
0.283001
0.283683
0.284366
0.285049
0.285734
0.28642
0.287107
0.287795
0.288483
0.289173
0.289863
0.290555
0.291247
0.29194
0.292634
0.293329
0.294025
0.294721
0.295419
0.296117
0.296816
0.297516
0.298216
0.298918
0.29962
0.300323
0.301026
0.301731
0.302436
0.303142
0.303849
0.304557
0.305265
0.305974
0.306684
0.307395
0.308106
0.308818
0.309531
0.310245
0.310959
0.311675
0.312391
0.313107
0.313825
0.314544
0.315263
0.315983
0.316704
0.317425
0.318148
0.318871
0.319595
0.32032
0.321046
0.321773
0.3225
0.323228
0.323957
0.324687
0.325418
0.32615
0.326882
0.327615
0.32835
0.329084
0.32982
0.330557
0.331294
0.332033
0.332772
0.333512
0.334253
0.334995
0.335738
0.336481
0.337225
0.337971
0.338717
0.339464
0.340212
0.340961
0.34171
0.342461
0.343212
0.343964
0.344718
0.345472
0.346227
0.346982
0.347739
0.348497
0.349255
0.350014
0.350775
0.351536
0.352298
0.353061
0.353824
0.354589
0.355355
0.356121
0.356889
0.357657
0.358426
0.359196
0.359967
0.360739
0.361512
0.362286
0.363061
0.363836
0.364613
0.36539
0.366168
0.366947
0.367728
0.368509
0.36929
0.370073
0.370857
0.371641
0.372427
0.373213
0.374001
0.374789
0.375578
0.376367
0.377158
0.377949
0.378741
0.379533
0.380326
0.38112
0.381914
0.382709
0.383505
0.384301
0.385095
0.385881
0.386662
0.387436
0.388204
0.388967
0.389726
0.390485
0.391243
0.392001
0.39276
0.39352
0.394281
0.395042
0.395805
0.396568
0.397333
0.398099
0.398866
0.399634
0.400403
0.401173
0.401944
0.402717
0.403491
0.404266
0.405042
0.405819
0.406598
0.407377
0.408158
0.408939
0.409722
0.410505
0.41129
0.412075
0.412861
0.413647
0.414434
0.415222
0.416011
0.4168
0.417589
0.418379
0.41917
0.419961
0.420753
0.421545
0.422338
0.423132
0.423926
0.424721
0.425516
0.426313
0.42711
0.427908
0.428707
0.429506
0.430307
0.431108
0.43191
0.432714
0.433518
0.434323
0.435129
0.435936
0.436744
0.437553
0.438363
0.439174
0.439986
0.4408
0.441614
0.44243
0.443247
0.444066
0.444886
0.445707
0.44653
0.447354
0.448179
0.449006
0.449835
0.450665
0.451496
0.452329
0.453164
0.454
0.454837
0.455676
0.456517
0.457359
0.458202
0.459047
0.459894
0.460741
0.461591
0.462442
0.463295
0.464149
0.465005
0.465862
0.466721
0.467581
0.468444
0.469307
0.470173
0.471041
0.47191
0.472781
0.473653
0.474527
0.475403
0.476281
0.47716
0.478041
0.478923
0.479807
0.480693
0.48158
0.482468
0.483358
0.48425
0.485143
0.486038
0.486935
0.487833
0.488732
0.489633
0.490536
0.49144
0.492346
0.493254
0.494163
0.495074
0.495986
0.4969
0.497815
0.498733
0.499651
0.500572
0.501493
0.502417
0.503341
0.504267
0.505195
0.506124
0.507055
0.507987
0.50892
0.509855
0.510791
0.511729
0.512668
0.513609
0.514551
0.515495
0.51644
0.517387
0.518336
0.519285
0.520237
0.52119
0.522144
0.5231
0.524057
0.525016
0.525976
0.526938
0.527901
0.528865
0.529831
0.530799
0.531768
0.532739
0.533711
0.534685
0.53566
0.536637
0.537615
0.538595
0.539576
0.540559
0.541544
0.54253
0.543517
0.544506
0.545497
0.546489
0.547482
0.548477
0.549474
0.550472
0.551472
0.552473
0.553476
0.55448
0.555486
0.556494
0.557502
0.558513
0.559525
0.560538
0.561553
0.562569
0.563587
0.564606
0.565627
0.56665
0.567673
0.568699
0.569725
0.570754
0.571783
0.572814
0.573847
0.574881
0.575916
0.576953
0.577992
0.579031
0.580072
0.581113
0.582156
0.5832
0.584245
0.585292
0.586339
0.587387
0.588437
0.589487
0.590539
0.591592
0.592646
0.593701
0.594757
0.595815
0.596872
0.597931
0.598991
0.600052
0.601113
0.602175
0.603237
0.604301
0.605365
0.606429
0.607494
0.60856
0.609625
0.610692
0.611758
0.612825
0.613891
0.614958
0.616025
0.617092
0.618158
0.619225
0.620291
0.621356
0.622421
0.623486
0.62455
0.625614
0.626677
0.627739
0.6288
0.629861
0.63092
0.631978
0.633035
0.634091
0.635145
0.636199
0.637251
0.638303
0.639353
0.640403
0.641452
0.6425
0.643547
0.644593
0.645639
0.646684
0.647727
0.64877
0.649812
0.650854
0.651894
0.652933
0.653969
0.655004
0.656038
0.657071
0.658102
0.659132
0.660162
0.66119
0.662217
0.663243
0.664269
0.665293
0.666316
0.667338
0.668359
0.669379
0.670399
0.671417
0.672435
0.673453
0.674469
0.675486
0.676502
0.677517
0.678531
0.679545
0.680559
0.681572
0.682584
0.683595
0.684606
0.685616
0.686624
0.687632
0.688638
0.689643
0.690647
0.691649
0.69265
0.693649
0.694646
0.695642
0.696635
0.697627
0.698616
0.699604
0.700589
0.701572
0.702553
0.703531
0.704508
0.705482
0.706454
0.707424
0.708391
0.709356
0.710319
0.71128
0.712239
0.713195
0.71415
0.715102
0.716052
0.716999
0.717945
0.718889
0.71983
0.72077
0.721707
0.722643
0.723576
0.724508
0.725439
0.726367
0.727294
0.72822
0.729144
0.730067
0.730988
0.731908
0.732827
0.733745
0.734662
0.735579
0.736494
0.737409
0.738323
0.739237
0.740151
0.741064
0.741977
0.74289
0.743803
0.744716
0.745629
0.746541
0.747455
0.748368
0.749281
0.750195
0.75111
0.752024
0.752939
0.753854
0.75477
0.755686
0.756603
0.757521
0.758439
0.759358
0.760277
0.761197
0.762118
0.763039
0.76396
0.764883
0.765806
0.766729
0.767653
0.768578
0.769503
0.770428
0.771354
0.772281
0.773208
0.774135
0.775063
0.775992
0.776922
0.777852
0.778782
0.779714
0.780646
0.781579
0.782513
0.783447
0.784383
0.785319
0.786257
0.787195
0.788134
0.789074
0.790016
0.790958
0.791901
0.792845
0.793791
0.794737
0.795685
0.796634
0.797584
0.798535
0.799487
0.800441
0.801396
0.802352
0.803309
0.804268
0.805228
0.806189
0.807152
0.808116
0.809082
0.810048
0.811017
0.811987
0.812958
0.813931
0.814905
0.815881
0.816858
0.817837
0.818818
0.8198
0.820784
0.821769
0.822756
0.823745
0.824735
0.825727
0.826721
0.827717
0.828714
0.829713
0.830714
0.831717
0.832721
0.833727
0.834735
0.835745
0.836757
0.837771
0.838786
0.839804
0.840823
0.841844
0.842867
0.843892
0.844919
0.845947
0.846978
0.848011
0.849045
0.850081
0.851119
0.85216
0.853202
0.854245
0.855291
0.856339
0.857388
0.85844
0.859493
0.860548
0.861605
0.862663
0.863724
0.864786
0.86585
0.866915
0.867983
0.869052
0.870123
0.871196
0.872271
0.873347
0.874425
0.875505
0.876586
0.87767
0.878755
0.879841
0.88093
0.88202
0.883111
0.884205
0.8853
0.886397
0.887496
0.888596
0.889698
0.890801
0.891906
0.893013
0.894122
0.895232
0.896343
0.897457
0.898572
0.899688
0.900806
0.901926
0.903047
0.90417
0.905294
0.90642
0.907547
0.908676
0.909807
0.910939
0.912072
0.913207
0.914344
0.915481
0.916621
0.917762
0.918904
0.920048
0.921193
0.92234
0.923487
0.924636
0.925785
0.926934
0.928084
0.929232
0.930381
0.931529
0.932676
0.933823
0.93497
0.936117
0.937263
0.938409
0.939555
0.940702
0.941849
0.942996
0.944144
0.945292
0.946441
0.94759
0.948741
0.949892
0.951044
0.952197
0.953351
0.954506
0.955662
0.956819
0.957977
0.959136
0.960296
0.961455
0.962612
0.963765
0.964914
0.966059
0.967201
0.968342
0.969482
0.970622
0.971763
0.972905
0.974047
0.97519
0.976334
0.977479
0.978625
0.979772
0.98092
0.982069
0.983218
0.984369
0.98552
0.986672
0.987825
0.988979
0.990134
0.99129
0.992447
0.993604
0.994763
0.995922
0.997082
0.998243
0.999405
1.00057
1.00173
1.0029
1.00406
1.00523
1.00639
1.00756
1.00873
1.0099
1.01107
1.01224
1.01341
1.01458
1.01576
1.01693
1.01811
1.01929
1.02047
1.02164
1.02283
1.02401
1.02519
1.02638
1.02756
1.02875
1.02994
1.03113
1.03232
1.03351
1.03471
1.0359
1.0371
1.0383
1.0395
1.0407
1.0419
1.04311
1.04431
1.04552
1.04673
1.04794
1.04915
1.05037
1.05159
1.0528
1.05403
1.05525
1.05647
1.0577
1.05893
1.06016
1.06139
1.06263
1.06387
1.06511
1.06635
1.0676
1.06884
1.07009
1.07135
1.0726
1.07386
1.07512
1.07638
1.07765
1.07891
1.08018
1.08146
1.08273
1.08401
1.08529
1.08657
1.08786
1.08914
1.09043
1.09172
1.09301
1.09431
1.0956
1.0969
1.09819
1.09949
1.10079
1.10209
1.1034
1.1047
1.106
1.10731
1.10862
1.10993
1.11124
1.11255
1.11386
1.11517
1.11649
1.1178
1.11912
1.12044
1.12176
1.12308
1.1244
1.12573
1.12705
1.12838
1.1297
1.13103
1.13236
1.13368
1.13501
1.13634
1.13767
1.139
1.14033
1.14166
1.14299
1.14432
1.14564
1.14697
1.1483
1.14963
1.15095
1.15228
1.1536
1.15493
1.15625
1.15757
1.1589
1.16022
1.16154
1.16285
1.16417
1.16549
1.1668
1.16812
1.16943
1.17075
1.17206
1.17337
1.17467
1.17598
1.17729
1.17859
1.17989
1.18119
1.18249
1.18379
1.18509
1.18638
1.18767
1.18897
1.19026
1.19155
1.19283
1.19411
1.1954
1.19668
1.19795
1.19923
1.20051
1.20178
1.20305
1.20432
1.20559
1.20686
1.20813
1.20939
1.21066
1.21192
1.21318
1.21444
1.2157
1.21696
1.21822
1.21947
1.22073
1.22198
1.22323
1.22448
1.22573
1.22698
1.22822
1.22947
1.23071
1.23196
1.2332
1.23443
1.23567
1.23691
1.23814
1.23937
1.2406
1.24183
1.24305
1.24428
1.2455
1.24672
1.24793
1.24915
1.25036
1.25157
1.25278
1.25398
1.25518
1.25638
1.25758
1.25878
1.25997
1.26116
1.26235
1.26354
1.26472
1.2659
1.26708
1.26826
1.26943
1.2706
1.27177
1.27294
1.27411
1.27527
1.27644
1.2776
1.27875
1.27991
1.28107
1.28222
1.28337
1.28452
1.28567
1.28682
1.28796
1.28911
1.29025
1.2914
1.29254
1.29368
1.29482
1.29596
1.2971
1.29824
1.29937
1.30051
1.30165
1.30278
1.30392
1.30505
1.30618
1.30732
1.30845
1.30958
1.31071
1.31184
1.31297
1.3141
1.31523
1.31636
1.31748
1.31861
1.31974
1.32087
1.32199
1.32312
1.32425
1.32537
1.3265
1.32763
1.32875
1.32988
1.331
1.33213
1.33326
1.33439
1.33551
1.33664
1.33777
1.3389
1.34003
1.34116
1.34229
1.34342
1.34455
1.34568
1.34681
1.34794
1.34907
1.35021
1.35134
1.35248
1.35361
1.35475
1.35589
1.35702
1.35816
1.3593
1.36044
1.36158
1.36272
1.36387
1.36501
1.36615
1.3673
1.36845
1.36959
1.37074
1.37189
1.37304
1.37419
1.37535
1.3765
1.37765
1.37881
1.37997
1.38112
1.38228
1.38344
1.38461
1.38577
1.38693
1.3881
1.38926
1.39043
1.3916
1.39277
1.39394
1.39512
1.39629
1.39747
1.39865
1.39982
1.401
1.40219
1.40337
1.40455
1.40574
1.40693
1.40812
1.40931
1.4105
1.41169
1.41289
1.41409
1.41529
1.41649
1.41769
1.41889
1.4201
1.42131
1.42252
1.42373
1.42494
1.42615
1.42737
1.42859
1.42981
1.43103
1.43225
1.43348
1.43471
1.43593
1.43716
1.4384
1.43963
1.44087
1.44211
1.44335
1.44459
1.44583
1.44708
1.44832
1.44957
1.45082
1.45208
1.45333
1.45459
1.45584
1.4571
1.45836
1.45963
1.46089
1.46216
1.46342
1.46469
1.46596
1.46724
1.46851
1.46979
1.47106
1.47234
1.47362
1.47491
1.47619
1.47748
1.47876
1.48005
1.48134
1.48263
1.48393
1.48522
1.48652
1.48781
1.48911
1.49041
1.49171
1.49302
1.49432
1.49563
1.49693
1.49824
1.49955
1.50086
1.50218
1.50349
1.50481
1.50612
1.50744
1.50876
1.51008
1.5114
1.51273
1.51405
1.51538
1.5167
1.51803
1.51936
1.52069
1.52202
1.52335
1.52468
1.52601
1.52733
1.52864
1.52994
1.53124
1.53253
1.53382
1.53511
1.53639
1.53768
1.53896
1.54025
1.54154
1.54283
1.54412
1.54541
1.5467
1.54799
1.54929
1.55058
1.55188
1.55318
1.55448
1.55578
1.55708
1.55838
1.55969
1.56099
1.5623
1.5636
1.56491
1.56622
1.56753
1.56884
1.57015
1.57146
1.57277
1.57409
1.5754
1.57671
1.57803
1.57934
1.58066
1.58198
1.58329
1.58461
1.58593
1.58725
1.58857
1.58989
1.59121
1.59253
1.59385
1.59518
1.5965
1.59783
1.59915
1.60048
1.60181
1.60314
1.60447
1.6058
1.60713
1.60846
1.6098
1.61113
1.61247
1.6138
1.61514
1.61648
1.61782
1.61916
1.6205
1.62185
1.62319
1.62454
1.62589
1.62723
1.62858
1.62994
1.63129
1.63264
1.634
1.63536
1.63671
1.63807
1.63944
1.6408
1.64217
1.64353
1.6449
1.64627
1.64764
1.64901
1.65039
1.65177
1.65315
1.65453
1.65591
1.6573
1.65868
1.66007
1.66147
1.66286
1.66426
1.66565
1.66705
1.66846
1.66986
1.67127
1.67268
1.67409
1.67551
1.67692
1.67834
1.67976
1.68118
1.68261
1.68404
1.68546
1.6869
1.68833
1.68976
1.6912
1.69264
1.69408
1.69553
1.69697
1.69842
1.69987
1.70133
1.70278
1.70424
1.7057
1.70716
1.70862
1.71009
1.71156
1.71303
1.7145
1.71598
1.71745
1.71893
1.72041
1.7219
1.72338
1.72487
1.72636
1.72785
1.72934
1.73083
1.73232
1.73381
1.7353
1.73679
1.73829
1.73978
1.74127
1.74277
1.74426
1.74576
1.74725
1.74875
1.75025
1.75174
1.75324
1.75474
1.75624
1.75774
1.75924
1.76074
1.76224
1.76374
1.76524
1.76675
1.76825
1.76975
1.77125
1.77276
1.77426
1.77576
1.77726
1.77876
1.78026
1.78176
1.78326
1.78476
1.78626
1.78775
1.78925
1.79074
1.79224
1.79373
1.79522
1.7967
1.79819
1.79967
1.80116
1.80264
1.80411
1.80559
1.80706
1.80853
1.80999
1.81145
1.81291
1.81437
1.81583
1.81728
1.81873
1.82017
1.82162
1.82306
1.8245
1.82594
1.82737
1.82881
1.83024
1.83166
1.83309
1.83451
1.83593
1.83735
1.83877
1.84018
1.8416
1.84301
1.84442
1.84582
1.84723
1.84863
1.85003
1.85143
1.85283
1.85422
1.85562
1.85701
1.8584
1.85979
1.86117
1.86255
1.86394
1.86531
1.86669
1.86807
1.86944
1.87081
1.87218
1.87354
1.8749
1.87626
1.87762
1.87898
1.88033
1.88168
1.88302
1.88437
1.88571
1.88705
1.88839
1.88972
1.89106
1.89239
1.89372
1.89504
1.89637
1.89769
1.89901
1.90033
1.90164
1.90296
1.90427
1.90558
1.90689
1.90819
1.9095
1.9108
1.9121
1.9134
1.9147
1.916
1.91729
1.91859
1.91988
1.92117
1.92246
1.92375
1.92503
1.92632
1.9276
1.92889
1.93017
1.93145
1.93273
1.93401
1.93529
1.93657
1.93784
1.93912
1.94039
1.94167
1.94294
1.94422
1.94549
1.94677
1.94804
1.94931
1.95058
1.95186
1.95313
1.9544
1.95567
1.95694
1.95822
1.95949
1.96076
1.96203
1.9633
1.96458
1.96585
1.96712
1.9684
1.96967
1.97094
1.97222
1.97349
1.97477
1.97605
1.97732
1.9786
1.97988
1.98116
1.98244
1.98372
1.985
1.98628
1.98756
1.98884
1.99013
1.99141
1.9927
1.99398
1.99527
1.99656
1.99784
1.99913
2.00042
2.00172
2.00301
2.0043
2.00559
2.00689
2.00818
2.00948
2.01078
2.01208
2.01338
2.01468
2.01598
2.01728
2.01859
2.01989
2.0212
2.0225
2.02381
2.02512
2.02643
2.02774
2.02906
2.03037
2.03169
2.033
2.03432
2.03564
2.03696
2.03828
2.0396
2.04093
2.04225
2.04358
2.04491
2.04624
2.04757
2.0489
2.05023
2.05157
2.05291
2.05424
2.05558
2.05692
2.05826
2.05961
2.06095
2.0623
2.06365
2.065
2.06635
2.0677
2.06905
2.07041
2.07177
2.07312
2.07448
2.07585
2.07721
2.07857
2.07994
2.08131
2.08268
2.08405
2.08542
2.0868
2.08817
2.08955
2.09093
2.09231
2.09369
2.09508
2.09646
2.09785
2.09924
2.10063
2.10202
2.10341
2.1048
2.1062
2.1076
2.109
2.1104
2.1118
2.1132
2.1146
2.11601
2.11742
2.11882
2.12023
2.12164
2.12306
2.12447
2.12588
2.1273
2.12872
2.13014
2.13156
2.13298
2.1344
2.13582
2.13725
2.13867
2.1401
2.14153
2.14296
2.14439
2.14582
2.14726
2.14869
2.15013
2.15157
2.15301
2.15445
2.15589
2.15733
2.15877
2.16022
2.16167
2.16311
2.16456
2.16601
2.16746
2.16892
2.17037
2.17182
2.17328
2.17474
2.1762
2.17766
2.17912
2.18058
2.18204
2.18351
2.18497
2.18644
2.18791
2.18938
2.19085
2.19232
2.1938
2.19527
2.19675
2.19822
2.1997
2.20118
2.20266
2.20414
2.20563
2.20711
2.2086
2.21008
2.21157
2.21306
2.21455
2.21605
2.21754
2.21903
2.22053
2.22203
2.22352
2.22502
2.22652
2.22802
2.22953
2.23103
2.23254
2.23404
2.23555
2.23706
2.23857
2.24008
2.24159
2.2431
2.24462
2.24613
2.24765
2.24917
2.25068
2.2522
2.25372
2.25524
2.25675
2.25826
2.25976
2.26126
2.26276
2.26426
2.26576
2.26725
2.26875
2.27025
2.27176
2.27326
2.27476
2.27627
2.27777
2.27928
2.28079
2.2823
2.28381
2.28532
2.28683
2.28835
2.28986
2.29138
2.29289
2.29441
2.29593
2.29745
2.29897
2.30049
2.30202
2.30354
2.30507
2.30659
2.30812
2.30965
2.31118
2.31271
2.31424
2.31577
2.3173
2.31884
2.32037
2.32191
2.32345
2.32498
2.32652
2.32807
2.32961
2.33115
2.3327
2.33424
2.33579
2.33734
2.33889
2.34044
2.342
2.34355
2.34511
2.34666
2.34822
2.34978
2.35135
2.35291
2.35447
2.35604
2.35761
2.35918
2.36075
2.36232
2.3639
2.36547
2.36705
2.36863
2.37021
2.3718
2.37339
2.37497
2.37657
2.37816
2.37975
2.38135
2.38295
2.38455
2.38616
2.38776
2.38937
2.39098
2.39259
2.3942
2.39582
2.39744
2.39906
2.40067
2.40229
2.40391
2.40553
2.40715
2.40876
2.41038
2.41199
2.41361
2.41522
2.41684
2.41845
2.42006
2.42168
2.42329
2.4249
2.42652
2.42813
2.42975
2.43137
2.43299
2.43461
2.43623
2.43785
2.43947
2.44109
2.44271
2.44433
2.44596
2.44758
2.4492
2.45082
2.45244
2.45406
2.45568
2.4573
2.45891
2.46052
2.46213
2.46373
2.46534
2.46693
2.46853
2.47013
2.47172
2.4733
2.47489
2.47647
2.47805
2.47963
2.4812
2.48277
2.48434
2.4859
2.48746
2.48902
2.49057
2.49212
2.49367
2.49522
2.49676
2.4983
2.49983
2.50136
2.50289
2.50442
2.50594
2.50746
2.50897
2.51048
2.51199
2.51349
2.51499
2.51649
2.51798
2.51947
2.52096
2.52244
2.52392
2.5254
2.52687
2.52834
2.52981
2.53127
2.53273
2.53418
2.53564
2.53708
2.53853
2.53997
2.54141
2.54285
2.54428
2.54571
2.54713
2.54856
2.54998
2.55139
2.55281
2.55422
2.55563
2.55703
2.55843
2.55983
2.56123
2.56262
2.56402
2.5654
2.56679
2.56817
2.56956
2.57094
2.57231
2.57369
2.57506
2.57643
2.57779
2.57916
2.58052
2.58188
2.58324
2.5846
2.58595
2.58731
2.58866
2.59001
2.59135
2.5927
2.59404
2.59538
2.59672
2.59806
2.5994
2.60073
2.60207
2.6034
2.60473
2.60606
2.60739
2.60871
2.61004
2.61136
2.61269
2.61401
2.61533
2.61665
2.61797
2.6193
2.62062
2.62193
2.62325
2.62457
2.62589
2.62721
2.62853
2.62985
2.63116
2.63248
2.6338
2.63512
2.63644
2.63776
2.63907
2.64039
2.64171
2.64303
2.64435
2.64567
2.64699
2.64831
2.64963
2.65095
2.65228
2.6536
2.65492
2.65624
2.65757
2.65889
2.66022
2.66154
2.66287
2.66419
2.66552
2.66684
2.66817
2.6695
2.67083
2.67216
2.67348
2.67481
2.67614
2.67747
2.67881
2.68014
2.68147
2.6828
2.68413
2.68547
2.6868
2.68814
2.68947
2.69081
2.69214
2.69348
2.69482
2.69615
2.69749
2.69883
2.70017
2.70151
2.70285
2.70419
2.70553
2.70688
2.70822
2.70956
2.71091
2.71225
2.7136
2.71495
2.71629
2.71764
2.71899
2.72034
2.72169
2.72304
2.72439
2.72574
2.7271
2.72845
2.72981
2.73116
2.73252
2.73387
2.73523
2.73659
2.73795
2.73931
2.74067
2.74203
2.7434
2.74476
2.74612
2.74749
2.74885
2.75022
2.75159
2.75296
2.75433
2.7557
2.75707
2.75844
2.75982
2.76119
2.76257
2.76395
2.76532
2.7667
2.76808
2.76946
2.77085
2.77223
2.77361
2.775
2.77639
2.77777
2.77916
2.78055
2.78194
2.78334
2.78473
2.78612
2.78752
2.78892
2.79032
2.79172
2.79312
2.79452
2.79592
2.79733
2.79873
2.80014
2.80155
2.80296
2.80437
2.80578
2.80719
2.80861
2.81002
2.81144
2.81286
2.81427
2.81569
2.81712
2.81854
2.81996
2.82139
2.82281
2.82424
2.82567
2.8271
2.82853
2.82996
2.83139
2.83283
2.83426
2.8357
2.83714
2.83858
2.84002
2.84146
2.8429
2.84435
2.84579
2.84724
2.84869
2.85013
2.85158
2.85303
2.85449
2.85594
2.85739
2.85885
2.8603
2.86176
2.86322
2.86468
2.86614
2.8676
2.86906
2.87053
2.87199
2.87346
2.87493
2.87639
2.87786
2.87933
2.8808
2.88228
2.88375
2.88522
2.8867
2.88817
2.88965
2.89113
2.89261
2.89409
2.89557
2.89705
2.89854
2.90002
2.90151
2.903
2.90449
2.90598
2.90747
2.90895
2.91043
2.91191
2.91338
2.91484
2.9163
2.91776
2.91921
2.92066
2.92211
2.92357
2.92502
2.92648
2.92794
2.9294
2.93086
2.93232
2.93378
2.93525
2.93671
2.93818
2.93965
2.94112
2.94259
2.94407
2.94554
2.94702
2.94849
2.94997
2.95145
2.95293
2.95441
2.95589
2.95738
2.95886
2.96034
2.96183
2.96332
2.9648
2.96629
2.96778
2.96927
2.97076
2.97225
2.97374
2.97523
2.97672
2.97822
2.97971
2.98121
2.9827
2.9842
2.9857
2.9872
2.9887
2.9902
2.9917
2.99321
2.99471
2.99622
2.99773
2.99924
3.00075
3.00226
3.00377
3.00529
3.0068
3.00832
3.00984
3.01136
3.01288
3.0144
3.01592
3.01745
3.01897
3.0205
3.02203
3.02356
3.0251
3.02663
3.02817
3.02971
3.03125
3.03279
3.03434
3.03588
3.03743
3.03898
3.04054
3.04209
3.04365
3.04521
3.04677
3.04833
3.04989
3.05146
3.05302
3.05459
3.05616
3.05774
3.05931
3.06089
3.06247
3.06405
3.06563
3.06721
3.0688
3.07039
3.07198
3.07357
3.07516
3.07676
3.07836
3.07996
3.08156
3.08317
3.08477
3.08638
3.08799
3.0896
3.09122
3.09283
3.09445
3.09607
3.09769
3.09931
3.10094
3.10256
3.10419
3.10582
3.10745
3.10909
3.11072
3.11236
3.114
3.11564
3.11729
3.11894
3.12058
3.12223
3.12389
3.12554
3.1272
3.12885
3.13051
3.13217
3.13384
3.1355
3.13717
3.13884
3.14051
3.14218
3.14386
3.14553
3.14721
3.14889
3.15057
3.15226
3.15394
3.15562
3.1573
3.15898
3.16066
3.16233
3.16401
3.16568
3.16735
3.16902
3.17069
3.17236
3.17402
3.17569
3.17735
3.17902
3.18068
3.18234
3.184
3.18566
3.18732
3.18899
3.19065
3.19231
3.19397
3.19563
3.19728
3.19894
3.20059
3.20225
3.2039
3.20555
3.20719
3.20883
3.21047
3.21211
3.21374
3.21537
3.217
3.21862
3.22024
3.22186
3.22348
3.22509
3.2267
3.2283
3.2299
3.2315
3.23309
3.23468
3.23627
3.23785
3.23943
3.241
3.24258
3.24414
3.24571
3.24727
3.24882
3.25038
3.25193
3.25347
3.25501
3.25655
3.25809
3.25962
3.26115
3.26267
3.26419
3.26571
3.26722
3.26873
3.27024
3.27175
3.27325
3.27474
3.27624
3.27773
3.27921
3.28069
3.28217
3.28365
3.28512
3.28659
3.28805
3.28952
3.29097
3.29243
3.29388
3.29533
3.29677
3.29821
3.29965
3.30109
3.30252
3.30395
3.30537
3.3068
3.30822
3.30964
3.31105
3.31246
3.31387
3.31528
3.31668
3.31808
3.31948
3.32088
3.32227
3.32367
3.32506
3.32644
3.32783
3.32921
3.33059
3.33197
3.33335
3.33473
3.3361
3.33748
3.33885
3.34022
3.34158
3.34295
3.34431
3.34568
3.34704
3.3484
3.34976
3.35112
3.35248
3.35383
3.35519
3.35655
3.3579
3.35926
3.36061
3.36196
3.36331
3.36467
3.36602
3.36737
3.36872
3.37007
3.37142
3.37277
3.37412
3.37547
3.37682
3.37817
3.37952
3.38087
3.38222
3.38357
3.38491
3.38626
3.38761
3.38896
3.3903
3.39165
3.393
3.39435
3.39569
3.39704
3.39839
3.39973
3.40108
3.40243
3.40378
3.40512
3.40647
3.40782
3.40917
3.41052
3.41187
3.41322
3.41457
3.41592
3.41727
3.41862
3.41997
3.42133
3.42268
3.42403
3.42539
3.42674
3.4281
3.42946
3.43081
3.43217
3.43353
3.43489
3.43625
3.43761
3.43897
3.44033
3.44169
3.44306
3.44442
3.44579
3.44715
3.44852
3.44989
3.45126
3.45262
3.45399
3.45536
3.45674
3.45811
3.45948
3.46086
3.46223
3.46361
3.46498
3.46636
3.46774
3.46912
3.4705
3.47188
3.47326
3.47464
3.47603
3.47741
3.4788
3.48018
3.48157
3.48296
3.48435
3.48574
3.48713
3.48852
3.48991
3.49131
3.4927
3.49409
3.49549
3.49689
3.49828
3.49968
3.50108
3.50248
3.50388
3.50528
3.50668
3.50809
3.50949
3.5109
3.5123
3.51371
3.51511
3.51652
3.51793
3.51934
3.52075
3.52216
3.52357
3.52499
3.5264
3.52782
3.52923
3.53065
3.53206
3.53348
3.5349
3.53632
3.53774
3.53917
3.54059
3.54201
3.54344
3.54486
3.54629
3.54772
3.54915
3.55058
3.55201
3.55344
3.55487
3.55631
3.55774
3.55918
3.56062
3.56206
3.5635
3.56494
3.56638
3.56782
3.56927
3.57071
3.57216
3.5736
3.57505
3.5765
3.57795
3.57941
3.58086
3.58231
3.58377
3.58522
3.58668
3.58814
3.5896
3.59106
3.59252
3.59398
3.59545
3.59691
3.59838
3.59985
3.60132
3.60279
3.60426
3.60573
3.6072
3.60867
3.61015
3.61163
3.6131
3.61458
3.61606
3.61755
3.61903
3.62051
3.622
3.62348
3.62497
3.62646
3.62795
3.62944
3.63093
3.63242
3.63392
3.63541
3.63691
3.63841
3.63991
3.64141
3.64291
3.64441
3.64591
3.64742
3.64892
3.65043
3.65193
3.65344
3.65495
3.65646
3.65797
3.65948
3.661
3.66251
3.66403
3.66554
3.66706
3.66858
3.6701
3.67162
3.67314
3.67466
3.67618
3.6777
3.67923
3.68074
3.68225
3.68376
3.68526
3.68675
3.68825
3.68974
3.69124
3.69274
3.69423
3.69573
3.69723
3.69873
3.70023
3.70173
3.70323
3.70473
3.70623
3.70774
3.70924
3.71074
3.71225
3.71376
3.71526
3.71677
3.71828
3.71979
3.7213
3.72281
3.72432
3.72583
3.72735
3.72886
3.73037
3.73189
3.7334
3.73492
3.73644
3.73795
3.73947
3.74099
3.74251
3.74403
3.74555
3.74707
3.74859
3.75012
3.75164
3.75317
3.75469
3.75622
3.75775
3.75928
3.76081
3.76234
3.76388
3.76541
3.76695
3.76848
3.77002
3.77156
3.7731
3.77464
3.77618
3.77773
3.77927
3.78082
3.78237
3.78392
3.78547
3.78702
3.78857
3.79013
3.79169
3.79325
3.79481
3.79637
3.79794
3.7995
3.80107
3.80264
3.80422
3.80579
3.80737
3.80894
3.81052
3.8121
3.81369
3.81527
3.81686
3.81845
3.82004
3.82163
3.82322
3.82481
3.82641
3.82801
3.82961
3.83121
3.83281
3.83442
3.83603
3.83764
3.83925
3.84086
3.84247
3.84409
3.84571
3.84733
3.84895
3.85057
3.8522
3.85382
3.85545
3.85708
3.85872
3.86035
3.86199
3.86362
3.86526
3.8669
3.86854
3.87019
3.87183
3.87348
3.87513
3.87678
3.87843
3.88009
3.88174
3.8834
3.88506
3.88672
3.88838
3.89005
3.89172
3.89339
3.89506
3.89673
3.8984
3.90008
3.90176
3.90344
3.90512
3.9068
3.90849
3.91017
3.91185
3.91354
3.91522
3.9169
3.91858
3.92025
3.92193
3.9236
3.92527
3.92695
3.92861
3.93028
3.93195
3.93361
3.93528
3.93694
3.9386
3.94026
3.94192
3.94358
3.94524
3.9469
3.94856
3.95022
3.95187
3.95353
3.95518
3.95683
3.95847
3.96012
3.96176
3.96339
3.96502
3.96665
3.96828
3.9699
3.97152
3.97313
3.97474
3.97635
3.97795
3.97955
3.98115
3.98275
3.98434
3.98592
3.98751
3.98909
3.99066
3.99223
3.9938
3.99537
3.99693
3.99849
4.00005
4.0016
4.00315
4.00469
4.00623
4.00777
4.00931
4.01084
4.01237
4.01389
4.01541
4.01693
4.01845
4.01996
4.02147
4.02297
4.02447
4.02597
4.02747
4.02896
4.03045
4.03193
4.03341
4.03489
4.03636
4.03783
4.0393
4.04076
4.04222
4.04368
4.04513
4.04658
4.04803
4.04948
4.05092
4.05236
4.05379
4.05523
4.05666
4.05808
4.05951
4.06093
4.06235
4.06376
4.06518
4.06659
4.068
4.0694
4.0708
4.0722
4.0736
4.075
4.07639
4.07778
4.07917
4.08055
4.08194
4.08332
4.0847
4.08608
4.08745
4.08882
4.0902
4.09157
4.09293
4.0943
4.09566
4.09703
4.09839
4.09975
4.10111
4.10247
4.10383
4.10518
4.10654
4.10789
4.10925
4.1106
4.11195
4.11331
4.11466
4.11601
4.11737
4.11872
4.12007
4.12142
4.12278
4.12413
4.12549
4.12684
4.12819
4.12955
4.13091
4.13226
4.13362
4.13498
4.13633
4.13769
4.13905
4.14041
4.14177
4.14313
4.14449
4.14586
4.14722
4.14858
4.14995
4.15131
4.15268
4.15405
4.15541
4.15678
4.15815
4.15952
4.16089
4.16226
4.16364
4.16501
4.16638
4.16776
4.16913
4.17051
4.17189
4.17327
4.17465
4.17603
4.17741
4.17879
4.18017
4.18156
4.18294
4.18433
4.18571
4.1871
4.18849
4.18988
4.19126
4.19265
4.19404
4.19544
4.19683
4.19822
4.19961
4.20101
4.2024
4.2038
4.2052
4.20659
4.20799
4.20939
4.21079
4.21219
4.21359
4.21499
4.21639
4.21779
4.21919
4.2206
4.222
4.22341
4.22481
4.22622
4.22762
4.22903
4.23044
4.23184
4.23325
4.23466
4.23607
4.23748
4.23889
4.2403
4.24171
4.24313
4.24454
4.24595
4.24737
4.24878
4.25019
4.25161
4.25302
4.25443
4.25584
4.25725
4.25866
4.26006
4.26147
4.26287
4.26428
4.26568
4.26709
4.26849
4.26989
4.2713
4.2727
4.27411
4.27551
4.27691
4.27832
4.27972
4.28113
4.28254
4.28394
4.28535
4.28676
4.28817
4.28958
4.29099
4.2924
4.29381
4.29522
4.29663
4.29805
4.29946
4.30088
4.3023
4.30371
4.30513
4.30655
4.30797
4.30939
4.31081
4.31223
4.31366
4.31508
4.31651
4.31793
4.31936
4.32079
4.32221
4.32364
4.32507
4.32651
4.32794
4.32937
4.3308
4.33224
4.33367
4.33511
4.33655
4.33799
4.33943
4.34087
4.34231
4.34375
4.34519
4.34664
4.34808
4.34953
4.35097
4.35242
4.35387
4.35532
4.35677
4.35822
4.35967
4.36113
4.36258
4.36404
4.36549
4.36695
4.36841
4.36986
4.37132
4.37278
4.37424
4.37571
4.37717
4.37863
4.3801
4.38156
4.38303
4.38449
4.38596
4.38743
4.3889
4.39037
4.39184
4.39331
4.39478
4.39626
4.39773
4.3992
4.40068
4.40216
4.40363
4.40511
4.40659
4.40807
4.40955
4.41103
4.41251
4.41398
4.41545
4.41691
4.41837
4.41982
4.42128
4.42273
4.42418
4.42563
4.42709
4.42854
4.43
4.43145
4.43291
4.43437
4.43583
4.43728
4.43874
4.4402
4.44166
4.44312
4.44458
4.44605
4.44751
4.44897
4.45044
4.4519
4.45337
4.45483
4.4563
4.45777
4.45924
4.46071
4.46218
4.46365
4.46512
4.46659
4.46806
4.46954
4.47101
4.47249
4.47396
4.47544
4.47692
4.47839
4.47987
4.48135
4.48283
4.48432
4.4858
4.48728
4.48877
4.49026
4.49174
4.49323
4.49472
4.49621
4.49771
4.4992
4.5007
4.50219
4.50369
4.50519
4.50669
4.5082
4.5097
4.51121
4.51271
4.51422
4.51573
4.51725
4.51876
4.52028
4.5218
4.52332
4.52484
4.52636
4.52789
4.52942
4.53095
4.53249
4.53402
4.53556
4.5371
4.53864
4.54019
4.54174
4.54328
4.54483
4.54639
4.54794
4.5495
4.55106
4.55262
4.55418
4.55575
4.55732
4.55888
4.56046
4.56203
4.56361
4.56518
4.56676
4.56834
4.56993
4.57152
4.5731
4.57469
4.57629
4.57788
4.57948
4.58108
4.58268
4.58428
4.58589
4.58749
4.5891
4.59071
4.59232
4.59394
4.59555
4.59717
4.59879
4.60041
4.60203
4.60366
4.60529
4.60692
4.60855
4.61018
4.61181
4.61345
4.61509
4.61673
4.61837
4.62002
4.62166
4.62331
4.62496
4.62661
4.62826
4.62992
4.63158
4.63323
4.63489
4.63655
4.63822
4.63988
4.64155
4.64322
4.64489
4.64656
4.64823
4.64991
4.65158
4.65326
4.65494
4.65662
4.65831
4.65999
4.66168
4.66337
4.66506
4.66675
4.66845
4.67014
4.67184
4.67354
4.67524
4.67694
4.67865
4.68035
4.68206
4.68377
4.68548
4.68719
4.68891
4.69062
4.69233
4.69404
4.69574
4.69745
4.69915
4.70086
4.70256
4.70426
4.70595
4.70765
4.70934
4.71103
4.71272
4.71441
4.7161
4.71779
4.71947
4.72115
4.72284
4.72452
4.72621
4.72789
4.72957
4.73125
4.73293
4.7346
4.73628
4.73795
4.73962
4.74129
4.74295
4.74461
4.74627
4.74792
4.74957
4.75121
4.75285
4.75449
4.75612
4.75775
4.75938
4.761
4.76262
4.76424
4.76585
4.76746
4.76907
4.77067
4.77227
4.77386
4.77545
4.77704
4.77863
4.78021
4.78178
4.78336
4.78493
4.7865
4.78806
4.78962
4.79118
4.79273
4.79429
4.79583
4.79738
4.79892
4.80045
4.80199
4.80352
4.80504
4.80657
4.80809
4.8096
4.81111
4.81262
4.81413
4.81563
4.81713
4.81863
4.82012
4.82161
4.82309
4.82457
4.82605
4.82753
4.829
4.83047
4.83193
4.83339
4.83485
4.83631
4.83776
4.83921
4.84066
4.8421
4.84354
4.84498
4.84641
4.84785
4.84928
4.8507
4.85212
4.85355
4.85496
4.85638
4.85779
4.8592
4.86061
4.86202
4.86342
4.86482
4.86622
4.86762
4.86902
4.87041
4.8718
4.87319
4.87458
4.87597
4.87735
4.87874
4.88012
4.8815
4.88288
4.88426
4.88564
4.88701
4.88839
4.88976
4.89114
4.89251
4.89388
4.89525
4.89663
4.898
4.89937
4.90074
4.90211
4.90348
4.90485
4.90622
4.90759
4.90896
4.91033
4.9117
4.91308
4.91445
4.91582
4.91719
4.91857
4.91994
4.92132
4.92269
4.92407
4.92544
4.92682
4.9282
4.92958
4.93096
4.93234
4.93372
4.9351
4.93648
4.93786
4.93925
4.94063
4.94202
4.9434
4.94479
4.94618
4.94757
4.94896
4.95035
4.95174
4.95313
4.95453
4.95592
4.95731
4.95871
4.96011
4.9615
4.9629
4.9643
4.9657
4.9671
4.9685
4.9699
4.97131
4.97271
4.97412
4.97552
4.97693
4.97833
4.97974
4.98115
4.98256
4.98397
4.98538
4.98679
4.9882
4.98961
4.99103
4.99244
4.99385
4.99527
4.99668
4.9981
4.99952
5.00094
5.00235
5.00377
5.00519
5.00661
5.00803
5.00946
5.01088
5.0123
5.01373
5.01515
5.01658
5.018
5.01943
5.02085
5.02228
5.02371
5.02514
5.02657
5.028
5.02943
5.03086
5.03229
5.03372
5.03515
5.03658
5.03801
5.03943
5.04086
5.04228
5.04371
5.04513
5.04656
5.04798
5.0494
5.05083
5.05225
5.05367
5.0551
5.05652
5.05794
5.05936
5.06079
5.06221
5.06364
5.06506
5.06649
5.06791
5.06934
5.07077
5.0722
5.07363
5.07506
5.07649
5.07792
5.07935
5.08078
5.08221
5.08365
5.08508
5.08652
5.08795
5.08939
5.09083
5.09227
5.09371
5.09515
5.09659
5.09803
5.09947
5.10091
5.10236
5.1038
5.10525
5.10669
5.10814
5.10959
5.11104
5.11249
5.11394
5.11539
5.11684
5.1183
5.11975
5.1212
5.12266
5.12412
5.12557
5.12703
5.12849
5.12995
5.13141
5.13287
5.13433
5.1358
5.13726
5.13872
5.14019
5.14166
5.14312
5.14459
5.14606
5.14753
5.149
5.15047
5.15194
5.15342
5.15489
5.15637
5.15784
5.15932
5.16079
5.16227
5.16375
5.16523
5.16671
5.16819
5.16967
5.17116
5.17264
5.17412
5.17561
5.17709
5.17858
5.18007
5.18156
5.18304
5.18453
5.18602
5.18751
5.189
5.1905
5.19199
5.19348
5.19498
5.19647
5.19797
5.19946
5.20096
5.20246
5.20396
5.20546
5.20695
5.20844
5.20993
5.21141
5.21289
5.21437
5.21584
5.21732
5.21879
5.22026
5.22174
5.22322
5.22469
5.22617
5.22764
5.22912
5.2306
5.23208
5.23356
5.23504
5.23652
5.238
5.23948
5.24096
5.24245
5.24393
5.24541
5.2469
5.24838
5.24987
5.25135
5.25284
5.25433
5.25582
5.25731
5.2588
5.26029
5.26178
5.26327
5.26476
5.26626
5.26775
5.26924
5.27074
5.27224
5.27373
5.27523
5.27673
5.27823
5.27973
5.28123
5.28274
5.28424
5.28575
5.28725
5.28876
5.29027
5.29178
5.2933
5.29481
5.29632
5.29784
5.29936
5.30088
5.3024
5.30392
5.30544
5.30697
5.3085
5.31002
5.31155
5.31309
5.31462
5.31616
5.31769
5.31923
5.32078
5.32232
5.32387
5.32542
5.32697
5.32852
5.33008
5.33163
5.33319
5.33476
5.33632
5.33789
5.33946
5.34103
5.3426
5.34417
5.34575
5.34733
5.34891
5.35049
5.35208
5.35367
5.35525
5.35685
5.35844
5.36003
5.36163
5.36323
5.36483
5.36644
5.36804
5.36965
5.37126
5.37287
5.37449
5.3761
5.37772
5.37934
5.38096
5.38259
5.38422
5.38584
5.38747
5.3891
5.39074
5.39237
5.39401
5.39565
5.39729
5.39893
5.40058
5.40222
5.40387
5.40552
5.40717
5.40883
5.41048
5.41214
5.4138
5.41546
5.41712
5.41879
5.42046
5.42212
5.42379
5.42547
5.42714
5.42882
5.43049
5.43217
5.43385
5.43553
5.43722
5.4389
5.44059
5.44228
5.44397
5.44566
5.44735
5.44905
5.45074
5.45244
5.45414
5.45584
5.45755
5.45925
5.46096
5.46267
5.46438
5.46609
5.46781
5.46952
5.47124
5.47296
5.47468
5.4764
5.47812
5.47984
5.48156
5.48327
5.48499
5.4867
5.48841
5.49011
5.49182
5.49352
5.49523
5.49693
5.49863
5.50033
5.50202
5.50372
5.50541
5.5071
5.5088
5.51049
5.51218
5.51387
5.51557
5.51725
5.51894
5.52063
5.52232
5.524
5.52568
5.52736
5.52904
5.53071
5.53238
5.53405
5.53571
5.53737
5.53902
5.54067
5.54232
5.54396
5.5456
5.54724
5.54887
5.5505
5.55212
5.55374
5.55536
5.55697
5.55858
5.56019
5.56179
5.56339
5.56499
5.56658
5.56817
5.56975
5.57134
5.57292
5.57449
5.57606
5.57763
5.5792
5.58076
5.58232
5.58388
5.58543
5.58698
5.58853
5.59007
5.59161
5.59314
5.59468
5.59621
5.59773
5.59925
5.60077
5.60229
5.6038
5.60531
5.60681
5.60832
5.60981
5.61131
5.6128
5.61429
5.61578
5.61726
5.61874
5.62021
5.62169
5.62316
5.62462
5.62609
5.62755
5.629
5.63046
5.63191
5.63335
5.6348
5.63624
5.63768
5.63912
5.64055
5.64198
5.64341
5.64484
5.64626
5.64768
5.6491
5.65052
5.65193
5.65334
5.65475
5.65616
5.65757
5.65897
5.66037
5.66177
5.66317
5.66457
5.66597
5.66736
5.66875
5.67014
5.67153
5.67292
5.67431
5.6757
5.67708
5.67847
5.67985
5.68124
5.68262
5.684
5.68538
5.68677
5.68815
5.68953
5.69091
5.69229
5.69367
5.69505
5.69643
5.69781
5.6992
5.70058
5.70196
5.70334
5.70473
5.70611
5.70749
5.70888
5.71026
5.71165
5.71304
5.71442
5.71581
5.7172
5.71859
5.71998
5.72137
5.72276
5.72415
5.72555
5.72694
5.72834
5.72973
5.73113
5.73253
5.73392
5.73532
5.73672
5.73812
5.73953
5.74093
5.74233
5.74374
5.74514
5.74655
5.74795
5.74936
5.75077
5.75218
5.75359
5.755
5.75641
5.75783
5.75924
5.76066
5.76207
5.76349
5.7649
5.76632
5.76774
5.76916
5.77058
5.772
5.77342
5.77484
5.77627
5.77769
5.77912
5.78054
5.78197
5.78339
5.78482
5.78625
5.78768
5.7891
5.79053
5.79196
5.79339
5.79483
5.79626
5.79769
5.79912
5.80056
5.80199
5.80343
5.80486
5.8063
5.80774
5.80917
5.81061
5.81205
5.81349
5.81493
5.81637
5.81781
5.81925
5.82069
5.82213
5.82357
5.82501
5.82644
5.82788
5.82931
5.83075
5.83218
5.83361
5.83504
5.83647
5.8379
5.83933
5.84076
5.84219
5.84362
5.84505
5.84648
5.84791
5.84934
5.85077
5.8522
5.85363
5.85507
5.8565
5.85793
5.85937
5.8608
5.86224
5.86367
5.86511
5.86655
5.86799
5.86942
5.87086
5.8723
5.87375
5.87519
5.87663
5.87807
5.87952
5.88096
5.88241
5.88385
5.8853
5.88675
5.8882
5.88965
5.8911
5.89255
5.894
5.89545
5.89691
5.89836
5.89982
5.90127
5.90273
5.90419
5.90564
5.9071
5.90856
5.91002
5.91148
5.91295
5.91441
5.91587
5.91734
5.9188
5.92027
5.92174
5.9232
5.92467
5.92614
5.92761
5.92908
5.93055
5.93203
5.9335
5.93497
5.93645
5.93792
5.9394
5.94088
5.94236
5.94383
5.94531
5.94679
5.94828
5.94976
5.95124
5.95272
5.95421
5.95569
5.95718
5.95866
5.96015
5.96164
5.96313
5.96462
5.96611
5.9676
5.96909
5.97058
5.97208
5.97357
5.97507
5.97656
5.97806
5.97956
5.98105
5.98255
5.98405
5.98555
5.98705
5.98855
5.99005
5.99156
5.99306
5.99456
5.99606
5.99755
5.99904
6.00052
6.002
6.00348
6.00496
6.00644
6.00792
6.00939
6.01087
6.01235
6.01383
6.01531
6.0168
6.01828
6.01976
6.02124
6.02273
6.02421
6.0257
6.02718
6.02867
6.03015
6.03164
6.03313
6.03462
6.03611
6.0376
6.03909
6.04058
6.04207
6.04357
6.04506
6.04655
6.04805
6.04954
6.05104
6.05254
6.05404
6.05553
6.05703
6.05853
6.06003
6.06154
6.06304
6.06454
6.06605
6.06755
6.06906
6.07057
6.07208
6.07359
6.0751
6.07661
6.07813
6.07964
6.08116
6.08268
6.0842
6.08572
6.08724
6.08876
6.09029
6.09181
6.09334
6.09487
6.0964
6.09794
6.09947
6.10101
6.10255
6.10409
6.10563
6.10717
6.10872
6.11027
6.11182
6.11338
6.11493
6.11649
6.11805
6.11961
6.12118
6.12275
6.12432
6.12589
6.12746
6.12904
6.13062
6.1322
6.13378
6.13537
6.13695
6.13854
6.14013
6.14173
6.14332
6.14492
6.14652
6.14812
6.14973
6.15133
6.15294
6.15455
6.15617
6.15778
6.1594
6.16102
6.16264
6.16427
6.16589
6.16752
6.16915
6.17078
6.17242
6.17405
6.17569
6.17733
6.17897
6.18062
6.18226
6.18391
6.18556
6.18721
6.18886
6.19052
6.19218
6.19384
6.1955
6.19716
6.19882
6.20049
6.20216
6.20383
6.2055
6.20718
6.20885
6.21053
6.21221
6.21389
6.21558
6.21726
6.21895
6.22064
6.22233
6.22402
6.22571
6.22741
6.2291
6.2308
6.2325
6.2342
6.2359
6.23761
6.23932
6.24102
6.24273
6.24445
6.24616
6.24788
6.24959
6.25131
6.25303
6.25475
6.25648
6.2582
6.25993
6.26166
6.26339
6.26512
6.26686
6.26859
6.27032
6.27205
6.27377
6.2755
6.27722
6.27894
6.28066
6.28238
6.2841
6.28581
6.28753
6.28924
6.29095
6.29266
6.29436
6.29607
6.29778
6.29948
6.30119
6.30289
6.3046
6.3063
6.30801
6.30971
6.31141
6.31311
6.3148
6.3165
6.31819
6.31988
6.32157
6.32326
6.32494
6.32662
6.32829
6.32996
6.33162
6.33328
6.33494
6.33659
6.33824
6.33989
6.34153
6.34317
6.3448
6.34643
6.34806
6.34968
6.3513
6.35291
6.35453
6.35613
6.35774
6.35934
6.36094
6.36253
6.36412
6.36571
6.3673
6.36888
6.37046
6.37203
6.3736
6.37517
6.37674
6.3783
6.37985
6.38141
6.38296
6.38451
6.38605
6.3876
6.38913
6.39067
6.3922
6.39373
6.39525
6.39677
6.39829
6.39981
6.40132
6.40283
6.40433
6.40583
6.40733
6.40883
6.41032
6.41181
6.41329
6.41477
6.41625
6.41773
6.4192
6.42067
6.42214
6.4236
6.42506
6.42652
6.42798
6.42943
6.43088
6.43232
6.43377
6.43521
6.43665
6.43809
6.43952
6.44095
6.44238
6.44381
6.44523
6.44666
6.44808
6.4495
6.45091
6.45233
6.45374
6.45516
6.45657
6.45797
6.45938
6.46079
6.46219
6.4636
6.465
6.4664
6.4678
6.4692
6.4706
6.472
6.47339
6.47479
6.47618
6.47758
6.47897
6.48037
6.48176
6.48316
6.48455
6.48595
6.48734
6.48874
6.49013
6.49153
6.49292
6.49432
6.49571
6.49711
6.49851
6.49991
6.5013
6.5027
6.5041
6.5055
6.5069
6.50831
6.50971
6.51111
6.51251
6.51392
6.51533
6.51673
6.51814
6.51955
6.52096
6.52236
6.52378
6.52519
6.5266
6.52801
6.52943
6.53084
6.53226
6.53367
6.53509
6.53651
6.53793
6.53935
6.54077
6.54219
6.54361
6.54504
6.54646
6.54789
6.54931
6.55074
6.55217
6.5536
6.55503
6.55646
6.55789
6.55932
6.56075
6.56219
6.56362
6.56506
6.56649
6.56793
6.56937
6.5708
6.57224
6.57368
6.57512
6.57656
6.578
6.57945
6.58089
6.58233
6.58378
6.58522
6.58666
6.58811
6.58956
6.591
6.59245
6.5939
6.59535
6.5968
6.59825
6.5997
6.60115
6.6026
6.60406
6.60551
6.60696
6.60842
6.60987
6.61133
6.61278
6.61423
6.61569
6.61714
6.61859
6.62004
6.62149
6.62294
6.62438
6.62583
6.62727
6.62872
6.63016
6.63161
6.63305
6.63449
6.63594
6.63738
6.63883
6.64027
6.64172
6.64316
6.64461
6.64605
6.6475
6.64895
6.6504
6.65185
6.6533
6.65475
6.6562
6.65765
6.6591
6.66055
6.66201
6.66346
6.66492
6.66637
6.66783
6.66929
6.67075
6.67221
6.67367
6.67513
6.67659
6.67805
6.67952
6.68098
6.68245
6.68391
6.68538
6.68685
6.68831
6.68978
6.69125
6.69272
6.6942
6.69567
6.69714
6.69862
6.70009
6.70157
6.70305
6.70452
6.706
6.70748
6.70896
6.71044
6.71193
6.71341
6.71489
6.71638
6.71786
6.71935
6.72084
6.72233
6.72382
6.72531
6.7268
6.72829
6.72978
6.73127
6.73277
6.73426
6.73576
6.73726
6.73876
6.74026
6.74176
6.74326
6.74476
6.74626
6.74776
6.74927
6.75077
6.75228
6.75379
6.75529
6.7568
6.75831
6.75982
6.76133
6.76284
6.76436
6.76587
6.76738
6.7689
6.77042
6.77193
6.77345
6.77497
6.77649
6.77801
6.77953
6.78105
6.78257
6.7841
6.78562
6.78715
6.78867
6.7902
6.79173
6.79326
6.79478
6.79631
6.79785
6.79937
6.8009
6.80242
6.80393
6.80544
6.80695
6.80846
6.80997
6.81147
6.81298
6.81449
6.816
6.81751
6.81902
6.82053
6.82204
6.82355
6.82506
6.82657
6.82809
6.8296
6.83112
6.83263
6.83415
6.83566
6.83718
6.8387
6.84022
6.84174
6.84326
6.84478
6.84631
6.84783
6.84935
6.85088
6.8524
6.85393
6.85546
6.85699
6.85852
6.86005
6.86158
6.86311
6.86464
6.86617
6.86771
6.86924
6.87078
6.87232
6.87386
6.8754
6.87694
6.87848
6.88002
6.88157
6.88312
6.88466
6.88621
6.88776
6.88932
6.89087
6.89243
6.89398
6.89554
6.8971
6.89866
6.90023
6.90179
6.90336
6.90492
6.90649
6.90807
6.90964
6.91122
6.9128
6.91438
6.91596
6.91754
6.91913
6.92072
6.92231
6.92391
6.9255
6.9271
6.9287
6.93031
6.93191
6.93352
6.93513
6.93674
6.93836
6.93997
6.94159
6.94321
6.94484
6.94646
6.94809
6.94972
6.95135
6.95298
6.95462
6.95626
6.9579
6.95954
6.96118
6.96283
6.96448
6.96613
6.96778
6.96944
6.9711
6.97276
6.97442
6.97608
6.97775
6.97942
6.98109
6.98276
6.98443
6.98611
6.98778
6.98946
6.99115
6.99283
6.99452
6.9962
6.99789
6.99958
7.00128
7.00297
7.00467
7.00637
7.00807
7.00977
7.01148
7.01318
7.01489
7.0166
7.01832
7.02003
7.02175
7.02347
7.02519
7.02691
7.02863
7.03036
7.03208
7.03381
7.03554
7.03727
7.03901
7.04074
7.04248
7.04422
7.04596
7.0477
7.04944
7.05118
7.05292
7.05465
7.05639
7.05812
7.05986
7.06159
7.06332
7.06505
7.06678
7.0685
7.07023
7.07196
7.07368
7.0754
7.07712
7.07885
7.08057
7.08229
7.08401
7.08574
7.08746
7.08917
7.09089
7.09261
7.09432
7.09604
7.09775
7.09945
7.10116
7.10286
7.10455
7.10625
7.10793
7.10962
7.1113
7.11298
7.11466
7.11633
7.118
7.11967
7.12133
7.12299
7.12464
7.12629
7.12794
7.12959
7.13123
7.13287
7.1345
7.13614
7.13777
7.13939
7.14101
7.14263
7.14425
7.14586
7.14747
7.14907
7.15068
7.15228
7.15387
7.15547
7.15706
7.15864
7.16022
7.1618
7.16338
7.16495
7.16652
7.16809
7.16965
7.17121
7.17276
7.17431
7.17586
7.1774
7.17894
7.18048
7.18201
7.18354
7.18507
7.18659
7.18811
7.18963
7.19114
7.19265
7.19416
7.19566
7.19716
7.19866
7.20016
7.20165
7.20314
7.20462
7.20611
7.20759
7.20906
7.21054
7.21201
7.21348
7.21495
7.21641
7.21787
7.21933
7.22079
7.22225
7.2237
7.22515
7.2266
7.22804
7.22949
7.23093
7.23237
7.23381
7.23524
7.23668
7.23811
7.23954
7.24097
7.2424
7.24382
7.24525
7.24667
7.2481
7.24952
7.25094
7.25236
7.25377
7.25519
7.25661
7.25802
7.25944
7.26085
7.26227
7.26368
7.2651
7.26651
7.26792
7.26934
7.27075
7.27216
7.27358
7.27499
7.2764
7.27782
7.27923
7.28065
7.28206
7.28348
7.2849
7.28631
7.28773
7.28915
7.29057
7.29198
7.2934
7.29482
7.29625
7.29767
7.29909
7.30051
7.30194
7.30336
7.30479
7.30621
7.30764
7.30907
7.31049
7.31192
7.31335
7.31478
7.31622
7.31765
7.31908
7.32051
7.32195
7.32338
7.32482
7.32626
7.3277
7.32913
7.33057
7.33201
7.33345
7.3349
7.33634
7.33778
7.33923
7.34067
7.34212
7.34356
7.34501
7.34646
7.3479
7.34935
7.3508
7.35225
7.3537
7.35515
7.35661
7.35806
7.35951
7.36097
7.36242
7.36388
7.36533
7.36679
7.36825
7.3697
7.37116
7.37262
7.37408
7.37554
7.377
7.37846
7.37993
7.38139
7.38285
7.38432
7.38578
7.38725
7.38871
7.39018
7.39165
7.39311
7.39458
7.39605
7.39752
7.39898
7.40045
7.40192
7.40338
7.40485
7.40631
7.40778
7.40924
7.41071
7.41217
7.41364
7.4151
7.41656
7.41803
7.41949
7.42096
7.42242
7.42389
7.42536
7.42682
7.42829
7.42976
7.43123
7.4327
7.43417
7.43564
7.43712
7.43859
7.44006
7.44154
7.44301
7.44449
7.44597
7.44745
7.44893
7.45041
7.45189
7.45337
7.45485
7.45633
7.45782
7.4593
7.46079
7.46228
7.46376
7.46525
7.46674
7.46823
7.46972
7.47121
7.47271
7.4742
7.47569
7.47719
7.47868
7.48018
7.48168
7.48318
7.48467
7.48617
7.48767
7.48918
7.49068
7.49218
7.49369
7.49519
7.4967
7.4982
7.49971
7.50122
7.50273
7.50424
7.50575
7.50726
7.50878
7.51029
7.51181
7.51332
7.51484
7.51636
7.51788
7.5194
7.52092
7.52244
7.52396
7.52549
7.52701
7.52854
7.53006
7.53159
7.53312
7.53465
7.53618
7.53771
7.53924
7.54077
7.54231
7.54384
7.54538
7.54692
7.54846
7.54999
7.55153
7.55307
7.55462
7.55616
7.5577
7.55925
7.56079
7.56234
7.56389
7.56543
7.56698
7.56853
7.57008
7.57164
7.57319
7.57474
7.5763
7.57785
7.57941
7.58096
7.58252
7.58406
7.5856
7.58714
7.58867
7.59021
7.59174
7.59327
7.5948
7.59633
7.59786
7.5994
7.60093
7.60247
7.604
7.60554
7.60708
7.60862
7.61016
7.6117
7.61324
7.61478
7.61632
7.61786
7.61941
7.62095
7.6225
7.62404
7.62559
7.62714
7.62869
7.63024
7.63179
7.63334
7.6349
7.63645
7.63801
7.63956
7.64112
7.64267
7.64423
7.64579
7.64735
7.64891
7.65047
7.65204
7.6536
7.65517
7.65673
7.6583
7.65987
7.66144
7.66301
7.66458
7.66616
7.66773
7.66931
7.67089
7.67247
7.67405
7.67563
7.67721
7.6788
7.68039
7.68197
7.68356
7.68515
7.68675
7.68834
7.68994
7.69154
7.69314
7.69474
7.69635
7.69795
7.69956
7.70118
7.70279
7.70441
7.70602
7.70764
7.70927
7.71089
7.71252
7.71415
7.71578
7.71741
7.71905
7.72069
7.72233
7.72397
7.72561
7.72726
7.72891
7.73056
7.73221
7.73386
7.73552
7.73718
7.73884
7.7405
7.74217
7.74383
7.7455
7.74718
7.74885
7.75053
7.7522
7.75388
7.75557
7.75725
7.75894
7.76063
7.76232
7.76401
7.7657
7.7674
7.7691
7.7708
7.7725
7.77421
7.77591
7.77762
7.77933
7.78104
7.78276
7.78447
7.78619
7.78791
7.78963
7.79136
7.79308
7.79481
7.79654
7.79827
7.80001
7.80174
7.80348
7.80522
7.80696
7.8087
7.81045
7.81219
7.81394
7.81569
7.81744
7.8192
7.82095
7.82271
7.82447
7.82623
7.82799
7.82975
7.83151
7.83327
7.83503
7.83678
7.83854
7.84029
7.84204
7.84379
7.84554
7.84729
7.84903
7.85078
7.85252
7.85426
7.856
7.85775
7.85949
7.86123
7.86297
7.86471
7.86645
7.86819
7.86993
7.87167
7.8734
7.87514
7.87687
7.8786
7.88033
7.88205
7.88378
7.88549
7.88721
7.88892
7.89062
7.89232
7.89402
7.89572
7.89741
7.8991
7.90078
7.90246
7.90414
7.90581
7.90748
7.90915
7.91081
7.91247
7.91412
7.91577
7.91742
7.91907
7.92071
7.92234
7.92398
7.92561
7.92724
7.92886
7.93048
7.9321
7.93371
7.93532
7.93693
7.93853
7.94013
7.94173
7.94333
7.94492
7.9465
7.94809
7.94967
7.95124
7.95282
7.95439
7.95595
7.95752
7.95908
7.96063
7.96218
7.96373
7.96528
7.96682
7.96836
7.96989
7.97142
7.97295
7.97448
7.976
7.97752
7.97904
7.98055
7.98206
7.98356
7.98507
7.98657
7.98807
7.98956
7.99105
7.99254
7.99403
7.99551
7.99699
7.99847
7.99995
8.00142
8.00289
8.00436
8.00583
8.00729
8.00875
8.01021
8.01167
8.01312
8.01457
8.01603
8.01747
8.01892
8.02037
8.02181
8.02325
8.02469
8.02613
8.02757
8.029
8.03044
8.03187
8.0333
8.03473
8.03616
8.03759
8.03902
8.04045
8.04187
8.0433
8.04473
8.04615
8.04758
8.049
8.05042
8.05185
8.05327
8.0547
8.05612
8.05755
8.05897
8.0604
8.06182
8.06325
8.06467
8.0661
8.06753
8.06895
8.07038
8.07181
8.07324
8.07467
8.0761
8.07753
8.07896
8.08039
8.08183
8.08326
8.08469
8.08613
8.08756
8.089
8.09044
8.09187
8.09331
8.09475
8.09619
8.09763
8.09907
8.10051
8.10196
8.1034
8.10485
8.10629
8.10774
8.10918
8.11063
8.11208
8.11353
8.11498
8.11643
8.11788
8.11933
8.12079
8.12224
8.12369
8.12515
8.1266
8.12806
8.12952
8.13098
8.13243
8.13389
8.13535
8.13681
8.13828
8.13974
8.1412
8.14266
8.14413
8.14559
8.14706
8.14852
8.14999
8.15145
8.15292
8.15439
8.15586
8.15733
8.1588
8.16027
8.16174
8.16321
8.16468
8.16616
8.16763
8.1691
8.17058
8.17205
8.17353
8.17501
8.17648
8.17796
8.17944
8.18091
8.18239
8.18387
8.18534
8.18682
8.1883
8.18977
8.19124
8.19272
8.19419
8.19566
8.19714
8.19861
8.20008
8.20155
8.20303
8.2045
8.20597
8.20745
8.20892
8.2104
8.21187
8.21335
8.21483
8.21631
8.21779
8.21926
8.22075
8.22223
8.22371
8.22519
8.22667
8.22816
8.22964
8.23113
8.23262
8.2341
8.23559
8.23708
8.23857
8.24006
8.24155
8.24305
8.24454
8.24604
8.24753
8.24903
8.25052
8.25202
8.25352
8.25502
8.25652
8.25802
8.25952
8.26102
8.26253
8.26403
8.26554
8.26704
8.26855
8.27006
8.27156
8.27307
8.27458
8.27609
8.2776
8.27912
8.28063
8.28214
8.28366
8.28517
8.28669
8.28821
8.28973
8.29124
8.29277
8.29429
8.29581
8.29733
8.29886
8.30038
8.30191
8.30343
8.30496
8.30649
8.30802
8.30955
8.31108
8.31262
8.31415
8.31568
8.31722
8.31876
8.32029
8.32183
8.32337
8.32491
8.32645
8.32799
8.32954
8.33108
8.33263
8.33417
8.33572
8.33727
8.33882
8.34036
8.34192
8.34347
8.34502
8.34657
8.34813
8.34968
8.35124
8.35279
8.35435
8.35591
8.35747
8.35903
8.36059
8.36215
8.36372
8.36528
8.36683
8.36838
8.36993
8.37147
8.373
8.37454
8.37608
8.37761
8.37915
8.38069
8.38223
8.38377
8.38531
8.38685
8.38839
8.38993
8.39148
8.39302
8.39457
8.39611
8.39766
8.39921
8.40076
8.40231
8.40386
8.40541
8.40696
8.40851
8.41007
8.41162
8.41318
8.41473
8.41629
8.41785
8.41941
8.42097
8.42253
8.42409
8.42565
8.42722
8.42878
8.43034
8.43191
8.43348
8.43504
8.43661
8.43818
8.43975
8.44133
8.4429
8.44448
8.44605
8.44763
8.44921
8.45079
8.45237
8.45395
8.45554
8.45712
8.45871
8.4603
8.46189
8.46348
8.46508
8.46667
8.46827
8.46987
8.47147
8.47307
8.47467
8.47628
8.47789
8.4795
8.48111
8.48272
8.48434
8.48596
8.48758
8.4892
8.49083
8.49245
8.49408
8.49572
8.49735
8.49899
8.50062
8.50227
8.50391
8.50555
8.5072
8.50885
8.5105
8.51215
8.51381
8.51546
8.51712
8.51879
8.52045
8.52211
8.52378
8.52545
8.52712
8.5288
8.53047
8.53215
8.53383
8.53552
8.5372
8.53889
8.54058
8.54227
8.54396
8.54566
8.54736
8.54906
8.55076
8.55246
8.55417
8.55587
8.55758
8.55929
8.56101
8.56272
8.56444
8.56616
8.56788
8.5696
8.57132
8.57305
8.57478
8.57651
8.57824
8.57998
8.58171
8.58345
8.58519
8.58693
8.58868
8.59042
8.59217
8.59392
8.59567
8.59742
8.59918
8.60094
8.60269
8.60445
8.60622
8.60798
8.60974
8.61151
8.61328
8.61505
8.61682
8.61858
8.62035
8.62212
8.62388
8.62564
8.6274
8.62916
8.63092
8.63268
8.63443
8.63619
8.63794
8.63969
8.64144
8.64319
8.64494
8.64668
8.64843
8.65018
8.65193
8.65368
8.65542
8.65717
8.65891
8.66065
8.66239
8.66413
8.66587
8.6676
8.66933
8.67105
8.67277
8.67449
8.6762
8.67791
8.67962
8.68133
8.68303
8.68472
8.68642
8.6881
8.68979
8.69147
8.69315
8.69483
8.6965
8.69817
8.69983
8.70149
8.70315
8.7048
8.70645
8.7081
8.70974
8.71138
8.71302
8.71465
8.71628
8.71791
8.71954
8.72116
8.72277
8.72439
8.726
8.7276
8.72921
8.73081
8.73241
8.734
8.73559
8.73718
8.73876
8.74034
8.74191
8.74349
8.74505
8.74662
8.74818
8.74974
8.75129
8.75284
8.75439
8.75594
8.75748
8.75902
8.76055
8.76208
8.76361
8.76514
8.76666
8.76818
8.76969
8.77121
8.77272
8.77422
8.77573
8.77723
8.77873
8.78022
8.78172
8.78321
8.7847
8.78618
8.78767
8.78915
8.79063
8.7921
8.79357
8.79505
8.79652
8.79798
8.79945
8.80091
8.80237
8.80383
8.80529
8.80674
8.8082
8.80965
8.8111
8.81255
8.81399
8.81544
8.81689
8.81833
8.81977
8.82121
8.82265
8.82409
8.82553
8.82697
8.82841
8.82984
8.83128
8.83271
8.83415
8.83559
8.83702
8.83846
8.83989
8.84133
8.84276
8.8442
8.84563
8.84707
8.84851
8.84994
8.85138
8.85282
8.85426
8.8557
8.85714
8.85858
8.86002
8.86146
8.8629
8.86434
8.86578
8.86723
8.86867
8.87011
8.87156
8.87301
8.87445
8.8759
8.87735
8.8788
8.88025
8.8817
8.88315
8.8846
8.88606
8.88751
8.88896
8.89042
8.89187
8.89333
8.89479
8.89625
8.89771
8.89917
8.90063
8.90209
8.90355
8.90501
8.90648
8.90794
8.90941
8.91088
8.91234
8.91381
8.91528
8.91675
8.91822
8.91969
8.92116
8.92263
8.9241
8.92557
8.92705
8.92852
8.93
8.93147
8.93295
8.93442
8.9359
8.93738
8.93886
8.94034
8.94182
8.9433
8.94478
8.94626
8.94774
8.94923
8.95071
8.95219
8.95368
8.95516
8.95665
8.95813
8.95962
8.96111
8.9626
8.96409
8.96558
8.96706
8.96855
8.97004
8.97153
8.97301
8.9745
8.97598
8.97747
8.97895
8.98044
8.98192
8.9834
8.98489
8.98637
8.98785
8.98934
8.99082
8.99231
8.99379
8.99528
8.99676
8.99825
8.99973
9.00122
9.00271
9.0042
9.00569
9.00718
9.00867
9.01016
9.01165
9.01315
9.01464
9.01614
9.01763
9.01913
9.02063
9.02213
9.02363
9.02513
9.02663
9.02813
9.02963
9.03113
9.03264
9.03414
9.03565
9.03715
9.03866
9.04017
9.04168
9.04319
9.0447
9.04621
9.04772
9.04923
9.05075
9.05226
9.05378
9.05529
9.05681
9.05833
9.05985
9.06137
9.06289
9.06441
9.06593
9.06745
9.06898
9.0705
9.07202
9.07355
9.07508
9.07661
9.07814
9.07967
9.0812
9.08273
9.08426
9.0858
9.08733
9.08887
9.0904
9.09194
9.09348
9.09502
9.09656
9.0981
9.09965
9.10119
9.10273
9.10428
9.10583
9.10737
9.10892
9.11047
9.11202
9.11357
9.11512
9.11668
9.11823
9.11979
9.12134
9.1229
9.12446
9.12602
9.12758
9.12914
9.1307
9.13226
9.13383
9.13539
9.13696
9.13852
9.14009
9.14166
9.14323
9.1448
9.14637
9.14794
9.14952
9.15109
9.15266
9.15424
9.15581
9.15737
9.15893
9.16048
9.16203
9.16358
9.16513
9.16668
9.16823
9.16978
9.17134
9.17289
9.17444
9.17599
9.17755
9.17911
9.18066
9.18222
9.18378
9.18534
9.18689
9.18846
9.19002
9.19158
9.19314
9.19471
9.19627
9.19784
9.1994
9.20097
9.20254
9.20411
9.20568
9.20725
9.20882
9.21039
9.21197
9.21354
9.21511
9.21669
9.21827
9.21985
9.22142
9.223
9.22458
9.22617
9.22775
9.22933
9.23092
9.2325
9.23409
9.23568
9.23727
9.23886
9.24046
9.24205
9.24365
9.24524
9.24684
9.24844
9.25004
9.25165
9.25325
9.25486
9.25647
9.25808
9.25969
9.2613
9.26291
9.26453
9.26615
9.26777
9.26939
9.27102
9.27264
9.27427
9.2759
9.27754
9.27917
9.28081
9.28245
9.28409
9.28574
9.28738
9.28903
9.29068
9.29234
9.29399
9.29565
9.29731
9.29897
9.30064
9.3023
9.30397
9.30564
9.30731
9.30899
9.31066
9.31234
9.31402
9.3157
9.31739
9.31908
9.32076
9.32246
9.32415
9.32585
9.32754
9.32924
9.33095
9.33265
9.33436
9.33607
9.33778
9.33949
9.3412
9.34292
9.34464
9.34636
9.34808
9.3498
9.35153
9.35326
9.35499
9.35672
9.35845
9.36019
9.36193
9.36367
9.36541
9.36715
9.3689
9.37065
9.3724
9.37415
9.3759
9.37766
9.37941
9.38117
9.38293
9.3847
9.38646
9.38823
9.39
9.39177
9.39354
9.39531
9.39709
9.39886
9.40064
9.40242
9.4042
9.40598
9.40776
9.40954
9.41131
9.41309
9.41486
9.41663
9.4184
9.42017
9.42194
9.4237
9.42547
9.42723
9.42899
9.43075
9.43251
9.43427
9.43603
9.43779
9.43955
9.4413
9.44306
9.44482
9.44658
9.44833
9.45008
9.45184
9.45359
9.45533
9.45708
9.45882
9.46056
9.46229
9.46402
9.46574
9.46747
9.46918
9.4709
9.47261
9.47431
9.47601
9.47771
9.47941
9.4811
9.48278
9.48447
9.48615
9.48782
9.48949
9.49116
9.49283
9.49449
9.49614
9.4978
9.49945
9.50109
9.50274
9.50438
9.50601
9.50765
9.50928
9.51091
9.51253
9.51415
9.51577
9.51738
9.51899
9.5206
9.5222
9.5238
9.5254
9.52699
9.52858
9.53017
9.53175
9.53333
9.53491
9.53648
9.53805
9.53961
9.54118
9.54273
9.54429
9.54584
9.54739
9.54893
9.55047
9.55201
9.55355
9.55508
9.55661
9.55813
9.55966
9.56118
9.56269
9.5642
9.56571
9.56722
9.56873
9.57023
9.57173
9.57322
9.57472
9.57621
9.5777
9.57918
9.58066
9.58214
9.58362
9.5851
9.58657
9.58804
9.58951
9.59098
9.59244
9.59391
9.59537
9.59683
9.59829
9.59974
9.60119
9.60265
9.6041
9.60555
9.60699
9.60844
9.60989
9.61133
9.61277
9.61421
9.61566
9.6171
9.61854
9.61997
9.62141
9.62285
9.62429
9.62572
9.62716
9.6286
9.63004
9.63147
9.63291
9.63435
9.63578
9.63722
9.63866
9.6401
9.64153
9.64297
9.64441
9.64585
9.64729
9.64873
9.65017
9.65162
9.65306
9.6545
9.65595
9.65739
9.65884
9.66028
9.66173
9.66317
9.66462
9.66607
9.66752
9.66897
9.67042
9.67187
9.67333
9.67478
9.67623
9.67769
9.67914
9.6806
9.68206
9.68352
9.68498
9.68644
9.6879
9.68936
9.69082
9.69228
9.69375
9.69521
9.69668
9.69815
9.69961
9.70108
9.70255
9.70402
9.70549
9.70696
9.70843
9.70991
9.71138
9.71285
9.71433
9.7158
9.71728
9.71876
9.72023
9.72171
9.72319
9.72467
9.72615
9.72763
9.72911
9.7306
9.73208
9.73356
9.73504
9.73653
9.73801
9.7395
9.74099
9.74247
9.74396
9.74545
9.74694
9.74842
9.74991
9.7514
9.75289
9.75439
9.75588
9.75737
9.75886
9.76035
9.76184
9.76333
9.76482
9.76631
9.76779
9.76928
9.77076
9.77225
9.77373
9.77521
9.77669
9.77817
9.77965
9.78114
9.78262
9.7841
9.78558
9.78706
9.78855
9.79003
9.79151
9.793
9.79448
9.79597
9.79746
9.79895
9.80043
9.80192
9.80341
9.80491
9.8064
9.80789
9.80938
9.81088
9.81237
9.81387
9.81537
9.81687
9.81836
9.81986
9.82136
9.82287
9.82437
9.82587
9.82737
9.82888
9.83038
9.83189
9.8334
9.8349
9.83641
9.83792
9.83943
9.84094
9.84245
9.84397
9.84548
9.84699
9.84851
9.85002
9.85154
9.85305
9.85457
9.85609
9.85761
9.85913
9.86065
9.86217
9.86369
9.86521
9.86674
9.86826
9.86979
9.87131
9.87284
9.87437
9.8759
9.87743
9.87896
9.88049
9.88202
9.88356
9.88509
9.88662
9.88816
9.88969
9.89123
9.89277
9.89431
9.89585
9.89739
9.89893
9.90047
9.90202
9.90356
9.90511
9.90665
9.90819
9.90972
9.91125
9.91278
9.9143
9.91583
9.91736
9.91888
9.92042
9.92195
9.92348
9.92502
9.92655
9.92809
9.92963
9.93117
9.93271
9.93425
9.93579
9.93734
9.93888
9.94042
9.94197
9.94351
9.94506
9.94661
9.94815
9.9497
9.95124
9.95279
9.95434
9.95588
9.95743
9.95897
9.96052
9.96206
9.9636
9.96515
9.96669
9.96823
9.96977
9.97131
9.97285
9.97439
9.97592
9.97745
9.97898
9.9805
9.98203
9.98355
9.98507
9.98658
9.9881
9.98961
9.99111
9.99262
9.99412
9.99562
9.99712
9.99861
10.0001
10.0016
10.0031
10.0046
10.006
10.0075
10.009
10.0105
10.012
10.0134
10.0149
10.0164
10.0178
10.0193
10.0207
10.0222
10.0237
10.0251
10.0265
10.028
10.0294
10.0309
10.0323
10.0338
10.0352
10.0366
10.038
10.0395
10.0409
10.0423
10.0437
10.0452
10.0466
10.048
10.0494
10.0508
10.0522
10.0536
10.055
10.0564
10.0578
10.0592
10.0606
10.062
10.0634
10.0648
10.0662
10.0676
10.069
10.0703
10.0717
10.0731
10.0745
10.0759
10.0773
10.0786
10.08
10.0814
10.0828
10.0841
10.0855
10.0869
10.0883
10.0896
10.091
10.0924
10.0937
10.0951
10.0965
10.0978
10.0992
10.1006
10.1019
10.1033
10.1047
10.106
10.1074
10.1087
10.1101
10.1115
10.1128
10.1142
10.1155
10.1169
10.1183
10.1196
10.121
10.1223
10.1237
10.125
10.1264
10.1278
10.1291
10.1305
10.1318
10.1332
10.1345
10.1359
10.1372
10.1386
10.1399
10.1413
10.1427
10.144
10.1454
10.1467
10.1481
10.1494
10.1508
10.1521
10.1535
10.1548
10.1562
10.1576
10.1589
10.1603
10.1616
10.163
10.1643
10.1657
10.167
10.1684
10.1698
10.1711
10.1725
10.1738
10.1752
10.1766
10.1779
10.1793
10.1806
10.182
10.1834
10.1847
10.1861
10.1874
10.1888
10.1902
10.1915
10.1929
10.1943
10.1956
10.197
10.1984
10.1997
10.2011
10.2025
10.2038
10.2052
10.2066
10.208
10.2093
10.2107
10.2121
10.2135
10.2148
10.2162
10.2176
10.219
10.2203
10.2217
10.2231
10.2245
10.2259
10.2272
10.2286
10.23
10.2314
10.2328
10.2341
10.2355
10.2369
10.2383
10.2397
10.2411
10.2425
10.2438
10.2452
10.2466
10.248
10.2494
10.2508
10.2522
10.2536
10.255
10.2564
10.2578
10.2592
10.2606
10.262
10.2634
10.2648
10.2662
10.2676
10.269
10.2704
10.2718
10.2732
10.2746
10.276
10.2774
10.2788
10.2802
10.2817
10.2831
10.2845
10.2859
10.2873
10.2887
10.2901
10.2915
10.293
10.2944
10.2958
10.2972
10.2986
10.3
10.3015
10.3029
10.3043
10.3057
10.3071
10.3086
10.31
10.3114
10.3128
10.3143
10.3157
10.3171
10.3185
10.32
10.3214
10.3228
10.3242
10.3257
10.3271
10.3285
10.33
10.3314
10.3328
10.3343
10.3357
10.3371
10.3386
10.34
10.3415
10.3429
10.3443
10.3458
10.3472
10.3487
10.3501
10.3516
10.353
10.3545
10.3559
10.3574
10.3588
10.3603
10.3617
10.3632
10.3646
10.3661
10.3675
10.369
10.3704
10.3719
10.3734
10.3748
10.3763
10.3778
10.3792
10.3807
10.3822
10.3836
10.3851
10.3866
10.388
10.3895
10.391
10.3924
10.3939
10.3954
10.3969
10.3983
10.3998
10.4013
10.4027
10.4042
10.4057
10.4072
10.4086
10.4101
10.4116
10.4131
10.4146
10.416
10.4175
10.419
10.4205
10.4219
10.4234
10.4249
10.4264
10.4279
10.4294
10.4308
10.4323
10.4338
10.4353
10.4368
10.4383
10.4397
10.4412
10.4427
10.4442
10.4457
10.4472
10.4487
10.4502
10.4517
10.4532
10.4547
10.4562
10.4576
10.4591
10.4606
10.4621
10.4636
10.4651
10.4666
10.4681
10.4696
10.4711
10.4726
10.4741
10.4756
10.4771
10.4786
10.4801
10.4816
10.4831
10.4846
10.4861
10.4876
10.4891
10.4906
10.4921
10.4936
10.4951
10.4966
10.4981
10.4995
10.501
10.5025
10.504
10.5055
10.507
10.5085
10.51
10.5115
10.513
10.5145
10.516
10.5175
10.519
10.5205
10.522
10.5235
10.525
10.5265
10.528
10.5295
10.531
10.5325
10.534
10.5354
10.5369
10.5384
10.5399
10.5414
10.5429
10.5444
10.5459
10.5474
10.5489
10.5504
10.5519
10.5534
10.5549
10.5564
10.5578
10.5593
10.5608
10.5623
10.5638
10.5652
10.5667
10.5682
10.5697
10.5712
10.5726
10.5741
10.5756
10.5771
10.5786
10.5801
10.5816
10.5831
10.5845
10.586
10.5875
10.589
10.5905
10.592
10.5935
10.595
10.5965
10.598
10.5995
10.6011
10.6026
10.6041
10.6056
10.6071
10.6086
10.6101
10.6116
10.6131
10.6146
10.6162
10.6177
10.6192
10.6207
10.6222
10.6238
10.6253
10.6268
10.6283
10.6299
10.6314
10.6329
10.6345
10.636
10.6375
10.6391
10.6406
10.6421
10.6437
10.6452
10.6468
10.6483
10.6498
10.6514
10.6529
10.6545
10.656
10.6576
10.6592
10.6607
10.6623
10.6638
10.6654
10.667
10.6685
10.6701
10.6717
10.6732
10.6748
10.6764
10.6779
10.6795
10.6811
10.6827
10.6842
10.6858
10.6874
10.689
10.6906
10.6921
10.6937
10.6953
10.6969
10.6985
10.7001
10.7017
10.7033
10.7049
10.7065
10.7081
10.7097
10.7113
10.7129
10.7145
10.7161
10.7177
10.7193
10.7209
10.7225
10.7242
10.7258
10.7274
10.729
10.7306
10.7323
10.7339
10.7355
10.7372
10.7388
10.7404
10.7421
10.7437
10.7454
10.747
10.7487
10.7503
10.752
10.7536
10.7553
10.7569
10.7586
10.7602
10.7619
10.7636
10.7652
10.7669
10.7686
10.7703
10.7719
10.7736
10.7753
10.777
10.7787
10.7804
10.7821
10.7838
10.7855
10.7872
10.7889
10.7906
10.7923
10.794
10.7957
10.7974
10.7991
10.8008
10.8025
10.8042
10.8059
10.8077
10.8094
10.8111
10.8128
10.8146
10.8163
10.818
10.8197
10.8215
10.8232
10.8249
10.8267
10.8284
10.8302
10.8319
10.8336
10.8354
10.8371
10.8389
10.8406
10.8424
10.8441
10.8459
10.8476
10.8494
10.8511
10.8529
10.8546
10.8564
10.8581
10.8599
10.8617
10.8634
10.8652
10.8669
10.8687
10.8705
10.8722
10.874
10.8758
10.8776
10.8793
10.8811
10.8829
10.8846
10.8864
10.8882
10.89
10.8918
10.8935
10.8953
10.8971
10.8989
10.9007
10.9025
10.9043
10.9061
10.9079
10.9097
10.9115
10.9133
10.9151
10.9169
10.9188
10.9206
10.9224
10.9242
10.9261
10.9279
10.9297
10.9316
10.9334
10.9353
10.9371
10.939
10.9409
10.9427
10.9446
10.9465
10.9484
10.9503
10.9522
10.9541
10.956
10.9579
10.9598
10.9617
10.9637
10.9656
10.9675
10.9695
10.9714
10.9734
10.9753
10.9773
10.9793
10.9812
10.9832
10.9852
10.9872
10.9892
10.9912
10.9932
10.9953
10.9973
10.9993
11.0013
11.0034
11.0054
11.0075
11.0095
11.0116
11.0137
11.0158
11.0178
11.0199
11.022
11.0241
11.0262
11.0283
11.0305
11.0326
11.0347
11.0368
11.039
11.0411
11.0433
11.0454
11.0476
11.0497
11.0519
11.0541
11.0562
11.0584
11.0606
11.0628
11.065
11.0672
11.0694
11.0716
11.0738
11.076
11.0782
11.0804
11.0827
11.0849
11.0871
11.0893
11.0916
11.0938
11.096
11.0982
11.1005
11.1027
11.105
11.1072
11.1094
11.1117
11.1139
11.1162
11.1184
11.1207
11.1229
11.1252
11.1274
11.1297
11.1319
11.1342
11.1364
11.1387
11.1409
11.1432
11.1454
11.1477
11.1499
11.1522
11.1544
11.1567
11.1589
11.1611
11.1634
11.1656
11.1679
11.1701
11.1723
11.1746
11.1768
11.179
11.1813
11.1835
11.1857
11.1879
11.1901
11.1923
11.1945
11.1967
11.1989
11.2011
11.2032
11.2054
11.2076
11.2097
11.2118
11.214
11.2161
11.2182
11.2203
11.2224
11.2245
11.2266
11.2287
11.2308
11.2329
11.235
11.2371
11.2392
11.2412
11.2433
11.2454
11.2474
11.2495
11.2515
11.2536
11.2556
11.2577
11.2597
11.2618
11.2638
11.2659
11.2679
11.2699
11.272
11.274
11.276
11.278
11.2801
11.2821
11.2841
11.2861
11.2882
11.2902
11.2922
11.2943
11.2963
11.2983
11.3003
11.3024
11.3044
11.3064
11.3085
11.3105
11.3126
11.3146
11.3166
11.3187
11.3207
11.3228
11.3248
11.3269
11.3289
11.331
11.333
11.3351
11.3371
11.3392
11.3413
11.3433
11.3454
11.3475
11.3495
11.3516
11.3537
11.3558
11.3579
11.3599
11.362
11.3641
11.3662
11.3683
11.3704
11.3725
11.3746
11.3767
11.3788
11.3809
11.383
11.3851
11.3872
11.3893
11.3914
11.3935
11.3956
11.3977
11.3998
11.402
11.4041
11.4062
11.4083
11.4104
11.4126
11.4147
11.4168
11.419
11.4211
11.4232
11.4254
11.4275
11.4297
11.4318
11.434
11.4361
11.4383
11.4404
11.4426
11.4448
11.4469
11.4491
11.4513
11.4534
11.4556
11.4578
11.46
11.4622
11.4644
11.4665
11.4687
11.4709
11.4731
11.4753
11.4775
11.4798
11.482
11.4842
11.4864
11.4886
11.4908
11.4931
11.4953
11.4975
11.4997
11.502
11.5042
11.5064
11.5087
11.5109
11.5131
11.5154
11.5176
11.5199
11.5221
11.5244
11.5266
11.5289
11.5311
11.5334
11.5356
11.5379
11.5401
11.5424
11.5446
11.5469
11.5491
11.5514
11.5536
11.5559
11.5581
11.5604
11.5626
11.5648
11.567
11.5693
11.5715
11.5737
11.5759
11.5782
11.5804
11.5826
11.5848
11.587
11.5892
11.5914
11.5936
11.5958
11.598
11.6002
11.6024
11.6046
11.6068
11.609
11.6111
11.6133
11.6155
11.6177
11.6198
11.622
11.6242
11.6263
11.6285
11.6306
11.6328
11.6349
11.637
11.6392
11.6413
11.6434
11.6455
11.6476
11.6497
11.6519
11.654
11.6561
11.6582
11.6603
11.6624
11.6645
11.6666
11.6687
11.6708
11.6729
11.675
11.6771
11.6792
11.6812
11.6833
11.6854
11.6875
11.6896
11.6917
11.6938
11.6959
11.698
11.7001
11.7022
11.7043
11.7064
11.7085
11.7105
11.7126
11.7147
11.7168
11.7189
11.721
11.7231
