energy
0.0197392
0.185046
0.895438
1.07752
1.31589
1.50634
1.75915
1.9577
2.2221
2.42682
2.70017
2.90949
3.18972
3.40242
3.6879
3.90304
4.19251
4.40937
4.70182
4.91993
5.21487
5.46003
5.68893
5.94141
6.17189
6.42897
6.66293
6.9261
7.16163
7.42979
7.6655
7.93019
8.17159
8.44006
8.68143
8.95637
9.37496
9.65862
9.89914
10.2532
10.4606
10.6213
11.0396
11.2136
0.35928
1.02548
1.46793
1.96081
2.60707
3.08858
3.56438
4.37639
4.82787
5.34104
5.85586
6.74674
7.18799
7.76556
8.22222
9.22283
9.68101
10.1083
10.6812
11.7036
12.1638
12.9821
13.4436
14.4295
14.8745
15.4227
16.3132
17.4267
17.8857
18.3855
19.0607
19.5915
21.383
21.8243
22.3848
22.9182
24.0043
24.6099
25.3711
26.0043
27.3374
27.9565
28.6866
29.3872
30.7222
31.3949
32.1415
32.8282
34.2578
34.9146
35.5994
36.293
37.5023
38.2515
38.948
39.9562
40.701
42.3
42.9801
43.734
44.4406
45.3486
46.2159
47.7598
48.4355
49.0848
49.8274
51.2445
51.917
52.6182
53.9017
54.554
55.2991
56.4356
57.1278
57.8127
58.8817
59.5457
60.253
61.2203
61.925
62.6096
63.5663
64.2583
65.0033
65.9044
66.7184
67.426
68.3408
69.0733
69.8782
70.7456
71.4804
72.1765
73.0242
73.7182
74.4721
75.3618
76.2443
77.1862
78.3543
79.4748
80.6896
82.0292
83.4099
84.9727
86.9231
88.6907
90.5623
92.4843
94.3751
96.1952
98.1215
99.9394
101.736
103.575
105.338
107.056
108.885
110.616
112.387
114.216
115.984
117.719
119.556
121.267
122.991
124.761
126.458
128.11
129.815
131.441
133.077
134.688
136.285
137.922
139.485
141.005
142.548
144.066
145.58
147.117
148.603
150.056
151.517
152.946
154.368
155.77
157.154
158.496
159.864
161.17
162.483
163.763
165.038
166.281
167.531
168.738
169.96
171.145
172.362
173.512
174.699
175.831
176.974
178.075
179.196
180.283
181.381
182.438
183.516
184.554
185.44
186.277
187.132
187.955
188.791
189.589
190.416
191.224
192.052
192.844
193.665
194.455
195.278
196.069
196.893
197.685
198.516
199.309
200.138
200.933
201.768
202.566
203.422
204.224
205.112
205.917
206.845
207.652
208.632
209.442
210.315
211.126
211.944
212.993
213.801
214.615
215.778
216.574
217.377
218.476
219.264
220.049
220.843
221.834
222.613
223.403
224.655
225.426
226.194
226.965
227.832
228.661
230.038
230.789
231.535
232.282
233.12
233.983
234.754
236.086
236.8
237.51
238.223
239.495
240.189
240.878
241.573
242.774
243.448
244.117
244.798
245.918
246.573
247.223
247.901
248.938
249.577
250.212
251.184
251.808
252.448
253.361
253.972
254.846
255.449
256.287
256.883
257.686
258.274
259.044
259.625
260.361
260.935
261.647
262.221
262.902
263.464
264.127
264.689
265.332
265.883
266.517
267.068
267.683
268.225
268.829
269.371
269.969
270.501
271.086
271.619
272.197
272.72
273.293
273.818
274.382
274.897
275.455
275.973
276.528
277.036
277.585
278.096
278.641
279.142
279.685
280.189
280.726
281.221
281.754
282.252
282.782
283.27
283.796
284.287
284.809
285.29
285.809
286.287
286.802
287.282
287.792
288.261
288.767
289.233
289.738
290.201
290.699
291.161
291.657
292.113
292.605
293.06
293.549
294
294.486
294.935
295.419
295.864
296.345
296.789
297.268
297.709
298.186
298.625
299.101
299.538
300.011
300.447
300.918
301.352
301.822
302.254
302.723
303.153
303.62
304.049
304.514
304.942
305.406
305.832
306.295
306.72
307.181
307.605
308.066
308.488
308.949
309.37
309.831
310.252
310.714
311.133
311.598
312.016
312.481
312.9
313.367
313.783
314.251
314.669
315.139
315.553
316.026
316.442
316.917
317.329
317.807
318.219
318.699
319.112
319.594
320.004
320.489
320.898
321.388
321.796
322.285
322.692
323.183
323.591
324.084
324.49
324.985
325.39
325.888
326.292
326.79
327.194
327.693
328.097
328.597
329
329.502
329.904
330.407
330.808
331.312
331.713
332.218
332.618
333.124
333.524
334.031
334.43
334.938
335.337
335.845
336.243
336.753
337.15
337.66
338.058
338.568
338.965
339.476
339.873
340.384
340.781
341.293
341.689
342.202
342.598
343.111
343.506
344.02
344.415
344.929
345.325
345.839
346.234
346.749
347.145
347.66
348.056
348.571
348.967
349.484
349.88
350.397
350.793
351.31
351.707
352.225
352.622
353.141
353.538
354.058
354.455
354.975
355.373
355.894
356.293
356.815
357.214
357.737
358.136
358.66
359.061
359.586
359.987
360.513
360.916
361.443
361.846
362.375
362.779
363.31
363.715
364.246
364.653
365.186
365.593
366.128
366.536
367.073
367.482
368.02
368.431
368.97
369.382
369.923
370.337
370.88
371.294
371.839
372.254
372.801
373.218
373.766
374.185
374.735
375.155
375.707
376.128
376.682
377.105
377.66
378.084
378.643
379.068
379.627
380.054
380.616
381.045
381.609
382.039
382.606
383.038
383.635
384.065
385.12
385.751
386.38
386.994
387.611
388.228
388.844
389.46
390.076
390.691
391.305
391.918
392.529
393.127
393.726
394.338
394.971
395.636
396.341
397.104
397.863
398.644
399.369
400.485
401.124
401.772
402.428
403.422
404.041
404.679
405.573
406.202
406.812
407.67
408.275
408.902
409.703
410.328
410.941
411.735
412.343
413.011
413.764
414.396
415.021
415.79
416.41
417.171
417.798
418.467
419.214
419.874
420.621
421.292
422.042
422.721
423.427
424.128
424.904
425.603
426.377
427.092
427.884
428.609
429.405
430.15
430.965
431.722
432.529
433.322
434.186
434.967
435.812
436.705
437.553
438.426
439.348
440.223
441.094
442.07
442.952
443.872
444.878
445.787
446.729
447.751
448.709
449.671
450.741
451.732
452.694
453.863
454.798
455.798
456.868
457.94
458.886
460.154
461.083
462.045
463.37
464.328
465.267
466.362
467.719
468.642
469.757
470.673
471.645
473.079
474.023
474.942
475.98
476.924
478.076
479.082
480.043
480.993
482.226
483.171
484.206
485.311
486.551
487.563
488.691
489.718
490.932
491.981
493.024
494.067
494.993
495.792
496.664
497.649
498.539
499.375
500.343
501.347
502.279
503.155
504.165
505.093
506.038
507.081
508.017
509.089
510.035
511.116
512.054
513.031
514.128
515.12
516.213
517.219
518.316
519.316
520.297
521.455
522.416
523.426
524.545
525.554
526.515
527.68
528.638
529.641
530.666
531.639
532.579
533.724
534.66
535.63
536.572
537.727
538.664
539.633
540.571
541.612
542.551
543.516
544.572
545.535
546.469
547.409
548.429
549.357
550.343
551.293
552.271
553.225
554.189
555.143
556.101
557.034
557.991
558.922
559.878
560.799
561.753
562.664
563.588
564.517
565.433
566.326
567.264
568.146
569.048
569.923
570.824
571.69
572.577
573.434
574.314
575.159
576.023
576.857
577.709
578.529
579.368
580.176
581.002
581.796
582.613
583.393
584.193
584.959
585.745
586.497
587.272
588.01
588.769
589.492
590.242
590.952
591.701
592.397
593.138
593.82
594.56
595.228
595.978
596.633
597.38
598.022
598.777
599.408
600.171
600.793
601.575
602.189
602.978
603.584
604.398
604.997
605.626
606.452
607.038
607.885
608.462
609.06
609.921
610.485
611.356
611.912
612.794
613.339
613.936
614.834
615.366
615.904
616.817
617.343
617.862
618.783
619.29
619.798
620.726
621.223
621.725
622.657
623.141
623.627
624.564
625.041
625.514
626.443
626.915
627.381
628.301
628.757
629.223
630.135
630.586
631.031
631.94
632.383
632.817
633.716
634.143
634.577
635.456
635.873
636.296
636.731
637.575
637.991
638.393
638.799
639.223
639.652
640.07
640.499
640.908
641.313
641.728
642.124
642.517
642.921
643.305
643.685
644.079
644.452
644.823
645.209
645.574
645.936
646.303
646.661
647.036
647.388
647.738
648.09
648.444
648.788
649.152
649.489
649.825
650.16
650.516
650.845
651.172
651.497
651.83
652.151
652.477
652.794
653.132
653.443
653.751
654.059
654.367
654.68
654.981
655.285
655.586
655.887
656.183
656.48
656.772
657.065
657.353
657.641
657.926
658.209
658.491
658.771
659.049
659.325
659.6
659.873
660.144
660.414
660.682
660.949
661.214
661.478
661.741
662.003
662.263
662.522
662.78
663.037
663.292
663.547
663.801
664.054
664.307
664.559
664.81
665.062
665.313
665.564
665.816
666.067
666.319
666.571
666.823
667.075
667.327
667.579
667.83
668.081
668.332
668.582
668.832
669.082
669.332
669.582
669.831
670.081
670.331
670.581
670.831
671.081
671.332
671.583
671.835
672.088
672.341
672.595
672.85
673.106
673.363
673.621
673.881
674.142
674.404
674.667
674.932
675.198
675.465
675.734
676.004
676.275
676.548
676.822
677.097
677.374
677.651
677.93
678.211
678.492
678.776
679.06
679.347
679.634
679.924
680.215
680.507
680.801
681.096
681.393
681.691
681.991
682.293
682.596
682.9
683.206
683.514
683.823
684.134
684.447
684.761
685.077
685.394
685.713
686.034
686.356
686.68
687.006
687.333
687.661
687.992
688.323
688.657
688.991
689.328
689.666
690.005
690.346
690.689
691.032
691.378
691.725
692.073
692.423
692.774
693.127
693.482
693.837
694.195
694.553
694.914
695.275
695.638
696.003
696.369
696.737
697.106
697.476
697.849
698.222
698.597
698.974
699.352
699.732
700.114
700.497
700.881
701.267
701.655
702.044
702.435
702.828
703.222
703.617
704.015
704.413
704.814
705.216
705.619
706.024
706.431
706.839
707.249
707.661
708.075
708.489
708.906
709.324
709.744
710.165
710.587
711.011
711.436
711.863
712.291
712.72
713.151
713.583
714.016
714.45
714.885
715.322
715.759
716.198
716.637
717.079
717.521
717.964
718.409
718.854
719.301
719.749
720.197
720.646
721.097
721.548
721.999
722.452
722.905
723.359
723.813
724.267
724.722
725.177
725.632
726.087
726.542
726.997
727.453
727.909
728.365
728.821
729.277
729.734
730.19
730.647
731.104
731.561
732.017
732.474
732.931
733.388
733.845
734.302
734.759
735.215
735.672
736.129
736.585
737.041
737.497
737.953
738.409
738.865
739.321
739.778
740.234
740.69
741.146
741.602
742.058
742.513
742.968
743.423
743.876
744.329
744.782
745.233
745.684
746.134
746.584
747.032
747.48
747.927
748.373
748.818
749.262
749.706
750.148
750.589
751.03
751.469
751.908
752.345
752.781
753.216
753.65
754.295
754.906
755.517
756.128
756.737
757.343
757.947
758.541
759.126
759.701
760.266
760.823
761.373
761.928
762.497
763.123
763.797
764.41
765.149
765.723
766.317
767.172
767.719
768.264
768.807
769.411
770.004
770.567
771.312
771.851
772.364
772.894
773.569
774.089
774.586
775.105
775.734
776.244
776.734
777.266
777.876
778.4
778.916
779.57
780.118
780.692
781.339
781.911
782.46
783.115
783.656
784.215
784.838
785.399
785.956
786.651
787.208
787.754
788.282
789.016
789.541
790.091
790.628
791.416
792.001
792.59
793.391
793.994
794.692
795.458
796.121
796.886
797.703
798.393
799.245
800.121
800.861
801.68
802.594
803.64
804.417
805.355
806.19
807.01
807.977
808.888
809.737
810.66
811.558
812.393
813.438
814.255
815.106
816.021
816.952
817.765
818.701
819.537
820.42
821.333
822.285
823.108
824.051
824.903
825.872
826.606
827.313
828.029
828.881
829.706
830.495
831.316
832.163
833.042
833.983
834.767
835.681
836.659
837.502
838.341
839.458
840.282
841.255
842.24
843.207
844.116
845.168
846.055
847.052
847.986
848.848
849.866
850.7
851.634
852.605
853.45
854.263
855.269
856.039
856.854
857.804
858.6
859.347
860.297
861.051
861.787
862.705
863.443
864.145
864.914
865.609
866.502
867.177
867.869
868.54
869.411
870.057
870.704
871.358
872.183
872.824
873.433
874.04
874.705
875.298
875.982
876.577
877.168
877.742
878.378
878.93
879.531
880.085
880.668
881.228
881.796
882.319
882.879
883.416
883.958
884.465
885.004
885.504
886.04
886.527
887.04
887.528
888.032
888.509
889.007
889.475
889.966
890.426
890.912
891.364
891.842
892.287
892.758
893.197
893.661
894.093
894.554
894.981
895.442
895.866
896.332
896.752
897.228
897.645
898.132
898.547
899.05
899.462
899.977
900.387
900.915
901.323
901.866
902.272
902.826
903.23
903.797
904.199
904.774
905.173
905.762
906.159
906.752
907.146
907.75
908.142
908.749
909.139
909.754
910.142
910.758
911.143
911.767
912.15
912.601
912.983
913.397
913.808
914.231
914.619
915.248
915.622
916.255
916.627
917.257
917.627
918.261
918.628
919.042
919.422
920.05
920.413
921.042
921.403
922.027
922.386
923.013
923.37
923.896
924.252
924.609
925.069
925.422
925.783
926.399
926.753
927.37
927.723
928.335
928.688
929.302
929.654
930.262
930.614
931.225
931.577
932.043
932.395
932.751
933.351
933.703
934.304
934.656
935.249
935.602
936.198
936.55
937.033
937.385
937.739
938.137
938.495
939.071
939.425
939.999
940.351
940.92
941.271
941.833
942.186
942.74
943.089
943.641
943.99
944.529
944.882
945.414
945.763
946.291
946.639
947.156
947.51
948.018
948.367
948.87
949.221
949.721
950.071
950.557
950.909
951.394
951.746
952.216
952.57
953.042
953.394
953.851
954.203
954.664
955.015
955.46
955.813
956.264
956.615
957.051
957.402
957.846
958.196
958.625
958.975
959.415
959.763
960.186
960.535
960.973
961.32
961.739
962.086
962.522
962.867
963.285
963.63
964.067
964.41
964.828
965.17
965.604
965.944
966.365
966.71
967.133
967.493
967.917
968.253
968.678
969.015
969.466
969.799
970.229
970.561
970.995
971.336
971.771
972.103
972.551
972.879
973.323
973.656
974.101
974.432
974.881
975.209
975.663
975.989
976.446
976.77
977.232
977.554
978.018
978.338
978.808
979.126
979.599
979.916
980.394
980.709
981.19
981.503
981.99
982.301
982.791
983.101
983.597
983.905
984.405
984.711
985.217
985.522
986.032
986.335
986.852
987.153
987.674
987.974
988.502
988.801
989.334
989.632
990.172
990.469
991.014
991.31
991.863
992.158
992.717
993.011
993.578
993.871
994.444
994.737
995.318
995.61
996.198
996.49
997.085
997.377
997.979
998.27
998.794
999.084
999.375
999.666
999.962
1000.27
1000.58
1000.89
1001.2
1001.51
1001.82
1002.13
1002.44
1002.75
1003.06
1003.37
1003.68
1003.99
1004.3
1004.61
1004.92
1005.23
1005.54
1005.85
1006.16
1006.47
1006.78
1007.09
1007.4
1007.71
1008.02
1008.33
1008.64
1008.95
1009.26
1009.57
1009.88
1010.19
1010.5
1010.81
1011.12
1011.43
1011.74
1012.04
1012.35
1012.66
1012.97
1013.27
1013.58
1013.88
1014.19
1014.49
1014.8
1015.1
1015.41
1015.71
1016.01
1016.32
1016.62
1016.92
1017.22
1017.52
1017.82
1018.12
1018.42
1018.72
1019.02
1019.32
1019.61
1019.91
1020.21
1020.5
1020.8
1021.09
1021.39
1021.68
1021.97
1022.27
1022.56
1022.85
1023.14
1023.43
1023.72
1024.01
1024.3
1024.59
1024.88
1025.17
1025.46
1025.74
1026.03
1026.32
1026.6
1026.89
1027.17
1027.46
1027.74
1028.02
1028.31
1028.59
1028.87
1029.15
1029.43
1029.72
1030
1030.28
1030.56
1030.84
1031.12
1031.4
1031.67
1031.95
1032.23
1032.51
1032.79
1033.06
1033.34
1033.62
1033.9
1034.17
1034.45
1034.72
1035
1035.27
1035.55
1035.83
1036.1
1036.37
1036.65
1036.92
1037.2
1037.47
1037.74
1038.02
1038.29
1038.56
1038.84
1039.11
1039.38
1039.65
1039.93
1040.2
1040.47
1040.74
1041.01
1041.29
1041.56
1041.83
1042.1
1042.37
1042.64
1042.92
1043.19
1043.46
1043.73
1044
1044.27
1044.54
1044.82
1045.09
1045.36
1045.63
1045.9
1046.37
1046.83
1047.3
1047.77
1048.23
1048.71
1049.18
1049.65
1050.14
1050.69
1051.19
1052.17
1052.63
1053.09
1053.59
1054.59
1055.09
1055.58
1056.14
1057.22
1057.78
1058.33
1059.03
1060.12
1060.74
1061.43
1062.08
1062.78
1064.1
1064.74
1065.42
1066.15
1066.84
1067.62
1068.44
1069.2
1069.96
1070.72
1071.45
1072.2
1072.89
1073.62
1074.29
1074.98
1075.62
1076.29
1076.91
1077.56
1078.15
1078.78
1079.37
1080
1080.58
1081.21
1081.81
1082.45
1083.06
1083.73
1084.35
1085.03
1085.67
1086.36
1087.02
1087.74
1088.43
1089.17
1089.92
1090.65
1091.49
1092.24
1092.97
1093.89
1094.64
1095.45
1096.36
1097.18
1097.97
1098.82
1099.64
1100.52
1101.34
1102.22
1103.04
1103.91
1104.73
1105.6
1106.42
1107.25
1108.07
1108.94
1109.75
1110.57
1111.39
1112.25
1113.06
1113.86
1114.76
1115.55
1116.37
1117.25
1118.08
1118.89
1119.61
1120.22
1120.89
1121.6
1122.29
1122.94
1123.75
1124.41
1125.16
1125.92
1126.69
1127.38
1128.19
1128.89
1129.71
1130.53
1131.36
1132.08
1133.02
1133.74
1134.62
1135.42
1136.29
1137.01
1137.97
1138.68
1139.44
1140.27
1141.02
1141.85
1142.67
1143.38
1144.26
1145.01
1145.74
1146.57
1147.29
1147.97
1148.83
1149.5
1150.18
1150.94
1151.61
1152.27
1153
1153.65
1154.31
1155.13
1155.77
1156.4
1157.03
1157.83
1158.48
1159.06
1159.68
1160.37
1160.97
1161.55
1162.2
1162.78
1163.45
1164.03
1164.61
1165.18
1165.8
1166.37
1166.95
1167.56
1168.12
1168.67
1169.26
1169.8
1170.4
1170.93
1171.51
1172.04
1172.65
1173.17
1173.78
1174.29
1174.94
1175.45
1176.09
1176.61
1177.27
1177.79
1178.47
1178.98
1179.69
1180.2
1180.92
1181.43
1182.17
1182.68
1183.2
1183.96
1184.46
1185.24
1185.74
1186.27
1187.06
1187.55
1188.36
1188.85
1189.37
1190.19
1190.67
1191.18
1192
1192.48
1192.96
1193.79
1194.26
1194.73
1195.56
1196.02
1196.49
1197.32
1197.77
1198.23
1199.06
1199.51
1199.96
1200.77
1201.22
1201.66
1202.47
1202.91
1203.35
1204.14
1204.57
1205.01
1205.79
1206.22
1206.65
1207.42
1207.84
1208.27
1209.03
1209.44
1209.86
1210.62
1211.02
1211.43
1212.18
1212.58
1212.98
1213.72
1214.11
1214.51
1215.24
1215.62
1216.01
1216.74
1217.12
1217.5
1218.22
1218.59
1218.98
1219.47
1219.83
1220.21
1220.59
1221
1221.38
1221.78
1222.16
1222.54
1222.92
1223.3
1223.68
1224.06
1224.43
1224.8
1225.17
1225.53
1225.9
1226.26
1226.62
1226.98
1227.34
1227.69
1228.05
1228.4
1228.75
1229.1
1229.45
1229.8
1230.15
1230.49
1230.84
1231.19
1231.54
1231.88
1232.23
1232.58
1232.92
1233.27
1233.62
1233.96
1234.31
1234.66
1235
1235.35
1235.7
1236.04
1236.39
1236.74
1237.08
1237.43
1237.78
1238.12
1238.47
1238.82
1239.16
1239.51
1239.86
1240.2
1240.55
1240.9
1241.25
1241.59
1241.94
1242.29
1242.64
1242.98
1243.33
1243.68
1244.03
1244.38
1244.73
1245.08
1245.43
1245.78
1246.14
1246.49
1246.84
1247.19
1247.54
1247.89
1248.25
1248.6
1248.95
1249.31
1249.66
1250.01
1250.36
1250.72
1251.07
1251.42
1251.77
1252.13
1252.48
1252.84
1253.19
1253.54
1253.9
1254.25
1254.61
1254.96
1255.31
1255.67
1256.02
1256.37
1256.72
1257.08
1257.43
1257.78
1258.13
1258.49
1258.83
1259.18
1259.53
1259.89
1260.24
1260.58
1260.93
1261.29
1261.64
1261.98
1262.33
1262.69
1263.03
1263.37
1263.71
1264.07
1264.41
1264.75
1265.09
1265.44
1265.78
1266.12
1266.48
1266.82
1267.15
1267.49
1267.82
1268.17
1268.51
1268.84
1269.17
1269.51
1269.84
1270.18
1270.51
1270.85
1271.17
1271.51
1271.84
1272.17
1272.49
1272.82
1273.15
1273.48
1273.8
1274.13
1274.45
1274.78
1275.1
1275.42
1275.75
1276.07
1276.39
1276.71
1277.03
1277.35
1277.67
1277.99
1278.3
1278.62
1278.94
1279.25
1279.57
1279.88
1280.2
1280.51
1280.83
1281.14
1281.46
1281.77
1282.09
1282.4
1282.71
1283.03
1283.34
1283.65
1283.97
1284.28
1284.59
1284.91
1285.22
1285.53
1285.85
1286.16
1286.47
1286.79
1287.1
1287.42
1287.73
1288.05
1288.36
1288.68
1288.99
1289.31
1289.62
1289.94
1290.25
1290.57
1290.89
1291.21
1291.52
1291.84
1292.16
1292.48
1292.8
1293.12
1293.44
1293.76
1294.08
1294.4
1294.73
1295.05
1295.37
1295.7
1296.02
1296.35
1296.67
1297.23
1297.75
1298.4
1298.92
1299.59
1300.12
1300.79
1301.33
1302.03
1302.76
1303.45
1304.36
1305.35
1305.84
1306.96
1307.45
1308.77
1309.29
1309.9
1311.06
1311.91
1312.78
1313.49
1314.96
1315.63
1316.32
1317.9
1318.6
1319.34
1320.26
1321.8
1322.54
1323.41
1324.16
1324.97
1326.13
1326.89
1327.69
1328.66
1329.44
1330.23
1331.08
1331.82
1332.54
1333.33
1334
1334.67
1335.39
1336.03
1336.64
1337.35
1337.95
1338.58
1339.27
1339.9
1340.54
1341.28
1341.91
1342.57
1343.27
1344.01
1344.64
1345.38
1346.12
1346.81
1347.59
1348.35
1349.21
1350.09
1350.95
1351.85
1352.78
1353.7
1354.56
1355.58
1356.45
1357.43
1358.36
1359.34
1360.2
1361.18
1362.16
1363.07
1364.04
1364.97
1365.88
1366.86
1367.83
1368.72
1369.72
1370.64
1371.64
1372.64
1373.54
1374.46
1375.46
1376.54
1377.48
1378.49
1379.44
1380.39
1381.48
1382.44
1383.5
1384.59
1385.61
1386.79
1387.9
1388.95
1389.8
1390.78
1391.82
1392.74
1393.71
1394.7
1395.62
1396.9
1397.83
1398.87
1399.92
1400.99
1402.18
1403.35
1404.36
1405.38
1406.57
1407.79
1408.96
1409.99
1411.08
1412.21
1413.64
1414.69
1415.74
1416.97
1418.04
1419.34
1420.58
1421.64
1422.7
1423.94
1425.11
1426.17
1427.47
1428.58
1429.74
1431
1432.1
1433.33
1434.58
1435.65
1436.72
1438.07
1439.13
1440.17
1441.48
1442.58
1443.66
1444.81
1446.07
1447.11
1448.22
1449.25
1450.56
1451.56
1452.65
1453.65
1454.94
1455.92
1456.96
1457.96
1459.02
1460
1461.24
1462.2
1463.18
1464.16
1465.14
1466.13
1467.12
1468.07
1469.05
1469.98
1470.96
1471.88
1472.86
1473.77
1474.71
1475.62
1476.55
1477.45
1478.37
1479.25
1480.15
1481.02
1481.9
1482.75
1483.62
1484.46
1485.31
1486.14
1486.98
1487.78
1488.61
1489.4
1490.21
1490.99
1491.79
1492.55
1493.35
1494.1
1494.9
1495.64
1496.44
1497.17
1497.97
1498.68
1499.49
1500.19
1501.01
1501.69
1502.52
1503.18
1504.01
1504.67
1505.51
1506.15
1506.99
1507.61
1508.47
1509.08
1509.71
1510.56
1511.15
1512.01
1512.58
1513.44
1514.01
1514.87
1515.42
1516.03
1516.9
1517.43
1518.1
1518.62
1519.5
1520.01
1520.52
1521.41
1521.91
1522.4
1523.28
1523.76
1524.24
1525.12
1525.58
1526.05
1526.92
1527.37
1527.82
1528.68
1529.11
1529.55
1530.4
1530.82
1531.24
1532.09
1532.49
1532.9
1533.73
1534.13
1534.52
1535.34
1535.72
1536.11
1536.91
1537.28
1537.65
1538.43
1538.8
1539.16
1539.54
1540.05
1540.4
1540.76
1541.12
1541.51
1541.87
1542.25
1542.61
1542.98
1543.33
1543.69
1544.05
1544.39
1544.74
1545.09
1545.43
1545.77
1546.12
1546.45
1546.78
1547.12
1547.44
1547.77
1548.1
1548.42
1548.74
1549.07
1549.38
1549.7
1550.01
1550.32
1550.65
1550.96
1551.26
1551.57
1551.88
1552.2
1552.5
1552.8
1553.11
1553.41
1553.71
1554.03
1554.32
1554.61
1554.91
1555.22
1555.51
1555.79
1556.08
1556.39
1556.67
1556.95
1557.23
1557.54
1557.81
1558.08
1558.36
1558.66
1558.93
1559.19
1559.46
1559.74
1560
1560.28
1560.54
1560.8
1561.08
1561.33
1561.59
1561.84
1562.1
1562.36
1562.62
1562.86
1563.12
1563.36
1563.62
1563.86
1564.11
1564.35
1564.6
1564.83
1565.08
1565.32
1565.56
1565.8
1566.04
1566.28
1566.52
1566.76
1567
1567.26
1567.5
1567.78
1568.01
1568.28
1568.52
1568.79
1569.02
1569.28
1569.52
1569.78
1570.01
1570.27
1570.5
1570.76
1570.99
1571.25
1571.48
1571.73
1571.96
1572.21
1572.43
1572.68
1572.9
1573.15
1573.38
1573.62
1573.85
1574.1
1574.32
1574.57
1574.79
1575.04
1575.26
1575.51
1575.73
1575.99
1576.21
1576.47
1576.7
1576.96
1577.2
1577.46
1577.7
1577.97
1578.21
1578.49
1578.73
1579.01
1579.26
1579.54
1579.8
1580.08
1580.34
1580.63
1580.9
1581.19
1581.46
1581.76
1582.03
1582.33
1582.61
1582.91
1583.19
1583.51
1583.79
1584.11
1584.4
1584.72
1585.01
1585.33
1585.63
1585.96
1586.26
1586.59
1586.9
1587.24
1587.55
1587.89
1588.2
1588.54
1588.86
1589.21
1589.53
1589.88
1590.2
1590.56
1590.89
1591.25
1591.58
1591.94
1592.28
1592.65
1592.98
1593.36
1593.7
1594.08
1594.42
1594.8
1595.16
1595.54
1595.9
1596.29
1596.65
1597.04
1597.4
1597.8
1598.17
1598.57
1598.95
1599.35
1599.73
1600.14
1600.52
1600.94
1601.33
1601.75
1602.14
1602.57
1602.97
1603.4
1603.81
1604.25
1604.66
1605.1
1605.52
1605.97
1606.4
1606.86
1607.29
1607.75
1608.19
1608.67
1609.11
1609.6
1610.05
1610.54
1611
1611.51
1611.97
1612.49
1612.97
1613.5
1613.98
1614.52
1615.01
1615.57
1616.06
1616.63
1617.13
1617.72
1618.23
1618.83
1619.34
1619.96
1620.48
1621.11
1621.64
1622.28
1622.81
1623.47
1624.02
1624.69
1625.24
1625.93
1626.49
1627.41
1628.17
1629.1
1629.89
1631.01
1631.81
1632.84
1633.82
1634.91
1636.1
1637.59
1638.92
1640.04
1642.5
1643.17
1644
1645.95
1646.6
1647.25
1648.71
1649.31
1649.91
1651.28
1651.84
1652.43
1653.73
1654.31
1654.9
1655.94
1656.78
1657.43
1658.4
1659.35
1660.04
1661.11
1662.17
1662.94
1663.95
1665.13
1665.98
1667.03
1668.29
1669.22
1670.26
1671.23
1672.59
1673.65
1674.57
1675.49
1676.55
1677.71
1678.57
1679.55
1680.4
1681.29
1682.21
1683.04
1683.81
1684.7
1685.48
1686.27
1687.09
1687.86
1688.66
1689.51
1690.23
1691.03
1691.79
1692.77
1693.47
1694.31
1695.01
1695.79
1696.69
1697.43
1698.21
1699.08
1699.8
1700.85
1701.63
1702.37
1703.1
1703.99
1704.9
1705.65
1706.44
1707.18
1707.91
1708.92
1709.62
1710.36
1711.15
1711.89
1712.78
1713.6
1714.29
1715.02
1715.82
1716.76
1717.48
1718.23
1718.83
1719.41
1720.11
1720.7
1721.23
1721.82
1722.36
1723.19
1723.69
1724.35
1724.84
1725.42
1726.15
1726.78
1727.28
1727.92
1728.43
1729.23
1729.86
1730.38
1731.01
1731.54
1732.35
1732.88
1733.53
1734.05
1734.56
1735.48
1735.99
1736.49
1737.17
1737.7
1738.53
1739.18
1739.69
1740.2
1740.88
1741.44
1741.99
1742.72
1743.31
1743.83
1744.56
1745.07
1745.57
1746.39
1746.9
1747.41
1748.03
1748.71
1749.27
1749.8
1750.36
1751.08
1751.64
1752.15
1752.7
1753.31
1753.84
1754.37
1754.93
1755.49
1756.16
1756.67
1757.21
1757.73
1758.25
1758.85
1759.36
1759.9
1760.44
1760.98
1761.51
1762.05
1762.57
1763.11
1763.62
1764.16
1764.67
1765.21
1765.71
1766.25
1766.75
1767.29
1767.78
1768.34
1768.82
1769.39
1769.87
1770.44
1770.92
1771.5
1771.97
1772.57
1773.04
1773.64
1774.1
1774.73
1775.18
1775.82
1776.27
1776.91
1777.36
1778.02
1778.46
1779.13
1779.56
1780.25
1780.68
1781.38
1781.8
1782.25
1782.69
1783.22
1783.63
1784.05
1784.52
1784.93
1785.58
1785.98
1786.38
1786.79
1787.47
1787.87
1788.26
1788.66
1789.36
1789.75
1790.13
1790.52
1791.24
1791.61
1791.98
1792.36
1793.16
1793.53
1793.88
1794.27
1795.11
1795.46
1795.9
1796.26
1797.2
1797.53
1797.95
1798.3
1799.24
1799.57
1799.97
1800.31
1801.24
1801.56
1801.95
1802.28
1803.2
1803.52
1803.89
1804.22
1805.15
1805.46
1805.82
1806.14
1807.07
1807.38
1807.74
1808.05
1808.98
1809.29
1809.64
1809.95
1810.89
1811.19
1811.54
1811.85
1812.78
1813.08
1813.44
1813.75
1814.68
1814.98
1815.33
1815.64
1816.58
1816.87
1817.22
1817.52
1818.21
1818.5
1818.86
1819.25
1819.69
1820.13
1820.5
1821.38
1821.73
1822.02
1822.37
1822.67
1823.17
1823.49
1823.83
1824.18
1824.56
1824.89
1825.24
1825.59
1825.93
1826.23
1826.6
1826.9
1827.22
1827.52
1827.81
1828.04
1828.33
1828.55
1828.8
1829.03
1829.31
1829.52
1829.77
1829.98
1830.23
1830.44
1830.68
1830.89
1831.13
1831.34
1831.59
1831.8
1832.04
1832.26
1832.5
1832.72
1832.97
1833.19
1833.44
1833.67
1833.92
1834.15
1834.41
1834.63
1834.89
1835.12
1835.38
1835.61
1835.85
1836.08
1836.34
1836.57
1836.83
1837.06
1837.32
1837.55
1837.81
1838.04
1838.3
1838.53
1838.79
1839.02
1839.28
1839.51
1839.77
1840
1840.27
1840.5
1840.77
1841.01
1841.27
1841.51
1841.78
1842.02
1842.29
1842.53
1842.81
1843.05
1843.32
1843.57
1843.85
1844.09
1844.37
1844.62
1844.9
1845.15
1845.44
1845.69
1845.97
1846.23
1846.52
1846.77
1847.06
1847.32
1847.61
1847.87
1848.17
1848.43
1848.72
1848.99
1849.29
1849.55
1849.85
1850.12
1850.42
1850.68
1850.98
1851.25
1851.55
1851.82
1852.13
1852.4
1852.7
1852.97
1853.28
1853.55
1853.86
1854.14
1854.44
1854.72
1855.03
1855.31
1855.62
1855.9
1856.21
1856.49
1856.81
1857.09
1857.41
1857.69
1858.01
1858.3
1858.62
1858.91
1859.23
1859.51
1859.83
1860.12
1860.45
1860.74
1861.06
1861.36
1861.68
1861.98
1862.3
1862.6
1862.93
1863.22
1863.55
1863.85
1864.18
1864.48
1864.81
1865.11
1865.44
1865.74
1866.07
1866.37
1866.71
1867.01
1867.35
1867.65
1867.98
1868.28
1868.62
1868.92
1869.25
1869.55
1869.89
1870.19
1870.52
1870.82
1871.15
1871.45
1871.78
1872.07
1872.4
1872.69
1873.02
1873.31
1873.64
1873.93
1874.26
1874.55
1874.88
1875.17
1875.49
1875.78
1876.11
1876.4
1876.72
1877.01
1877.33
1877.62
1877.94
1878.23
1878.55
1878.83
1879.15
1879.44
1879.75
1880.04
1880.36
1880.64
1880.95
1881.23
1881.55
1881.83
1882.14
1882.42
1882.73
1883.01
1883.32
1883.59
1883.9
1884.18
1884.49
1884.76
1885.07
1885.34
1885.64
1885.91
1886.21
1886.48
1886.78
1887.05
1887.35
1887.62
1887.91
1888.18
1888.48
1888.74
1889.04
1889.3
1889.59
1889.85
1890.14
1890.4
1890.69
1890.95
1891.24
1891.49
1891.79
1892.04
1892.33
1892.58
1892.87
1893.12
1893.4
1893.65
1893.94
1894.18
1894.47
1894.72
1895
1895.25
1895.55
1895.79
1896.1
1896.34
1896.66
1896.9
1897.23
1897.47
1897.81
1898.05
1898.41
1898.65
1899.02
1899.26
1899.64
1899.89
1900.29
1900.53
1900.95
1901.19
1901.62
1901.86
1902.32
1902.56
1903.03
1903.27
1903.76
1904
1904.51
1904.75
1905.28
1905.52
1905.83
1906.07
1906.32
1906.57
1906.84
1907.1
1907.36
1907.62
1907.88
1908.15
1908.41
1908.67
1908.94
1909.2
1909.47
1909.73
1910
1910.27
1910.53
1910.8
1911.07
1911.34
1911.61
1911.88
1912.15
1912.42
1912.69
1912.96
1913.24
1913.51
1913.99
1914.49
1914.97
1915.46
1915.96
1916.46
1916.96
1917.46
1917.97
1918.48
1918.99
1919.5
1920.02
1920.53
1921.05
1921.57
1922.09
1922.61
1923.13
1923.66
1924.18
1924.54
1924.89
1925.24
1925.6
1925.97
1926.34
1926.72
1927.09
1927.65
1927.98
1928.32
1928.68
1929.39
1929.74
1930.09
1930.45
1930.82
1931.45
1931.94
1932.72
1933.21
1933.85
1934.33
1935.03
1935.74
1936.21
1936.69
1937.37
1937.98
1938.48
1939.2
1939.7
1940.46
1940.95
1941.57
1942.22
1942.8
1943.4
1944
1944.72
1945.27
1945.81
1946.59
1947.09
1947.69
1948.42
1948.97
1949.57
1950.24
1950.83
1951.55
1952.11
1952.9
1953.43
1954.12
1954.74
1955.47
1956.06
1956.83
1957.41
1958.16
1958.77
1959.52
1960.15
1960.9
1961.54
1962.29
1962.96
1963.69
1964.38
1965.12
1965.82
1966.55
1967.26
1968
1968.72
1969.46
1970.18
1970.93
1971.65
1972.4
1973.14
1973.93
1974.69
1975.49
1976.27
1977.11
1977.92
1978.79
1979.61
1980.47
1981.27
1982.16
1982.88
1984.09
1984.64
1985.3
1986.84
1987.38
1987.9
1988.48
1989.72
1990.26
1990.78
1991.36
1992.39
1992.94
1993.46
1994.03
1994.92
1995.48
1996.01
1996.58
1997.22
1997.8
1998.57
1999.15
1999.71
2000.29
2000.96
2001.56
2002.14
2002.92
2003.52
2004.16
2004.77
2005.55
2006.16
2006.82
2007.44
2008.2
2008.82
2009.47
2010.1
2010.85
2011.47
2012.12
2012.75
2013.5
2014.12
2014.78
2015.42
2016.17
2016.81
2017.48
2018.17
2018.93
2019.68
2020.35
2021.03
2021.76
2022.57
2023.32
2024.06
2024.85
2025.62
2026.52
2027.31
2028.16
2029
2029.88
2030.82
2031.73
2032.62
2033.58
2034.5
2035.55
2036.49
2037.47
2038.44
2039.43
2040.47
2041.46
2042.42
2043.24
2044.02
2044.91
2045.68
2046.49
2047.26
2048.1
2048.88
2049.71
2050.46
2051.38
2052.11
2052.94
2053.67
2054.49
2055.2
2056.01
2056.78
2057.57
2058.24
2058.94
2059.59
2060.28
2060.89
2061.58
2062.17
2062.83
2063.42
2064.02
2064.62
2065.23
2065.77
2066.37
2066.93
2067.51
2068.05
2068.63
2069.15
2069.72
2070.24
2070.78
2071.31
2071.85
2072.36
2072.89
2073.4
2073.93
2074.44
2074.96
2075.46
2075.98
2076.47
2076.99
2077.48
2078
2078.49
2079.02
2079.5
2080.06
2080.54
2081.1
2081.6
2082.18
2082.66
2083.27
2083.76
2084.4
2084.89
2085.53
2086.02
2086.7
2087.19
2087.86
2088.35
2089.06
2089.56
2090.24
2090.74
2091.46
2091.96
2092.66
2093.15
2093.87
2094.37
2095.07
2095.57
2096.27
2096.77
2097.46
2097.97
2098.65
2099.15
2099.83
2100.33
2100.99
2101.49
2102.14
2102.64
2103.28
2103.78
2104.41
2104.91
2105.52
2106.02
2106.62
2107.11
2107.7
2108.2
2108.77
2109.27
2109.84
2110.33
2110.89
2111.39
2111.94
2112.43
2112.98
2113.47
2114.01
2114.5
2115.04
2115.53
2116.06
2116.55
2117.08
2117.57
2118.09
2118.58
2119.1
2119.58
2120.1
2120.58
2121.1
2121.58
2122.09
2122.57
2123.08
2123.55
2124.06
2124.53
2125.04
2125.5
2126.01
2126.47
2126.97
2127.44
2127.94
2128.4
2128.89
2129.35
2129.84
2130.3
2130.79
2131.24
2131.73
2132.18
2132.67
2133.12
2133.6
2134.05
2134.54
2134.98
2135.47
2135.91
2136.4
2136.84
2137.33
2137.77
2138.26
2138.7
2139.19
2139.63
2140.12
2140.55
2141.04
2141.48
2141.97
2142.4
2142.89
2143.32
2143.81
2144.23
2144.72
2145.15
2145.64
2146.06
2146.55
2146.97
2147.45
2147.87
2148.36
2148.77
2149.26
2149.67
2150.15
2150.56
2151.05
2151.45
2151.93
2152.34
2152.82
2153.22
2153.7
2154.1
2154.58
2154.97
2155.45
2155.85
2156.32
2156.71
2157.19
2157.58
2158.05
2158.44
2158.91
2159.3
2159.77
2160.15
2160.62
2161.01
2161.48
2161.86
2162.33
2162.71
2163.17
2163.55
2164.02
2164.4
2164.87
2165.24
2165.71
2166.08
2166.55
2166.92
2167.39
2167.76
2168.23
2168.6
2169.06
2169.43
2169.9
2170.27
2170.73
2171.1
2171.57
2171.93
2172.4
2172.76
2173.23
2173.6
2174.06
2174.43
2174.89
2175.26
2175.73
2176.09
2176.56
2176.92
2177.39
2177.75
2178.22
2178.58
2179.05
2179.41
2179.89
2180.43
2180.97
2181.5
2182.04
2182.59
2183.12
2183.64
2184.18
2184.71
2185.25
2185.78
2186.36
2186.87
2187.39
2188.15
2188.65
2189.14
2189.64
2190.16
2190.95
2191.46
2191.94
2192.46
2193.29
2193.8
2194.29
2194.82
2195.71
2196.23
2196.74
2197.56
2198.08
2198.66
2199.65
2200.21
2200.76
2201.82
2202.37
2202.94
2204.03
2204.6
2205.16
2205.95
2206.56
2207.78
2208.33
2208.92
2210.18
2210.76
2211.33
2212.19
2212.83
2214.24
2214.8
2215.41
2216.27
2217.01
2218.54
2219.15
2219.76
2220.48
2222.16
2222.8
2223.44
2224.18
2226.01
2226.68
2227.35
2228.08
2229.04
2230.03
2231.01
2232.01
2233.01
2233.99
2235.03
2236
2237.12
2238.04
2239.16
2240.1
2241.17
2242.17
2243.22
2244.27
2245.31
2246.38
2247.43
2248.5
2249.55
2250.63
2251.7
2252.82
2253.95
2255.11
2256.26
2257.46
2258.67
2259.94
2261.19
2262.48
2263.74
2265.02
2266.29
2267.56
2268.81
2270.07
2271.32
2272.56
2273.81
2275.03
2276.32
2277.49
2278.89
2279.96
2281.7
2282.48
2283.32
2285.26
2286.03
2286.87
2287.7
2288.64
2289.69
2290.71
2291.78
2292.8
2293.86
2294.95
2296
2297.12
2298.19
2299.34
2300.41
2301.59
2302.69
2303.91
2305
2306.26
2307.35
2308.49
2309.66
2310.81
2312.02
2313.18
2314.34
2315.52
2316.78
2317.96
2319.13
2320.33
2321.55
2322.75
2323.96
2325.19
2326.41
2327.64
2328.87
2330.1
2331.34
2332.59
2333.84
2335.1
2336.34
2337.62
2338.87
2340.14
2341.42
2342.7
2343.98
2345.28
2346.57
2347.89
2349.19
2350.51
2351.82
2353.15
2354.47
2355.82
2357.15
2358.51
2359.86
2361.22
2362.58
2363.95
2365.32
2366.7
2368.08
2369.46
2370.85
2372.25
2373.65
2375.05
2376.46
2377.87
2379.28
2380.69
2382.09
2383.5
2384.91
2386.32
2387.73
2389.14
2390.55
2391.96
2393.37
2394.78
2396.2
2397.61
2399.02
2400.43
2401.84
2403.25
2404.65
2406.06
2407.47
2408.88
2410.29
2411.7
2413.11
2414.53
2415.92
2417.32
2418.72
2420.12
2421.52
2422.93
2424.34
2425.76
2427.18
2428.61
2430.05
2431.5
2432.94
2434.37
2435.79
2437.21
2438.6
2439.98
2441.35
2442.71
2444.05
2445.37
2446.69
2447.99
2449.29
2450.57
2451.84
2453.1
2454.35
2455.58
2456.79
2457.99
2459.17
2460.34
2461.51
2462.66
2463.8
2464.93
2466.05
2467.17
2468.27
2469.38
2470.47
2471.57
2472.65
2473.73
2474.8
2475.86
2476.92
2477.95
2478.98
2480
2481.01
2482.02
2483.02
2484.01
2485
2485.98
2486.95
2487.92
2488.88
2489.85
2490.81
2491.77
2492.71
2493.62
2494.55
2495.48
2496.41
2497.31
2498.21
2499.11
2500.01
2500.9
2501.8
2502.7
2503.59
2504.49
2505.39
2506.29
2507.19
2508.11
2509.09
2510.09
2511.07
2512.08
2513.08
2514.06
2515.04
2516.03
2516.92
2517.77
2518.58
2519.36
2520.11
2520.84
2521.55
2522.25
2522.93
2523.6
2524.27
2524.93
2525.6
2526.25
2526.91
2527.55
2528.2
2528.86
2529.52
2530.19
2530.84
2531.51
2532.18
2532.85
2533.52
2534.2
2534.88
2535.59
2536.27
2536.96
2537.64
2538.33
2538.99
2539.67
2540.32
2540.99
2541.64
2542.27
2542.92
2543.53
2544.26
2544.81
2545.43
2546.06
2546.66
2547.35
2547.89
2548.66
2549.18
2549.72
2551
2551.51
2552.01
2552.51
2553.03
2553.83
2554.33
2554.87
2556.22
2556.72
2557.22
2557.74
2558.25
2558.9
2559.49
2560.37
2560.88
2561.42
2562.01
2562.74
2563.28
2563.95
2564.53
2565.21
