energy
0.0197392
0.185046
0.895438
1.07752
1.31589
1.50634
1.75915
1.9577
2.2221
2.42682
2.70017
2.90949
3.18972
3.40242
3.6879
3.90304
4.19251
4.40937
4.70182
4.91993
5.21487
5.46003
5.68893
5.94141
6.17189
6.42897
6.66293
6.9261
7.16163
7.42979
7.6655
7.93019
8.17159
8.44006
8.68143
8.95637
9.37496
9.65862
9.89914
10.2532
10.4606
10.6213
11.0396
11.2136
0.35928
1.06555
1.53581
2.03351
2.54312
3.40514
3.90703
4.45098
4.97655
5.97306
6.47607
7.00004
7.64107
8.63406
9.29194
9.81045
10.3416
11.2816
11.8096
13.05
13.6915
14.2833
14.991
15.6902
16.9847
17.9609
18.543
19.1571
19.7258
20.5621
21.795
22.6087
23.3011
24.1532
24.8874
26.3922
27.0789
27.9278
28.6585
29.62
30.8017
31.6426
32.3977
33.9436
34.6753
35.3981
36.271
37.1248
38.7841
39.5003
40.3639
41.1103
42.1488
43.1332
44.0044
45.7869
46.5244
47.2369
48.0017
49.0604
49.9052
51.6106
52.3489
53.0801
54.1516
54.9729
56.4745
57.1908
58.0069
59.326
60.0916
60.852
62.1184
62.8517
63.6286
64.7775
65.5489
66.3076
67.4276
68.184
69.0213
70.0193
71.0092
71.7849
72.9711
73.9891
74.7305
75.6206
76.4084
77.2031
78.2184
79.1217
80.1273
81.3139
82.4624
83.6001
84.9182
86.1604
87.542
89.169
90.9806
92.9541
94.998
96.9467
98.9529
100.993
102.965
104.921
107.055
109.102
111.2
113.384
115.458
117.487
119.63
121.605
123.563
125.564
127.445
129.315
131.186
133.038
134.73
136.634
138.259
139.966
141.658
143.339
144.91
146.536
148.176
149.76
151.294
152.85
154.376
155.881
157.449
158.919
160.395
161.847
163.321
164.741
166.192
167.597
169.097
170.479
171.884
173.256
174.652
175.999
177.341
178.689
180.02
181.33
182.641
183.927
185.215
186.485
187.742
188.991
190.219
191.441
192.64
193.831
195.003
196.165
197.31
198.443
199.588
200.694
201.814
202.894
203.991
205.049
206.125
207.162
207.999
208.794
209.607
210.378
211.169
211.92
212.697
213.437
214.201
214.928
215.678
216.388
217.122
217.816
218.535
219.214
219.917
220.581
221.271
221.923
222.602
223.243
223.913
224.547
225.213
225.855
226.53
227.156
227.818
228.431
229.102
229.706
230.397
230.991
231.705
232.29
233.031
233.602
234.363
234.925
235.723
236.287
236.862
237.71
238.257
239.158
239.69
240.254
241.185
241.707
242.276
243.185
243.738
244.246
245.185
245.702
246.209
247.173
247.657
248.145
249.1
249.571
250.044
250.951
251.42
251.885
252.765
253.218
253.667
254.518
254.955
255.39
256.206
256.629
257.052
257.834
258.243
258.656
259.403
259.802
260.207
260.919
261.308
261.712
262.391
262.771
263.191
263.84
264.213
264.838
265.203
265.807
266.161
266.737
267.08
267.636
267.973
268.509
268.842
269.365
269.692
270.207
270.536
271.045
271.369
271.874
272.196
272.701
273.022
273.52
273.838
274.334
274.656
275.149
275.464
275.955
276.268
276.762
277.073
277.56
277.869
278.355
278.669
279.153
279.459
279.942
280.247
280.736
281.04
281.521
281.824
282.305
282.614
283.095
283.395
283.875
284.176
284.664
284.963
285.443
285.743
286.224
286.534
287.012
287.313
287.784
288.087
288.557
288.86
289.306
289.61
290.042
290.355
290.77
291.077
291.493
291.802
292.196
292.507
292.899
293.212
293.608
293.923
294.301
294.618
295.008
295.327
295.7
296.021
296.41
296.732
297.103
297.428
297.818
298.144
298.515
298.844
299.236
299.565
299.939
300.272
300.667
301.001
301.377
301.715
302.114
302.452
302.832
303.175
303.579
303.923
304.307
304.655
305.064
305.413
306.379
306.958
307.784
308.368
309.208
309.8
310.658
311.247
312.096
312.662
313.214
313.777
314.345
314.931
315.543
316.185
316.843
317.502
318.16
318.814
319.464
320.11
320.752
321.389
322.023
322.653
323.277
323.898
324.524
325.152
325.826
326.451
327.125
327.755
328.431
329.069
329.749
330.393
331.079
331.728
332.443
333.098
333.818
334.481
335.209
335.881
336.618
337.301
338.05
338.744
339.506
340.216
340.996
341.724
342.523
343.271
344.093
344.864
345.709
346.503
347.374
348.195
349.091
349.936
350.86
351.728
352.675
353.568
354.539
355.454
356.448
357.384
358.398
359.351
360.382
361.351
362.401
363.385
364.448
365.445
366.522
367.529
368.616
369.632
370.727
371.75
372.824
373.852
374.912
375.995
377.056
378.144
379.206
380.293
381.368
382.456
383.537
384.579
385.655
386.739
387.809
388.898
389.963
391.013
392.073
393.093
394.206
395.218
396.329
397.334
398.435
399.434
400.53
401.52
402.568
403.551
404.633
405.607
406.684
407.651
408.719
409.679
410.742
411.694
412.704
413.651
414.702
415.64
416.634
417.575
418.615
419.538
420.569
421.484
422.508
423.415
424.435
425.334
426.346
427.238
428.205
429.089
430.093
430.975
431.917
432.874
433.81
434.698
435.723
436.587
437.672
438.559
439.424
440.464
441.379
442.167
443.053
443.946
444.79
445.57
446.464
447.206
447.99
448.789
449.547
450.25
451.072
451.754
452.49
453.244
453.96
454.625
455.418
456.068
456.77
457.497
458.191
458.83
459.598
460.226
460.91
461.62
462.296
462.922
463.687
464.306
464.977
465.673
466.336
466.708
467.236
467.613
468.091
468.576
469.189
469.708
470.429
470.859
471.502
472.013
472.582
473.019
473.583
474.133
474.605
475.247
475.721
476.288
476.852
477.421
477.906
478.48
478.979
479.571
480.129
480.578
481.279
481.771
482.344
482.972
483.528
484.025
484.753
485.235
485.777
486.45
486.975
487.539
488.073
488.718
489.269
489.74
490.254
490.952
491.418
491.901
492.453
493.044
493.55
494.066
494.512
495.14
495.688
496.086
496.546
497.08
497.557
498.152
498.624
499.065
499.577
499.968
500.618
501.08
501.482
501.909
502.384
502.942
503.425
503.781
504.252
504.635
505.084
505.487
506.029
506.421
506.786
507.202
507.618
508.009
508.467
508.832
509.219
509.654
510.028
510.415
510.794
511.2
511.571
511.966
512.346
512.735
513.124
513.507
513.903
514.278
514.676
515.045
515.445
515.81
516.209
516.572
516.97
517.332
517.729
518.091
518.489
518.851
519.25
519.606
519.998
520.35
520.736
521.083
521.463
521.804
522.177
522.512
522.878
523.206
523.565
523.885
524.237
524.549
524.899
525.205
525.557
525.856
526.213
526.507
526.873
527.162
527.541
527.826
528.222
528.504
528.915
529.196
529.629
529.911
530.365
530.648
531.131
531.416
531.921
532.208
532.743
533.032
533.357
533.67
534.105
534.397
534.692
535.011
535.646
535.942
536.263
536.937
537.236
537.541
537.935
538.248
538.947
539.249
539.552
539.865
540.266
540.583
541.02
541.328
541.659
542.103
542.409
542.732
543.137
543.45
543.805
544.152
544.509
544.848
545.216
545.541
545.923
546.239
546.6
546.927
547.302
547.619
547.977
548.304
548.674
548.995
549.343
549.683
550.041
550.375
550.713
551.056
551.412
551.753
552.085
552.426
552.781
553.145
553.478
553.791
554.224
554.519
554.838
555.237
555.547
555.9
556.311
556.655
556.954
557.339
557.665
558.103
558.437
558.75
559.175
559.494
559.854
560.577
560.891
561.239
561.65
562.005
562.377
562.741
563.518
563.852
564.2
564.556
565.35
565.758
566.075
566.457
567.278
567.625
567.997
568.355
569.217
569.644
569.97
570.454
571.345
571.817
572.152
572.637
573.585
574.033
574.397
574.871
575.862
576.313
576.684
577.175
577.836
578.322
578.711
579.86
580.241
580.712
581.101
581.686
582.224
582.742
583.893
584.393
584.749
585.255
585.674
586.992
587.382
587.853
588.247
588.759
590.013
590.496
590.888
591.359
591.777
592.554
592.957
593.471
594.367
594.856
595.222
595.689
596.129
596.615
596.999
597.442
597.804
598.225
598.579
598.991
599.342
599.749
600.1
600.505
600.861
601.269
601.63
602.043
602.412
602.831
603.209
603.635
604.022
604.455
604.848
605.284
605.681
606.12
606.52
606.962
607.364
607.807
608.212
608.659
609.068
609.519
609.936
610.392
610.807
611.261
611.676
612.129
612.544
612.997
613.412
613.866
614.282
614.736
615.153
615.607
616.025
616.48
616.897
617.351
617.766
618.218
618.632
619.082
619.493
619.941
620.529
621.122
621.722
622.327
622.94
623.57
624.264
624.904
625.634
626.26
626.931
627.621
628.296
629.057
629.725
630.511
631.214
632.136
632.861
633.622
634.55
635.348
636.224
637.141
638.008
638.891
639.763
640.626
641.48
642.323
643.154
643.972
644.777
645.568
646.358
647.164
647.984
648.793
649.582
650.29
650.991
651.675
652.344
653.004
653.66
654.315
654.98
655.66
656.417
657.252
658.236
659.09
659.98
660.791
661.61
662.374
663.141
663.866
664.633
665.317
666.023
666.721
667.393
668.031
668.734
669.347
669.995
670.602
671.254
671.858
672.514
673.112
673.823
674.396
675.085
675.655
676.337
676.915
677.605
678.203
678.911
679.536
680.272
680.925
681.684
682.364
683.147
683.852
684.654
685.377
686.2
686.937
687.764
688.508
689.341
690.085
690.916
691.654
692.478
693.207
694.019
694.737
695.52
696.226
696.996
697.693
698.456
699.146
699.905
700.592
701.352
702.04
702.807
703.501
704.277
704.979
705.765
706.477
707.276
708.004
708.829
709.582
710.435
711.22
712.107
712.916
713.821
714.658
715.593
716.452
717.405
718.295
719.248
720.188
721.099
721.991
722.923
723.765
724.688
725.499
726.403
727.193
728.077
728.851
729.728
730.492
731.356
732.111
732.974
733.723
734.577
735.321
736.176
736.916
737.762
738.497
739.346
740.08
740.924
741.658
742.51
743.249
744.064
744.801
745.655
746.388
747.18
747.671
748.301
748.797
749.42
749.941
750.76
751.323
752.082
752.746
753.499
754.087
754.866
755.465
756.186
756.882
757.523
758.263
758.972
759.725
760.357
761.165
761.801
762.45
763.311
764.012
764.725
765.628
766.324
767.049
767.882
768.6
769.315
770.192
770.892
771.633
772.481
773.222
773.923
774.799
775.498
776.246
777.04
777.753
778.415
779.279
779.926
780.624
781.445
782.129
782.762
783.659
784.266
784.921
785.748
786.381
787.026
787.713
788.342
789.115
789.772
790.352
790.98
791.728
792.334
792.901
793.525
794.231
794.816
795.36
795.946
796.545
797.116
797.628
798.277
798.774
799.297
799.804
800.503
800.977
801.459
801.966
802.435
802.964
803.454
803.904
804.377
804.839
805.328
805.779
806.204
806.682
807.096
807.543
807.962
808.401
808.808
809.238
809.634
810.057
810.444
810.859
811.238
811.645
812.016
812.415
812.78
813.171
813.53
813.915
814.268
814.647
814.993
815.368
815.709
816.078
816.414
816.777
817.108
817.467
817.792
818.146
818.466
818.816
819.132
819.476
819.787
820.126
820.433
820.768
821.069
821.404
821.701
822.035
822.329
822.661
822.945
823.278
823.56
823.898
824.179
824.522
824.799
825.142
825.416
825.76
826.031
826.377
826.647
826.993
827.263
827.61
827.882
828.23
828.506
828.856
829.135
829.482
829.76
830.099
830.374
830.706
830.978
831.303
831.573
831.891
832.159
832.472
832.738
833.047
833.312
833.62
833.884
834.192
834.457
834.768
835.033
835.347
835.614
835.933
836.201
836.526
836.795
837.129
837.399
837.74
838.011
838.36
838.633
838.99
839.266
839.631
839.908
840.283
840.562
840.943
841.224
841.613
841.896
842.295
842.579
842.983
843.269
843.679
843.966
844.382
844.671
845.089
845.38
845.805
846.097
846.525
846.819
847.248
847.549
847.977
848.28
848.71
849.012
849.446
849.75
850.183
850.491
850.916
851.234
851.657
851.978
852.395
852.722
853.134
853.459
853.875
854.203
854.612
854.948
855.348
855.696
856.088
856.449
856.833
857.198
857.583
857.957
858.341
858.718
859.105
859.492
859.878
860.264
860.658
861.061
861.451
861.84
862.245
862.672
863.065
863.446
863.881
864.277
864.702
865.137
865.544
865.955
866.384
866.835
867.25
867.656
868.108
868.535
868.977
869.426
869.867
870.279
870.758
871.18
871.649
872.066
872.544
872.963
873.442
873.857
874.345
874.756
875.246
875.656
876.155
876.558
877.055
877.458
877.971
878.365
878.865
879.266
879.782
880.173
880.679
881.076
881.559
881.985
882.459
882.86
883.366
883.765
884.235
884.668
885.133
885.533
885.979
886.373
886.799
887.178
887.59
887.962
888.371
888.746
889.162
889.544
889.964
890.348
890.772
891.16
891.587
891.979
892.41
892.805
893.239
893.636
894.072
894.471
894.907
895.306
895.742
896.14
896.574
896.97
897.402
897.795
898.225
898.616
899.044
899.433
899.858
900.245
900.667
901.049
901.468
901.847
902.26
902.635
903.045
903.416
903.824
904.193
904.599
904.966
905.368
905.732
906.132
906.492
906.888
907.244
907.637
907.989
908.378
908.727
909.113
909.46
909.845
910.191
910.574
910.918
911.297
911.638
912.014
912.351
912.724
913.059
913.431
913.764
914.135
914.469
914.84
915.174
915.545
915.878
916.248
916.579
916.949
917.279
917.646
917.975
918.341
918.669
919.036
919.366
919.736
920.068
920.438
920.769
921.137
921.467
921.833
922.161
922.529
922.857
923.224
923.553
923.92
924.251
924.62
924.952
925.322
925.654
926.023
926.355
926.724
927.054
927.422
927.752
928.121
928.452
928.821
929.155
929.528
929.864
930.238
930.572
930.943
931.275
931.646
931.978
932.348
932.68
933.051
933.385
933.757
934.093
934.467
934.803
935.177
935.513
935.887
936.223
936.596
936.931
937.303
937.637
938.011
938.348
938.723
939.063
939.442
939.782
940.159
940.497
940.873
941.21
941.583
941.919
942.292
942.629
943.005
943.343
943.718
944.057
944.433
944.773
945.15
945.488
945.864
946.202
946.578
946.915
947.289
947.626
948.001
948.34
948.719
949.062
949.441
949.782
950.159
950.497
950.872
951.208
951.581
951.917
952.291
952.627
953
953.337
953.712
954.049
954.423
954.76
955.135
955.471
955.844
956.179
956.551
956.885
957.255
957.589
957.962
958.298
958.672
959.011
959.386
959.721
960.092
960.424
960.794
961.125
961.492
961.822
962.189
962.743
963.3
963.862
964.431
965.019
965.665
966.257
966.926
967.518
968.198
968.811
969.619
970.236
970.894
971.807
972.589
973.303
974.3
975.096
976.287
977.151
978.155
979.392
980.441
981.455
982.578
983.643
984.759
985.8
986.883
987.889
988.929
989.891
990.885
991.809
992.8
993.746
994.748
995.657
996.581
997.445
998.277
999.044
999.845
1000.58
1001.36
1002.09
1002.87
1003.6
1004.42
1005.26
1006.33
1007.51
1008.56
1009.57
1010.57
1011.49
1012.45
1013.31
1014.22
1015.03
1015.91
1016.66
1017.48
1018.19
1018.97
1019.68
1020.48
1021.22
1022.05
1022.81
1023.67
1024.47
1025.38
1026.23
1027.21
1028.12
1029.16
1030.14
1031.23
1032.25
1033.38
1034.42
1035.57
1036.62
1037.78
1038.85
1040
1041.07
1042.21
1043.26
1044.34
1045.32
1046.36
1047.28
1048.27
1049.15
1050.11
1050.95
1051.89
1052.71
1053.64
1054.46
1055.38
1056.19
1057.11
1057.92
1058.85
1059.67
1060.6
1061.46
1062.37
1063.24
1064.17
1065.05
1066
1066.91
1067.9
1068.78
1069.79
1070.68
1071.65
1072.54
1073.32
1073.99
1074.75
1075.53
1076.36
1077.22
1078.26
1079.01
1079.92
1080.8
1081.71
1082.52
1083.55
1084.36
1085.33
1086.23
1087.19
1088.07
1089.11
1089.95
1091.01
1091.93
1092.89
1093.8
1094.96
1095.86
1096.91
1097.94
1099
1100.05
1101.1
1102.01
1103.07
1104
1105.24
1106.14
1107.18
1108.07
1109.05
1109.97
1110.84
1112.06
1112.88
1113.7
1114.7
1115.5
1116.37
1117.35
1118.18
1118.96
1120.13
1120.88
1121.63
1122.55
1123.28
1124.09
1124.97
1125.9
1126.59
1127.38
1128.05
1128.82
1129.67
1130.52
1131.16
1131.85
1132.51
1133.5
1134.12
1134.78
1135.4
1136.36
1136.95
1137.6
1138.22
1138.93
1139.57
1140.23
1140.98
1141.68
1142.24
1142.84
1143.48
1144.24
1144.84
1145.41
1145.98
1146.56
1147.19
1147.74
1148.33
1148.94
1149.49
1150.02
1150.58
1151.12
1151.67
1152.2
1152.73
1153.26
1153.77
1154.3
1154.79
1155.3
1155.78
1156.28
1156.75
1157.24
1157.7
1158.18
1158.62
1159.09
1159.53
1159.98
1160.41
1160.86
1161.27
1161.71
1162.11
1162.54
1162.93
1163.35
1163.74
1164.15
1164.53
1164.93
1165.3
1165.69
1166.05
1166.44
1166.79
1167.17
1167.52
1167.89
1168.23
1168.59
1168.92
1169.28
1169.6
1169.96
1170.28
1170.62
1170.93
1171.28
1171.59
1171.92
1172.23
1172.56
1172.86
1173.2
1173.49
1173.83
1174.13
1174.47
1174.76
1175.12
1175.41
1175.78
1176.06
1176.44
1176.72
1177.12
1177.4
1177.8
1178.08
1178.5
1178.78
1179.21
1179.49
1179.93
1180.21
1180.65
1180.94
1181.39
1181.68
1182.14
1182.41
1182.88
1183.16
1183.63
1183.91
1184.39
1184.66
1185.14
1185.41
1185.89
1186.16
1186.64
1186.91
1187.39
1187.67
1188.14
1188.42
1188.89
1189.18
1189.65
1189.94
1190.41
1190.7
1191.18
1191.47
1191.95
1192.25
1192.72
1193.03
1193.51
1193.82
1194.31
1194.61
1195.11
1195.42
1195.93
1196.24
1196.75
1197.08
1197.58
1197.92
1198.43
1198.76
1199.29
1199.62
1200.16
1200.5
1201.03
1201.38
1201.92
1202.28
1202.81
1203.17
1203.71
1204.08
1204.61
1204.98
1205.52
1205.9
1206.43
1206.8
1207.33
1207.73
1208.25
1208.62
1209.16
1209.54
1210.06
1210.48
1210.98
1211.34
1211.89
1212.24
1212.8
1213.13
1213.72
1214.03
1214.58
1214.92
1215.45
1215.79
1216.36
1216.67
1217.19
1217.53
1218.07
1218.4
1218.94
1219.26
1219.77
1220.12
1220.65
1220.98
1221.49
1221.83
1222.35
1222.69
1223.18
1223.54
1224.04
1224.39
1224.88
1225.24
1225.7
1226.09
1226.54
1226.91
1227.38
1227.75
1228.19
1228.58
1229
1229.35
1229.73
1230.07
1230.45
1230.78
1231.16
1231.49
1231.87
1232.21
1232.6
1232.94
1233.32
1233.67
1234.06
1234.41
1234.8
1235.16
1235.55
1235.91
1236.31
1236.67
1237.07
1237.43
1237.84
1238.2
1238.6
1238.96
1239.36
1239.73
1240.13
1240.49
1240.89
1241.25
1241.65
1242.02
1242.42
1242.78
1243.17
1243.53
1243.93
1244.28
1244.67
1245.03
1245.42
1245.77
1246.16
1246.51
1246.9
1247.25
1247.63
1247.98
1248.36
1248.71
1249.09
1249.43
1249.8
1250.14
1250.51
1250.85
1251.22
1251.56
1251.93
1252.26
1252.63
1252.96
1253.32
1253.65
1254.01
1254.33
1254.69
1255.01
1255.37
1255.69
1256.05
1256.37
1256.73
1257.05
1257.41
1257.73
1258.08
1258.4
1258.75
1259.07
1259.42
1259.73
1260.08
1260.4
1260.75
1261.07
1261.43
1261.74
1262.09
1262.41
1262.76
1263.07
1263.41
1263.72
1264.07
1264.38
1264.73
1265.04
1265.39
1265.7
1266.05
1266.36
1266.71
1267.02
1267.37
1267.68
1268.03
1268.33
1268.68
1268.99
1269.34
1269.65
1270.01
1270.33
1270.69
1271
1271.36
1271.67
1272.04
1272.35
1272.72
1273.03
1273.4
1273.71
1274.09
1274.4
1274.79
1275.1
1275.49
1275.8
1276.19
1276.5
1276.89
1277.2
1277.59
1277.9
1278.3
1278.61
1279.01
1279.32
1279.73
1280.04
1280.44
1280.76
1281.16
1281.47
1281.87
1282.18
1282.58
1282.89
1283.29
1283.6
1284
1284.31
1284.71
1285.02
1285.43
1285.74
1286.13
1286.44
1286.84
1287.15
1287.54
1287.85
1288.24
1288.55
1288.94
1289.26
1289.65
1289.96
1290.35
1290.66
1291.04
1291.35
1291.73
1292.04
1292.41
1292.72
1293.09
1293.4
1293.77
1294.08
1294.45
1294.76
1295.13
1295.43
1295.8
1296.1
1296.46
1296.76
1297.12
1297.42
1297.78
1298.08
1298.44
1298.75
1299.1
1299.41
1299.75
1300.05
1300.4
1300.7
1301.04
1301.34
1301.68
1301.98
1302.32
1302.62
1302.96
1303.26
1303.6
1303.89
1304.23
1304.53
1305.45
1305.99
1306.53
1307.08
1307.65
1308.25
1308.86
1309.48
1310.13
1310.76
1311.58
1312.2
1312.93
1313.86
1314.54
1315.38
1316.44
1317.3
1318.45
1319.44
1320.87
1321.93
1323.39
1324.5
1325.69
1326.96
1328.13
1329.28
1330.46
1331.61
1332.79
1333.95
1335.14
1336.3
1337.5
1338.62
1339.78
1340.95
1342.1
1343.25
1344.37
1345.47
1346.53
1347.49
1348.45
1349.37
1350.31
1351.22
1352.15
1353.08
1354.11
1355.31
1356.9
1358.14
1359.5
1360.65
1361.82
1362.87
1363.93
1364.93
1365.93
1366.87
1367.83
1368.74
1369.65
1370.51
1371.37
1372.18
1373.02
1373.82
1374.68
1375.64
1376.58
1377.77
1378.73
1379.74
1381.21
1382.22
1383.36
1384.54
1385.85
1387.12
1388.25
1389.44
1390.65
1391.82
1393.03
1394.13
1395.31
1396.36
1397.48
1398.49
1399.58
1400.57
1401.6
1402.55
1403.55
1404.47
1405.44
1406.32
1407.27
1408.11
1409.09
1410.01
1411.17
1412.26
1413.48
1414.65
1415.86
1417.1
1418.37
1419.59
1420.9
1422.12
1423.2
1424.28
1425.37
1426.66
1427.99
1429.07
1430.35
1431.54
1432.85
1433.97
1435.27
1436.39
1437.62
1438.98
1440.22
1441.34
1442.66
1443.78
1445.16
1446.35
1447.57
1448.66
1449.98
1451.27
1452.53
1453.73
1454.98
1456.11
1457.6
1458.69
1459.91
1460.99
1462.22
1463.47
1464.67
1465.73
1466.92
1467.99
1469.36
1470.34
1471.47
1472.48
1473.62
1474.59
1475.78
1476.89
1477.86
1478.82
1480.03
1480.97
1482.06
1483.15
1484.12
1485.26
1486.37
1487.28
1488.24
1489.35
1490.32
1491.45
1492.54
1493.44
1494.37
1495.45
1496.43
1497.33
1498.5
1499.53
1500.43
1501.28
1502.23
1503.45
1504.33
1505.18
1506.06
1507.34
1508.2
1509.04
1509.88
1510.94
1512.03
1512.85
1513.67
1514.55
1515.39
1516.67
1517.47
1518.28
1519.08
1519.91
1521.01
1521.81
1522.61
1523.65
1524.42
1525.23
1526
1526.85
1527.64
1528.43
1529.23
1530.03
1530.82
1531.59
1532.36
1533.1
1533.86
1534.58
1535.31
1536.02
1536.72
1537.41
1538.08
1538.76
1539.4
1540.06
1540.68
1541.31
1541.92
1542.52
1543.1
1543.69
1544.24
1544.8
1545.34
1545.88
1546.41
1546.92
1547.43
1547.91
1548.4
1548.86
1549.33
1549.77
1550.23
1550.65
1551.09
1551.49
1551.92
1552.34
1552.72
1553.12
1553.5
1553.89
1554.28
1554.63
1555.01
1555.36
1555.73
1556.1
1556.43
1556.79
1557.12
1557.5
1557.86
1558.18
1558.56
1558.88
1559.27
1559.58
1559.99
1560.3
1560.72
1561.03
1561.46
1561.77
1562.23
1562.54
1563
1563.3
1563.79
1564.11
1564.57
1564.88
1565.37
1565.72
1566.18
1566.46
1567
1567.26
1567.58
1567.91
1568.36
1568.63
1569.16
1569.41
1569.86
1570.21
1570.65
1570.91
1571.39
1571.65
1572.21
1572.47
1572.89
1573.18
1573.66
1573.94
1574.59
1574.86
1575.29
1575.56
1576.12
1576.39
1576.83
1577.19
1577.63
1577.98
1578.43
1579.12
1579.56
1579.85
1580.37
1580.67
1581.43
1581.72
1582.17
1582.47
1583.07
1583.37
1583.84
1584.6
1585.05
1585.36
1585.84
1586.63
1587.1
1587.41
1587.9
1588.6
1589.08
1589.4
1589.91
1590.32
1590.87
1591.73
1592.27
1592.6
1593.16
1593.56
1594.24
1594.6
1595.35
1595.74
1596.06
1596.47
1596.82
1597.44
1597.79
1598.17
1598.56
1599.09
1599.45
1599.87
1600.34
1600.73
1601.16
1601.56
1602.02
1602.42
1602.83
1603.23
1603.6
1603.95
1604.29
1604.62
1604.95
1605.28
1605.61
1605.94
1606.27
1606.6
1606.93
1607.26
1607.58
1607.9
1608.23
1608.55
1608.87
1609.19
1609.51
1609.82
1610.17
1610.46
1610.76
1611.17
1611.47
1611.92
1612.22
1612.65
1612.95
1613.36
1613.66
1614.07
1614.38
1614.77
1615.08
1615.46
1615.77
1616.14
1616.44
1616.81
1617.11
1617.47
1617.77
1618.12
1618.43
1618.78
1619.08
1619.43
1619.73
1620.07
1620.37
1620.71
1621.01
1621.35
1621.64
1621.97
1622.27
1622.6
1622.89
1623.23
1623.52
1623.85
1624.15
1624.47
1624.76
1625.09
1625.37
1625.69
1625.98
1626.3
1626.58
1626.9
1627.18
1627.5
1627.78
1628.1
1628.38
1628.7
1628.98
1629.29
1629.57
1629.88
1630.16
1630.47
1630.74
1631.06
1631.34
1631.66
1631.94
1632.26
1632.54
1632.87
1633.14
1633.47
1633.74
1634.08
1634.35
1634.7
1634.97
1635.33
1635.6
1635.96
1636.24
1636.61
1636.88
1637.27
1637.54
1637.93
1638.2
1638.59
1638.86
1639.27
1639.54
1639.96
1640.23
1640.66
1640.94
1641.37
1641.65
1642.08
1642.36
1642.8
1643.08
1643.53
1643.81
1644.26
1644.54
1645.01
1645.29
1645.76
1646.04
1646.52
1646.8
1647.28
1647.56
1648.05
1648.33
1648.81
1649.09
1649.59
1649.87
1650.37
1650.65
1651.16
1651.45
1651.95
1652.23
1652.74
1653.02
1653.53
1653.81
1654.32
1654.61
1655.12
1655.41
1655.92
1656.21
1656.72
1657.01
1657.53
1657.82
1658.33
1658.62
1659.13
1659.42
1659.94
1660.22
1660.74
1661.03
1661.55
1661.85
1662.37
1662.66
1663.17
1663.47
1663.98
1664.27
1664.78
1665.08
1665.59
1665.88
1666.39
1666.69
1667.2
1667.49
1668
1668.3
1668.81
1669.1
1669.61
1669.9
1670.41
1670.7
1671.2
1671.5
1672
1672.29
1672.8
1673.1
1673.6
1673.89
1674.39
1674.68
1675.18
1675.47
1675.96
1676.26
1676.74
1677.04
1677.52
1677.82
1678.3
1678.6
1679.08
1679.38
1679.85
1680.15
1680.62
1680.92
1681.39
1681.68
1682.15
1682.45
1682.91
1683.21
1683.67
1683.98
1684.43
1684.73
1685.18
1685.48
1685.92
1686.22
1686.66
1686.96
1687.4
1687.7
1688.13
1688.43
1688.86
1689.17
1689.59
1689.89
1690.31
1690.61
1691.02
1691.32
1691.73
1692.03
1692.44
1692.74
1693.15
1693.45
1693.85
1694.16
1694.55
1694.85
1695.24
1695.54
1695.92
1696.22
1696.59
1696.89
1697.26
1697.56
1697.93
1698.23
1698.6
1698.9
1699.26
1699.56
1699.91
1700.21
1700.56
1700.86
1701.2
1701.5
1701.85
1702.15
1702.5
1702.8
1703.15
1703.45
1703.79
1704.09
1704.43
1704.72
1705.62
1706.15
1706.68
1707.22
1707.76
1708.33
1709.03
1709.59
1710.18
1711.04
1711.61
1712.21
1713.1
1713.78
1714.59
1715.63
1716.44
1717.68
1718.63
1720.02
1721.09
1722.55
1723.64
1725.1
1726.19
1727.37
1728.5
1729.71
1730.85
1732.05
1733.2
1734.41
1735.56
1736.77
1737.96
1739.16
1740.25
1741.48
1742.64
1743.81
1744.95
1746.07
1747.13
1748.16
1749.13
1750.14
1751.08
1752.08
1753.05
1754.13
1755.36
1757.06
1758.41
1759.89
1761.11
1762.39
1763.5
1764.63
1765.63
1766.64
1767.54
1768.46
1769.31
1770.2
1771.01
1771.87
1772.65
1773.48
1774.21
1774.99
1775.69
1776.44
1777.13
1777.91
1778.73
1779.67
1780.51
1781.68
1782.49
1783.49
1784.81
1785.79
1786.75
1787.99
1789.03
1790.39
1791.43
1792.64
1793.81
1795.03
1796.18
1797.39
1798.5
1799.67
1800.72
1801.82
1802.8
1803.85
1804.77
1805.77
1806.64
1807.61
1808.46
1809.41
1810.25
1811.2
1812.04
1812.98
1813.83
1814.78
1815.62
1816.56
1817.41
1818.39
1819.33
1820.37
1821.46
1822.61
1823.67
1824.88
1825.99
1827.23
1828.37
1829.62
1830.91
1832.09
1833.43
1834.49
1835.43
1836.47
1837.56
1838.87
1840
1841.2
1842.25
1843.41
1844.68
1845.83
1846.88
1848.14
1849.2
1850.48
1851.62
1852.78
1853.81
1855.06
1856.22
1857.37
1858.46
1859.6
1860.69
1862.1
1863.14
1864.3
1865.41
1866.58
1867.75
1868.91
1869.93
1871.08
1872.1
1873.41
1874.4
1875.53
1876.51
1877.66
1878.72
1879.83
1880.74
1881.81
1882.94
1883.99
1884.88
1885.91
1886.88
1887.79
1888.85
1889.94
1890.8
1891.81
1892.71
1893.77
1894.79
1895.63
1896.5
1897.52
1898.42
1899.45
1900.45
1901.26
1902.1
1903.09
1904.15
1904.93
1905.91
1906.69
1907.53
1908.58
1909.4
1910.32
1911.11
1911.89
1912.9
1913.85
1914.58
1915.34
1916.14
1917.3
1918.02
1918.78
1919.5
1920.43
1921.4
1922.13
1922.83
1923.59
1924.33
1925.34
1926.09
1926.8
1927.5
1928.38
1929.12
1929.82
1930.7
1931.37
1932.05
1932.73
1933.43
1934.17
1934.83
1935.5
1936.21
1936.86
1937.52
1938.17
1938.82
1939.45
1940.08
1940.69
1941.3
1941.9
1942.48
1943.07
1943.63
1944.2
1944.74
1945.3
1945.82
1946.36
1946.86
1947.38
1947.86
1948.36
1948.83
1949.32
1949.77
1950.24
1950.68
1951.13
1951.55
1951.98
1952.39
1952.81
1953.2
1953.61
1953.99
1954.39
1954.75
1955.14
1955.49
1955.86
1956.21
1956.57
1956.9
1957.26
1957.58
1957.93
1958.25
1958.61
1958.95
1959.26
1959.61
1959.92
1960.27
1960.58
1960.94
1961.25
1961.62
1961.92
1962.31
1962.6
1963
1963.3
1963.72
1964.02
1964.45
1964.74
1965.19
1965.48
1965.93
1966.24
1966.7
1967.03
1967.48
1967.77
1968.32
1968.58
1968.91
1969.26
1969.73
1970
1970.55
1970.82
1971.28
1971.6
1972.07
1972.36
1972.84
1973.14
1973.61
1974.17
1974.62
1975.21
1975.66
1976.16
1976.61
1976.89
1977.37
1977.73
1978.17
1978.48
1978.95
1979.25
1979.76
1980.02
1980.81
1981.09
1981.87
1982.15
1982.95
1983.24
1984.01
1984.27
1984.78
1985.08
1985.83
1986.11
1986.65
1986.94
1987.87
1988.15
1988.76
1989.41
1989.77
1990.06
1990.8
1991.1
1991.49
1992.06
1992.39
1992.74
1993.08
1993.83
1994.21
1994.52
1994.87
1995.68
1995.99
1996.32
1996.68
1997.49
1997.81
1998.14
1998.44
1998.79
1999.09
1999.38
1999.67
1999.95
2000.24
2000.52
2000.81
2001.09
2001.37
2001.65
2001.93
2002.21
2002.48
2002.76
2003.03
2003.31
2003.58
2003.86
2004.13
2004.41
2004.68
2004.96
2005.22
2005.53
2005.79
2006.05
2006.35
2006.61
2006.96
2007.23
2007.57
2007.83
2008.18
2008.45
2008.78
2009.05
2009.37
2009.63
2009.95
2010.21
2010.52
2010.78
2011.09
2011.35
2011.66
2011.91
2012.22
2012.48
2012.78
2013.04
2013.34
2013.59
2013.89
2014.14
2014.44
2014.69
2014.98
2015.23
2015.52
2015.78
2016.07
2016.33
2016.62
2016.87
2017.16
2017.41
2017.69
2017.94
2018.22
2018.46
2018.75
2018.99
2019.28
2019.53
2019.82
2020.06
2020.36
2020.6
2020.9
2021.14
2021.44
2021.68
2021.99
2022.23
2022.55
2022.79
2023.11
2023.36
2023.7
2023.95
2024.29
2024.53
2024.88
2025.12
2025.48
2025.72
2026.08
2026.33
2026.7
2026.95
2027.33
2027.58
2027.97
2028.22
2028.62
2028.87
2029.28
2029.53
2029.94
2030.19
2030.61
2030.86
2031.29
2031.54
2031.98
2032.24
2032.68
2032.94
2033.38
2033.64
2034.09
2034.34
2034.79
2035.05
2035.51
2035.76
2036.22
2036.48
2036.95
2037.21
2037.67
2037.94
2038.4
2038.67
2039.13
2039.39
2039.86
2040.12
2040.59
2040.85
2041.32
2041.59
2042.06
2042.33
2042.8
2043.07
2043.53
2043.8
2044.26
2044.53
2044.99
2045.26
2045.72
2045.99
2046.45
2046.72
2047.18
2047.45
2047.9
2048.18
2048.63
2048.9
2049.34
2049.62
2050.06
2050.34
2050.77
2051.05
2051.48
2051.77
2052.2
2052.48
2052.91
2053.19
2053.61
2053.89
2054.3
2054.59
2054.99
2055.28
2055.68
2055.97
2056.37
2056.66
2057.06
2057.35
2057.74
2058.03
2058.41
2058.7
2059.08
2059.37
2059.75
2060.04
2060.41
2060.7
2061.07
2061.37
2061.73
2062.03
2062.38
2062.68
2063.03
2063.33
2063.67
2063.97
2064.32
2064.61
2064.96
2065.26
2065.61
2065.91
2066.26
2066.56
2066.91
2067.21
2067.55
2067.86
2068.2
2068.5
2068.85
2069.15
2069.5
2069.81
2070.16
2070.48
2070.82
2071.13
2071.48
2071.79
2072.14
2072.45
2072.8
2073.11
2073.45
2073.77
2074.12
2074.43
2074.78
2075.1
2075.45
2075.77
2076.12
2076.44
2076.79
2077.11
2077.46
2077.77
2078.13
2078.45
2078.81
2079.13
2079.49
2079.81
2080.17
2080.49
2080.85
2081.17
2081.53
2081.85
2082.21
2082.53
2082.89
2083.21
2083.57
2083.89
2084.26
2084.58
2084.94
2085.27
2085.63
2085.95
2086.32
2086.64
2087
2087.33
2087.69
2088.02
2088.39
2088.72
2089.09
2089.42
2089.79
2090.12
2090.48
2090.81
2091.17
2091.5
2091.87
2092.19
2092.56
2092.89
2093.26
2093.59
2093.96
2094.29
2094.66
2094.99
2095.36
2095.69
2096.05
2096.38
2096.75
2097.08
2097.45
2097.79
2098.16
2098.5
2098.87
2099.2
2099.58
2099.91
2100.28
2100.61
2100.98
2101.31
2101.68
2102.01
2102.38
2102.71
2103.08
2103.42
2103.79
2104.12
2104.49
2105.03
2105.58
2106.12
2106.67
2107.23
2107.79
2108.36
2108.93
2109.51
2110.1
2110.69
2111.31
2111.94
2112.6
2113.3
2114.02
2114.79
2115.58
2116.56
2117.42
2118.54
2119.48
2120.53
2121.91
2122.97
2124.06
2125.21
2126.44
2127.62
2128.81
2129.99
2131.15
2132.3
2133.42
2134.51
2135.56
2136.59
2137.58
2138.55
2139.49
2140.4
2141.29
2142.16
2142.99
2143.8
2144.59
2145.37
2146.13
2146.89
2147.66
2148.43
2149.22
2150.05
2150.92
2151.88
2152.95
2154.02
2155.02
2155.98
2156.89
2157.76
2158.6
2159.43
2160.23
2161.04
2161.83
2162.63
2163.43
2164.24
2165.05
2165.88
2166.7
2167.55
2168.38
2169.25
2170.1
2170.98
2171.85
2172.75
2173.63
2174.54
2175.44
2176.36
2177.28
2178.21
2179.13
2180.07
2180.99
2181.93
2182.85
2183.79
2184.7
2185.65
2186.56
2187.51
2188.44
2189.39
2190.31
2191.26
2192.15
2193.07
2193.93
2194.81
2195.66
2196.52
2197.34
2198.17
2198.97
2199.79
2200.58
2201.39
2202.17
2202.97
2203.75
2204.55
2205.32
2206.12
2206.89
2207.68
2208.45
2209.25
2210.02
2210.81
2211.58
2212.39
2213.17
2213.97
2214.74
2215.54
2216.31
2217.11
2217.63
2218.18
2218.73
2219.29
2219.87
2220.57
2221.2
2221.91
2222.54
2223.11
2223.84
2224.38
2225.07
2225.69
2226.37
2226.92
2227.63
2228.18
2228.88
2229.51
2230.2
2230.75
2231.54
2232.14
2232.87
2233.55
2234.31
2234.91
2235.78
2236.37
2237.13
2237.72
2238.49
2239.12
2239.89
2240.52
2241.3
2241.93
2242.71
2243.34
2244.14
2244.71
2245.5
2246.06
2246.66
2247.49
2248.08
2248.64
2249.43
2250.02
2250.62
2251.49
2252.05
2252.6
2253.35
2253.9
2254.61
2255.32
2255.86
2256.41
2257.11
2257.75
2258.28
2258.96
2259.53
2260.06
2260.8
2261.31
2261.82
2262.69
2263.17
2263.66
2264.28
2264.77
2265.27
2265.83
2266.34
2266.81
2267.56
2268.01
2268.45
2269.05
2269.48
2269.91
2270.42
2270.99
2271.64
2272.03
2272.44
2272.98
2273.39
2273.78
2274.28
2274.71
2275.12
2275.6
2276.16
2276.51
2276.98
2277.32
2277.73
2278.32
2278.69
2279.07
2279.45
2279.86
2280.34
2280.69
2281.08
2281.43
2281.84
2282.2
2282.63
2282.97
2283.39
2283.73
2284.16
2284.48
2284.88
2285.22
2285.6
2285.95
2286.32
2286.66
2287.03
2287.37
2287.73
2288.06
2288.42
2288.75
2289.1
2289.42
2289.77
2290.08
2290.43
2290.74
2291.07
2291.36
2291.69
2291.97
2292.29
2292.58
2292.89
2293.17
2293.49
2293.76
2294.07
2294.34
2294.64
2294.9
2295.2
2295.46
2295.76
2296.02
2296.31
2296.57
2296.87
2297.13
2297.43
2297.69
2298
2298.26
2298.57
2298.83
2299.15
2299.4
2299.73
2299.97
2300.31
2300.55
2300.89
2301.13
2301.48
2301.71
2302.07
2302.31
2302.67
2302.91
2303.29
2303.52
2303.91
2304.14
2304.54
2304.77
2305.19
2305.42
2305.85
2306.09
2306.53
2306.76
2307.22
2307.46
2307.92
2308.16
2308.64
2308.88
2309.37
2309.61
2310.11
2310.35
2310.66
2310.9
2311.16
2311.51
2311.75
2312
2312.28
2312.55
2312.84
2313.1
2313.43
2313.68
2313.94
2314.27
2314.53
2314.79
2315.13
2315.38
2315.65
2315.99
2316.25
2316.53
2316.86
2317.13
2317.41
2317.73
2318
2318.35
2318.61
2318.94
2319.23
2319.51
2319.88
2320.14
2320.46
2320.75
2321.14
2321.4
2321.74
2322.08
2322.37
2322.67
2323.09
2323.4
2323.68
2324.02
2324.39
2324.71
2325.01
2325.67
2325.96
2326.41
2326.69
2326.99
2327.7
2327.98
2328.33
2329.01
2329.37
2329.66
2330.37
2330.72
2331.03
2331.76
2332.09
2332.45
2333
2333.37
2333.67
2334.03
2334.84
2335.15
2335.54
2335.89
2336.68
2337.08
2337.41
2337.75
2338.66
2339
2339.31
2339.72
2340.6
2340.93
2341.32
2341.69
2342.62
2342.96
2343.34
2343.71
2344.68
2345.02
2345.44
2345.78
2346.39
2346.78
2347.17
2348.13
2348.57
2348.87
2349.29
2349.69
2350.75
2351.1
2351.49
2351.81
2352.31
2353.06
2353.39
2353.75
2354.09
2354.4
2354.73
2355.04
2355.38
2355.69
2356.03
2356.34
2356.67
2356.99
2357.31
2357.71
2358.02
2358.43
2358.76
2359.17
2359.5
2359.9
2360.24
2360.64
2360.99
2361.39
2361.74
2362.15
2362.49
2362.9
2363.25
2363.65
2364.01
2364.41
2364.76
2365.17
2365.53
2365.94
2366.31
2366.71
2367.07
2367.48
2367.84
2368.24
2368.6
2369
2369.36
2369.76
2370.13
2370.53
2370.89
2371.3
2371.66
2372.07
2372.43
2372.83
2373.19
2373.59
2373.95
2374.35
2374.71
2375.11
2375.46
2375.86
2376.22
2376.62
2376.98
2377.37
2377.73
2378.12
2378.46
2378.85
2379.2
2379.58
2379.92
2380.31
2380.65
2381.04
2381.38
2381.76
2382.1
2382.49
2382.83
2383.21
2383.55
2383.93
2384.27
2384.64
2384.98
2385.36
2385.7
2386.07
2386.42
2386.8
2387.14
2387.52
2387.86
2388.23
2388.57
2388.95
2389.28
2389.66
2389.99
2390.37
2390.71
2391.08
2391.42
2391.79
2392.13
2392.51
2392.85
2393.22
2393.55
2393.93
2394.26
2394.63
2394.96
2395.34
2395.67
2396.04
2396.38
2396.75
2397.09
2397.46
2397.79
2398.16
2398.49
2398.86
2399.19
2399.56
2399.89
2400.26
2400.59
2400.96
2401.29
2401.66
2401.99
2402.36
2402.69
2403.05
2403.38
2403.75
2404.07
2404.44
2404.76
2405.13
2405.46
2405.82
2406.16
2406.52
2406.85
2407.21
2407.54
2408.47
2409.02
2409.58
2410.14
2410.72
2411.52
2412.08
2412.65
2413.28
2414.06
2414.63
2415.25
2416.1
2416.7
2417.42
2418.32
2418.99
2419.77
2420.76
2421.56
2422.62
2423.44
2424.61
2425.48
2426.41
2427.39
2428.35
2429.28
2430.21
2431.11
2432.01
2432.88
2433.74
2434.58
2435.45
2436.29
2437.13
2437.98
2438.86
2439.71
2440.51
2441.33
2442.05
2442.76
2443.48
2444.18
2444.91
2445.65
2446.46
2447.44
2448.58
2449.53
2450.53
2451.45
2452.34
2453.19
2454.01
2454.8
2455.55
2456.28
2456.99
2457.68
2458.36
2459.04
2459.7
2460.35
2460.99
2461.64
2462.3
2462.95
2463.54
2464.29
2464.86
2465.52
2466.18
2466.8
2467.47
2468.12
2468.82
2469.53
2470.33
2471.22
2472.1
2473.06
2474.02
2475.03
2476.04
2477.09
2478.16
2479.21
2480.31
2481.38
2482.53
2483.59
2484.76
2485.82
2486.97
2487.99
2489.11
2490.12
2491.15
2492.12
2493.11
2494.02
2494.98
2495.88
2496.83
2497.68
2498.63
2499.46
2500.4
2501.23
2502.18
2503.04
2503.97
2504.84
2505.77
2506.66
2507.6
2508.51
2509.51
2510.4
2511.43
2512.36
2513.4
2514.35
2515.33
2516.34
2517.36
2518.11
2518.95
2519.69
2520.52
2521.37
2522.35
2523.27
2524.36
2525.18
2526.14
2527.14
2528.12
2529.03
2530.15
2531.07
2532.26
2533.28
2534.34
2535.31
2536.5
2537.65
2538.78
2539.88
2541.05
2542.18
2543.69
2544.83
2546.12
2547.34
2548.67
2550.03
2551.4
2552.67
2553.97
2555.29
2556.77
2558.54
2559.82
2560.94
2562.3
2563.63
2565.39
2566.44
2567.6
2568.84
2571
2572.06
2573.07
2574.28
2575.32
2577.25
2578.31
2579.27
2580.25
2581.36
2582.7
2583.62
2584.72
2585.61
2586.48
2587.57
2588.35
2589.16
2590.1
2590.98
2591.64
2592.31
2592.94
2593.77
2594.38
2595.04
2595.61
2596.42
2596.96
2597.58
2598.13
2598.74
2599.33
2599.94
2600.56
2601.16
2601.8
2602.53
2603.14
2603.69
2604.18
2604.74
2605.29
2605.84
2606.36
2606.99
2607.57
2608.23
2608.82
2609.47
2610.04
2610.66
2611.23
2611.83
2612.38
2612.96
2613.5
2614.07
2614.59
2615.15
2615.67
2616.21
2616.72
2617.27
2617.8
2618.34
2618.85
2619.38
2619.88
2620.39
2620.88
2621.38
2621.86
2622.35
2622.81
2623.29
2623.75
2624.22
2624.67
2625.14
2625.58
2626.04
2626.48
2626.94
2627.37
2627.82
2628.25
2628.7
2629.13
2629.57
2629.99
2630.44
2630.86
2631.3
2631.72
2632.16
2632.58
2633.02
2633.44
2633.88
2634.3
2634.74
2635.16
2635.6
2636.02
2636.45
2636.87
2637.3
2637.71
2638.15
2638.56
2638.99
2639.4
2639.83
2640.24
2640.67
2641.07
2641.5
2641.91
2642.34
2642.74
2643.17
2643.57
2644
2644.4
2644.83
2645.23
2645.66
2646.06
2646.48
2646.88
2647.3
2647.69
2648.11
2648.51
2648.93
2649.32
2649.73
2650.13
2650.54
2650.93
2651.35
2651.74
2652.15
2652.53
2652.95
2653.33
2653.74
2654.13
2654.53
2654.95
2655.33
2655.72
2656.12
2656.5
2656.92
2657.28
2657.84
2658.2
2658.53
2658.92
2659.62
2659.99
2660.34
2661.11
2661.47
2661.82
2662.58
2662.9
2663.29
2664.01
2664.38
2664.72
2665.48
2665.82
2666.2
2666.89
2667.26
2667.59
2667.96
2668.74
2669.12
2669.42
2669.84
2670.63
2670.99
2671.31
2671.71
2672.51
2672.93
2673.2
2673.66
2674.42
2674.87
2675.16
2675.61
2676.15
2676.58
2676.87
2677.39
2678.17
2678.63
2678.9
2679.39
2679.7
2680.35
2680.61
2681.14
2681.7
2682.19
2682.45
2682.95
2683.28
2683.83
2684.15
2684.62
2684.91
2685.36
2685.64
2686.06
2686.32
2686.73
2687
2687.4
2687.67
2688.06
2688.33
2688.71
2688.98
2689.35
2689.63
2689.99
2690.28
2690.64
2690.93
2691.29
2691.59
2691.95
2692.25
2692.61
2692.92
2693.28
2693.59
2693.95
2694.26
2694.62
2694.94
2695.31
2695.63
2696.01
2696.34
2696.71
2697.04
2697.41
2697.73
2698.1
2698.43
2698.8
2699.12
2699.49
2699.82
2700.18
2700.51
2700.87
2701.2
2701.56
2701.88
2702.24
2702.56
2702.91
2703.22
2703.57
2703.88
2704.23
2704.53
2704.88
2705.19
2705.53
2705.84
2706.17
2706.47
2706.8
2707.1
2707.43
2707.72
2708.04
2708.33
2708.66
2708.94
2709.27
2709.56
2709.88
2710.17
2710.49
2710.77
2711.09
2711.38
2711.69
2711.97
2712.29
2712.57
2712.89
2713.17
2713.49
2713.78
2714.1
2714.38
2714.7
2714.98
2715.29
2715.57
2715.89
2716.17
2716.49
2716.77
2717.09
2717.37
2717.69
2717.97
2718.29
2718.58
2718.9
2719.18
2719.51
2719.79
2720.11
2720.39
2720.71
2721
2721.32
2721.61
2721.94
2722.23
2722.56
2722.85
2723.17
2723.46
2723.79
2724.08
2724.4
2724.69
2725.02
2725.31
2725.64
2725.94
2726.27
2726.57
2726.9
2727.2
2727.53
2727.83
2728.16
2728.46
2728.79
2729.09
2729.42
2729.72
2730.06
2730.37
2730.71
2731.02
2731.36
2731.66
2732
2732.3
2732.64
2732.95
2733.29
2733.59
2733.94
2734.24
2734.59
2734.9
2735.24
2735.55
2735.9
2736.21
2736.56
2736.87
2737.21
2737.52
2737.87
2738.18
2738.53
2738.84
2739.2
2739.52
2739.87
2740.19
2740.54
2740.85
2741.2
2741.52
2741.87
2742.18
2742.54
2742.85
2743.2
2743.52
2743.88
2744.2
2744.55
2744.87
2745.23
2745.55
2745.9
2746.22
2746.57
2746.89
2747.25
2747.57
2747.92
2748.25
2748.61
2748.94
2749.3
2749.62
2749.98
2750.3
2750.65
2750.97
2751.33
2751.65
2752.01
2752.33
2752.69
2753.01
2753.37
2753.7
2754.06
2754.38
2754.74
2755.06
2755.42
2755.74
2756.1
2756.42
2756.78
2757.1
2757.47
2757.79
2758.16
2758.48
2758.85
2759.4
2759.95
2760.51
2761.07
2761.63
2762.21
2762.86
2763.45
2764.26
2764.82
2765.41
2766.26
2766.86
2767.5
2768.42
2769.11
2770.13
2770.87
2771.9
2772.86
2774.14
2775.08
2776.45
2777.47
2778.65
2779.91
2781.03
2782.09
2783.22
2784.27
2785.37
2786.4
2787.45
2788.43
2789.43
2790.4
2791.39
2792.31
2793.32
2794.23
2795.21
2796.08
2797.02
2797.84
2798.67
2799.46
2800.29
2801.07
2801.89
2802.69
2803.56
2804.47
2805.58
2806.75
2807.84
2808.85
2809.84
2810.73
2811.63
2812.44
2813.28
2814.04
2814.86
2815.6
2816.39
2817.11
2817.89
2818.57
2819.31
2819.95
2820.67
2821.31
2822.04
2822.7
2823.48
2824.23
2825.19
2826.01
2827.05
2827.94
2829.01
2829.97
2831.08
2832.09
2833.21
2834.25
2835.39
2836.45
2837.61
2838.67
2839.81
2840.85
2841.96
2842.96
2844.02
2844.97
2845.99
2846.89
2847.86
2848.72
2849.66
2850.49
2851.41
2852.23
2853.13
2853.93
2854.83
2855.63
2856.53
2857.33
2858.24
2859.07
2859.96
2860.81
2861.71
2862.57
2863.5
2864.38
2865.35
2866.22
2867.21
2868.09
2869.08
2869.97
2870.74
2871.41
2872.16
2872.89
2873.66
2874.45
2875.32
2876.27
2877.11
2877.98
2878.84
2879.73
2880.54
2881.55
2882.35
2883.33
2884.23
2885.18
2886.07
2887.11
2887.95
2888.96
2889.9
2890.97
2891.88
2893.01
2893.95
2895.03
2896.06
2897.28
2898.2
2899.26
2900.19
2901.28
2902.31
2903.39
2904.34
2905.52
2906.46
2907.54
2908.54
2909.58
2910.53
2911.53
2912.41
2913.54
2914.52
2915.36
2916.2
2917.17
2918.04
2918.86
2919.85
2920.65
2921.44
2922.35
2923.19
2923.89
2924.76
2925.57
2926.23
2927.08
2927.78
2928.44
2929.14
2929.81
2930.67
2931.32
2931.92
2932.64
2933.38
2934.05
2934.64
2935.32
2936.05
2936.74
2937.28
2937.88
2938.57
2939.15
2939.76
2940.52
2941.1
2941.66
2942.27
2942.83
2943.58
2944.14
2944.71
2945.26
2945.84
2946.45
2947
2947.53
2948.11
2948.64
2949.22
2949.73
2950.25
2950.8
2951.3
2951.81
2952.31
2952.82
2953.3
2953.8
2954.26
2954.75
2955.2
2955.68
2956.13
2956.59
2957.03
2957.48
2957.91
2958.36
2958.77
2959.21
2959.61
2960.04
2960.44
2960.86
2961.24
2961.65
2962.03
2962.43
2962.8
2963.2
2963.56
2963.95
2964.3
2964.68
2965.03
2965.4
2965.74
2966.11
2966.45
2966.81
2967.14
2967.49
2967.82
2968.17
2968.49
2968.83
2969.15
2969.49
2969.8
2970.13
2970.44
2970.77
2971.07
2971.4
2971.7
2972.02
2972.32
2972.64
2972.93
2973.26
2973.55
2973.88
2974.17
2974.51
2974.79
2975.14
2975.42
2975.78
2976.06
2976.43
2976.71
2977.09
2977.37
2977.76
2978.04
2978.44
2978.73
2979.13
2979.41
2979.83
2980.11
2980.53
2980.81
2981.24
2981.52
2981.95
2982.23
2982.67
2982.95
2983.39
2983.67
2984.12
2984.4
2984.84
2985.13
2985.58
2985.86
2986.32
2986.6
2987.06
2987.35
2987.81
2988.1
2988.57
2988.86
2989.33
2989.63
2990.1
2990.4
2990.87
2991.18
2991.66
2991.96
2992.45
2992.75
2993.24
2993.56
2994.04
2994.37
2994.86
2995.19
2995.68
2996
2996.51
2996.83
2997.33
2997.67
2998.17
2998.52
2999.02
2999.37
2999.87
3000.22
3000.72
3001.07
3001.57
3001.94
3002.43
3002.8
3003.28
3003.66
3004.14
3004.53
3004.99
3005.4
3005.85
3006.26
3006.7
3007.12
3007.56
3007.97
3008.4
3008.83
3009.25
3009.68
3010.1
3010.54
3010.96
3011.39
3011.82
3012.25
3012.69
3013.11
3013.56
3013.98
3014.42
3014.85
3015.31
3015.73
3016.16
3016.6
3017.05
3017.47
3017.94
3018.35
3018.81
3019.23
3019.71
3020.12
3020.56
3021
3021.44
3021.87
3022.34
3022.75
3023.21
3023.63
3024.11
3024.51
3024.97
3025.36
3025.86
3026.24
3026.71
3027.12
3027.58
3027.97
3028.45
3028.84
3029.27
3029.64
3030.06
3030.42
3030.82
3031.18
3031.57
3031.93
3032.33
3032.69
3033.1
3033.47
3033.87
3034.24
3034.65
3035.02
3035.44
3035.81
3036.23
3036.61
3037.03
3037.41
3037.83
3038.21
3038.63
3039.02
3039.44
3039.82
3040.24
3040.62
3041.04
3041.42
3041.84
3042.22
3042.63
3043.01
3043.43
3043.81
3044.22
3044.6
3045.01
3045.38
3045.79
3046.16
3046.56
3046.93
3047.34
3047.7
3048.11
3048.47
3048.87
3049.24
3049.63
3049.99
3050.38
3050.74
3051.13
3051.48
3051.87
3052.21
3052.6
3052.95
3053.33
3053.68
3054.06
3054.4
3054.77
3055.11
3055.48
3055.82
3056.19
3056.52
3056.89
3057.22
3057.59
3057.92
3058.29
3058.61
3058.98
3059.31
3059.67
3060
3060.36
3060.68
3061.04
3061.36
3061.72
3062.04
3062.4
3062.72
3063.08
3063.4
3063.76
3064.08
3064.43
3064.74
3065.1
3065.41
3065.76
3066.08
3066.43
3066.74
3067.09
3067.41
3067.76
3068.07
3068.42
3068.73
3069.08
3069.39
3069.74
3070.05
3070.39
3070.7
3071.05
3071.36
3071.71
3072.03
3072.38
3072.69
3073.05
3073.36
3073.72
3074.03
3074.39
3074.7
3075.07
3075.37
3075.75
3076.05
3076.43
3076.74
3077.12
3077.43
3077.82
3078.12
3078.51
3078.82
3079.21
3079.51
3079.9
3080.21
3080.6
3080.91
3081.31
3081.62
3082.03
3082.33
3082.73
3083.04
3083.44
3083.74
3084.14
3084.44
3084.84
3085.15
3085.55
3085.85
3086.25
3086.56
3086.96
3087.26
3087.66
3087.96
3088.36
3088.66
3089.05
3089.35
3089.75
3090.05
3090.44
3090.75
3091.15
3091.45
3091.84
3092.14
3092.52
3092.82
3093.21
3093.5
3093.88
3094.18
3094.56
3094.85
3095.23
3095.53
3095.9
3096.2
3096.57
3097.11
3097.65
3098.2
3098.77
3099.49
3100.05
3100.64
3101.48
3102.04
3102.74
3103.59
3104.17
3105
3105.9
3106.59
3107.66
3108.44
3109.57
3110.54
3111.78
3112.9
3114.26
3115.42
3116.8
3117.93
3118.99
3120.14
3121.21
3122.36
3123.44
3124.59
3125.66
3126.79
3127.86
3129
3130.01
3131.13
3132.23
3133.4
3134.48
3135.57
3136.61
3137.66
3138.62
3139.6
3140.49
3141.45
3142.35
3143.37
3144.44
3145.89
3147.28
3148.6
3149.81
3151.02
3152.09
3153.2
3154.17
3155.19
3156.08
3157.05
3157.91
3158.86
3159.71
3160.65
3161.52
3162.48
3163.35
3164.26
3165.34
3166.18
3167.33
3168.5
3169.34
3170.68
3171.5
3172.68
3173.64
3175.07
3175.99
3177.39
3178.36
3179.65
3180.68
3182.25
3183.21
3184.31
3185.42
3186.57
3187.64
3188.75
3189.77
3190.86
3191.77
3192.73
3193.61
3194.66
3195.72
3196.64
3197.84
3199.05
3200.24
3201.47
3202.91
3204.03
3205.41
3206.85
3207.8
3208.95
3210.28
3211.47
3212.96
3214.12
3215.47
3216.73
3218.12
3219.37
3220.71
3222
3223.4
3224.81
3226.06
3227.41
3228.87
3230.24
3231.46
3232.9
3234.25
3235.61
3236.91
3238.29
3239.72
3241.12
3242.36
3243.8
3245.18
3246.51
3247.71
3249.02
3250.24
3251.54
3252.86
3254.13
3255.24
3256.47
3257.76
3258.81
3260
3261.04
3262.27
3263.42
3264.43
3265.43
3266.79
3267.78
3268.78
3269.9
3271.04
3272.03
3273.13
3274.11
3275.31
3276.39
3277.34
3278.26
3279.54
3280.45
3281.39
3282.47
3283.45
3284.36
3285.53
3286.61
3287.46
3288.37
3289.28
3290.42
3291.28
3292.43
3293.26
3294.31
3295.14
3296.02
3297.11
3298.05
3298.86
3299.69
3300.73
3301.82
3302.62
3303.45
3304.27
3305.29
3306.37
3307.17
3307.97
3308.78
3309.68
3310.57
3311.38
3312.34
3313.13
3314.02
3314.9
3315.77
3316.57
3317.47
3318.28
3319.18
3319.97
3320.84
3321.64
3322.5
3323.29
3324.13
3324.91
3325.73
3326.51
3327.3
3328.07
3328.85
3329.6
3330.35
3331.09
3331.83
3332.56
3333.27
3333.98
3334.66
3335.35
3336.02
3336.69
3337.33
3337.98
3338.61
3339.24
3339.84
3340.45
3341.03
3341.62
3342.18
3342.75
3343.29
3343.84
3344.38
3344.9
3345.42
3345.91
3346.42
3346.9
3347.39
3347.85
3348.32
3348.77
3349.24
3349.7
3350.13
3350.57
3350.98
3351.42
3351.84
3352.24
3352.65
3353.03
3353.45
3353.85
3354.22
3354.61
3354.97
3355.35
3355.71
3356.09
3356.51
3356.83
3357.2
3357.65
3358.02
3358.34
3358.97
3359.27
3359.9
3360.2
3360.86
3361.15
3361.82
3362.11
3362.81
3363.1
3363.8
3364.09
3364.82
3365.11
3365.84
3366.13
3366.63
3366.93
3367.66
3367.94
3368.68
3368.95
3369.61
3369.87
3370.3
3370.89
3371.31
3371.9
3372.33
3372.7
3373.12
3373.44
3373.89
3374.51
3374.95
3375.21
3376.03
3376.28
3376.73
3377.39
3377.81
3378.09
3378.92
3379.2
3379.64
3380.34
3380.79
3381.05
3381.96
3382.24
3382.68
3383.1
3383.56
3384.33
3384.8
3385.06
3385.57
3386.34
3386.82
3387.12
3387.58
3388.42
3388.88
3389.18
3389.65
3390.52
3391
3391.28
3391.78
3392.65
3393.14
3393.44
3393.94
3394.36
3394.88
3395.81
3396.33
3396.62
3397.15
3397.48
3398.68
3399
3399.53
3399.81
3400.36
3400.65
3400.99
3401.28
3401.58
3401.92
3402.21
3402.53
3402.84
3403.17
3403.47
3403.8
3404.1
3404.44
3404.74
3405.07
3405.38
3405.73
3406.03
3406.37
3406.68
3407.05
3407.35
3407.69
3408.01
3408.36
3408.67
3409.04
3409.34
3409.67
3410.01
3410.33
3410.69
3411.01
3411.35
3411.66
3412.01
3412.32
3412.65
3412.96
3413.3
3413.61
3413.93
3414.24
3414.6
3414.9
3415.2
3415.55
3415.85
3416.15
3416.52
3416.82
3417.11
3417.54
3417.83
3418.24
3418.53
3418.93
3419.23
3419.61
3419.92
3420.3
3420.6
3420.97
3421.26
3421.63
3421.93
3422.28
3422.58
3422.94
3423.24
3423.59
3423.89
3424.24
3424.55
3424.9
3425.2
3425.55
3425.85
3426.19
3426.49
3426.84
3427.14
3427.48
3427.78
3428.12
3428.42
3428.77
3429.07
3429.41
3429.71
3430.05
3430.35
3430.69
3430.99
3431.32
3431.62
3431.95
3432.25
3432.59
3432.89
3433.22
3433.52
3433.85
3434.15
3434.48
3434.78
3435.11
3435.41
3435.74
3436.03
3436.36
3436.65
3436.99
3437.28
3437.62
3437.91
3438.24
3438.54
3438.87
3439.16
3439.48
3439.77
3440.1
3440.39
3440.71
3441
3441.33
3441.62
3441.95
3442.24
3442.57
3442.86
3443.19
3443.47
3443.8
3444.09
3444.41
3444.7
3445.03
3445.32
3445.65
3445.95
3446.28
3446.57
3446.91
3447.2
3447.54
3447.83
3448.17
3448.45
3448.79
3449.08
3449.43
3449.72
3450.07
3450.36
3450.71
3451
3451.35
3451.64
3451.99
3452.28
3452.64
3452.93
3453.28
3453.57
3453.93
3454.22
3454.58
3454.88
3455.24
3455.54
3455.9
3456.19
3456.56
3456.85
3457.21
3457.5
3457.86
3458.16
3458.52
3458.81
3459.18
3459.48
3459.84
3460.14
3460.51
3460.8
3461.17
3461.46
3461.82
3462.12
3462.48
3462.77
3463.14
3463.44
3463.81
3464.11
3464.48
3464.77
3465.14
3465.43
3465.8
3466.09
3466.46
3466.75
3467.12
3467.41
3467.78
3468.07
3468.44
3468.73
3469.1
3469.39
3469.76
3470.05
3470.41
3470.71
3471.07
3471.36
3471.72
3472.01
3472.37
3472.67
3473.03
3473.33
3473.69
3473.99
3474.34
3474.64
3474.99
3475.28
3475.64
3475.93
3476.28
3476.58
3476.93
3477.22
3477.57
3477.87
3478.21
3478.51
3478.86
3479.15
3479.49
3479.78
3480.13
3480.42
3480.76
3481.05
3481.4
3481.69
3482.03
3482.33
3482.67
3482.96
3483.29
3483.58
3483.92
3484.21
3484.54
3484.83
3485.16
3485.45
3485.78
3486.07
3486.41
3486.7
3487.03
3487.32
3487.65
3487.94
3488.27
3488.56
3488.88
3489.17
3489.5
3489.79
3490.12
3490.42
3490.75
3491.04
3491.37
3491.66
3492.55
3493.07
3493.6
3494.13
3494.67
3495.44
3495.99
3496.54
3497.34
3497.92
3498.51
3499.36
3500.05
3500.97
3501.64
3502.73
3503.54
3504.75
3505.94
3506.98
3508.32
3509.6
3510.84
3511.98
3513.36
3514.47
3515.53
3516.65
3517.72
3518.85
3519.93
3521.06
3522.14
3523.25
3524.33
3525.45
3526.5
3527.59
3528.66
3529.82
3530.92
3532.01
3533.08
3534.15
3535.15
3536.2
3537.15
3538.18
3539.26
3540.67
3542.36
3543.68
3545.11
3546.34
3547.57
3548.71
3549.78
3550.82
3551.76
3552.71
3553.56
3554.42
3555.21
3556.04
3556.8
3557.62
3558.37
3559.17
3559.89
3560.66
3561.34
3562.08
3562.77
3563.57
3564.74
3565.49
3566.33
3567.61
3568.4
3569.4
3570.75
3571.68
3572.67
3574.17
3575.15
3576.22
3577.43
3578.56
3579.74
3580.89
3582.03
3583.2
3584.31
3585.44
3586.52
3587.58
3588.6
3589.63
3590.59
3591.57
3592.48
3593.44
3594.33
3595.27
3596.12
3597.01
3597.86
3598.81
3599.71
3600.82
3601.82
3602.96
3604.11
3605.33
3606.44
3607.66
3608.85
3610.28
3611.47
3612.79
3614.01
3615.34
3616.7
3617.99
3619.31
3620.6
3621.91
3623.36
3624.67
3625.76
3626.9
3628.04
3629.37
3630.64
3631.88
3633.08
3634.33
3635.68
3636.83
3638.15
3639.29
3640.55
3641.89
3643.12
3644.23
3645.52
3646.61
3647.94
3649.11
3650.3
3651.36
3652.72
3653.97
3655.21
3656.4
3657.63
3658.75
3660.21
3661.31
3662.52
3663.61
3664.86
3666.03
3667.25
3668.32
3669.69
3670.74
3671.92
3672.93
3674.14
3675.13
3676.47
3677.43
3678.46
3679.44
3680.73
3681.69
3682.64
3683.75
3684.89
3685.87
3686.93
3687.85
3688.88
3689.94
3691.09
3691.98
3693.06
3693.94
3694.94
3695.97
3697.11
3697.98
3699.04
3699.9
3700.84
3701.76
3703.05
3703.89
3704.76
3705.61
3706.68
3707.76
3708.62
3709.44
3710.43
3711.31
3712.38
3713.19
3714.21
3715.01
3715.85
3716.93
3717.81
3718.61
3719.47
3720.3
3721.56
3722.35
3723.14
3723.92
3724.74
3725.97
3726.75
3727.52
3728.31
3729.09
3730
3730.79
3731.65
3732.46
3733.33
3734.11
3734.94
3735.73
3736.56
3737.33
3738.12
3738.89
3739.66
3740.41
3741.17
3741.89
3742.64
3743.34
3744.06
3744.75
3745.45
3746.12
3746.79
3747.44
3748.1
3748.72
3749.35
3749.96
3750.56
3751.15
3751.74
3752.31
3752.86
3753.42
3753.95
3754.48
3754.99
3755.51
3756.02
3756.5
3756.98
3757.44
3757.91
3758.36
3758.81
3759.24
3759.68
3760.09
3760.52
3760.93
3761.34
3761.73
3762.14
3762.52
3762.92
3763.31
3763.68
3764.06
3764.41
3764.79
3765.16
3765.51
3765.87
3766.21
3766.58
3766.95
3767.28
3767.65
3767.99
3768.36
3768.77
3769.14
3769.44
3769.84
3770.2
3770.59
3770.9
3771.59
3771.88
3772.58
3772.87
3773.6
3773.88
3774.62
3774.9
3775.47
3775.75
3776.22
3776.81
3777.28
3777.87
3778.33
3778.93
3779.38
3779.98
3780.33
3780.8
3781.07
3781.53
3781.87
3782.32
3782.94
3783.37
3783.71
3784.2
3784.8
3785.26
3785.58
3786.39
3786.67
3787.14
3787.78
3788.27
3788.59
3789.43
3789.72
3790.19
3790.9
3791.35
3791.65
3792.56
3792.82
3793.31
3793.73
3794.23
3794.53
3795.49
3795.75
3796.29
3796.57
3797.61
3797.86
3798.44
3798.73
3799.63
3799.91
3800.23
3800.54
3801.41
3801.72
3802.06
3802.38
3802.76
3803.09
3803.45
3803.76
3804.06
3804.35
3804.64
3804.94
3805.22
3805.51
3805.8
3806.08
3806.37
3806.66
3806.95
3807.23
3807.52
3807.81
3808.1
3808.39
3808.68
3808.97
3809.26
3809.55
3809.85
3810.14
3810.43
3810.72
3811.01
3811.29
3811.58
3811.86
3812.15
3812.44
3812.73
3813.06
3813.34
3813.63
3813.91
3814.19
3814.48
3814.75
3815.03
3815.32
3815.59
3815.87
3816.15
3816.48
3816.76
3817.09
3817.36
3817.69
3817.96
3818.28
3818.56
3818.87
3819.14
3819.46
3819.72
3820.03
3820.3
3820.6
3820.87
3821.18
3821.44
3821.74
3822.01
3822.3
3822.56
3822.86
3823.11
3823.4
3823.66
3823.95
3824.2
3824.5
3824.75
3825.04
3825.3
3825.59
3825.85
3826.14
3826.39
3826.7
3826.95
3827.25
3827.5
3827.81
3828.06
3828.38
3828.63
3828.95
3829.21
3829.54
3829.79
3830.12
3830.37
3830.71
3830.96
3831.3
3831.56
3831.91
3832.16
3832.52
3832.77
3833.13
3833.39
3833.76
3834.02
3834.39
3834.64
3835.02
3835.27
3835.65
3835.91
3836.29
3836.55
3836.94
3837.2
3837.59
3837.85
3838.24
3838.5
3838.9
3839.16
3839.55
3839.81
3840.2
3840.47
3840.86
3841.13
3841.53
3841.79
3842.19
3842.46
3842.86
3843.12
3843.52
3843.79
3844.18
3844.45
3844.85
3845.12
3845.51
3845.78
3846.18
3846.45
3846.85
3847.12
3847.52
3847.79
3848.18
3848.45
3848.83
3849.11
3849.49
3849.77
3850.15
3850.43
3850.81
3851.09
3851.46
3851.74
3852.11
3852.39
3852.76
3853.04
3853.41
3853.68
3854.04
3854.33
3854.68
3854.97
3855.33
3855.61
3855.97
3856.25
3856.6
3856.88
3857.22
3857.51
3857.84
3858.13
3858.47
3858.76
3859.09
3859.38
3859.72
3860.01
3860.35
3860.64
3860.98
3861.27
3861.61
3861.9
3862.23
3862.53
3862.86
3863.16
3863.5
3863.8
3864.14
3864.44
3864.78
3865.08
3865.42
3865.71
3866.05
3866.35
3866.69
3866.99
3867.33
3867.63
3867.97
3868.28
3868.62
3868.93
3869.27
3869.58
3869.92
3870.23
3870.57
3870.87
3871.22
3871.52
3871.87
3872.18
3872.53
3872.84
3873.19
3873.5
3873.85
3874.16
3874.51
3874.82
3875.17
3875.48
3875.83
3876.14
3876.49
3876.81
3877.16
3877.47
3877.83
3878.14
3878.5
3878.81
3879.17
3879.48
3879.83
3880.15
3880.5
3880.82
3881.17
3881.5
3881.86
3882.18
3882.54
3882.86
3883.22
3883.54
3883.89
3884.21
3884.57
3884.89
3885.25
3885.57
3885.93
3886.25
3886.61
3886.94
3887.3
3887.62
3887.98
3888.31
3888.67
3888.99
3889.35
3889.68
3890.04
3890.36
3890.73
3891.06
3891.43
3891.76
3892.12
3892.45
3892.82
3893.14
3893.51
3893.83
3894.2
3894.52
3894.89
3895.21
3895.58
3895.91
3896.28
3896.61
3896.97
3897.3
3897.67
3898
3898.37
3898.7
3899.06
3899.39
3899.76
3900.09
3900.46
3900.8
3901.17
3901.5
3901.87
3902.2
3902.57
3902.9
3903.27
3903.6
3903.96
3904.29
3904.66
3904.99
3905.36
3905.69
3906.06
3906.4
3906.77
3907.1
3907.47
3907.8
3908.17
3908.5
3908.87
3909.2
3909.57
3909.9
3910.27
3910.61
3910.98
3911.32
3911.69
3912.02
3912.39
3912.93
3913.47
3914.01
3914.55
3915.1
3915.65
3916.21
3916.78
3917.35
3917.94
3918.54
3919.16
3919.81
3920.49
3921.2
3921.94
3922.73
3923.56
3924.47
3925.38
3926.51
3927.47
3928.58
3929.8
3930.94
3932.21
3933.37
3934.6
3935.79
3936.99
3938.17
3939.34
3940.5
3941.65
3942.76
3943.84
3944.89
3945.92
3946.91
3947.9
3948.84
3949.77
3950.67
3951.54
3952.38
3953.19
3953.99
3954.77
3955.55
3956.33
3957.11
3957.92
3958.75
3959.68
3960.79
3962.09
3963.21
3964.3
3965.31
3966.26
3967.17
3968.04
3968.88
3969.7
3970.5
3971.31
3972.11
3972.91
3973.71
3974.54
3975.36
3976.21
3977.05
3977.92
3978.79
3979.68
3980.57
3981.49
3982.41
3983.35
3984.29
3985.26
3986.21
3987.19
3988.14
3989.12
3990.08
3991.06
3992.01
3992.99
3993.94
3994.91
3995.85
3996.83
3997.77
3998.75
3999.7
4000.67
4001.6
4002.56
4003.46
4004.38
4005.25
4006.14
4006.98
4007.85
4008.66
4009.51
4010.32
4011.16
4011.95
4012.79
4013.58
4014.42
4015.2
4016.03
4016.82
4017.66
4018.44
4019.28
4020.07
4020.91
4021.7
4022.54
4023.34
4024.19
4024.99
4025.83
4026.63
4027.48
4028.04
4028.64
4029.23
4029.84
4030.46
4031.09
4031.87
4032.55
4033.34
4033.96
4034.66
4035.34
4036.05
4036.67
4037.41
4038.09
4038.75
4039.36
4040.18
4040.77
4041.52
4042.2
4042.94
4043.59
4044.42
4045.06
4045.86
4046.59
4047.39
4048.02
4048.82
4049.54
4050.31
4050.93
4051.59
4052.37
4053.06
4053.71
4054.54
4055.18
4055.87
4056.66
4057.29
4057.94
4058.73
4059.33
4060.03
4060.75
4061.37
4062.05
4062.79
4063.37
4064.04
4064.77
4065.36
4066.02
4066.74
4067.32
4067.91
4068.62
4069.26
4069.79
4070.57
4071.08
4071.71
4072.36
4072.95
4073.49
4074.2
4074.78
4075.32
4075.94
4076.5
4076.98
4077.73
4078.17
4078.72
4079.22
4079.77
4080.39
4080.88
4081.32
4081.86
4082.44
4083.04
4083.47
4083.89
4084.44
4084.92
4085.33
4085.9
4086.44
4086.84
4087.22
4087.74
4088.19
4088.59
4089.02
4089.44
4089.86
4090.29
4090.77
4091.15
4091.57
4092.12
4092.53
4092.9
4093.26
4093.66
4094.1
4094.51
4094.84
4095.28
4095.64
4096.04
4096.45
4096.84
4097.17
4097.6
4097.92
4098.35
4098.67
4099.08
4099.41
4099.81
4100.13
4100.53
4100.85
4101.24
4101.56
4101.93
4102.25
4102.62
4102.93
4103.28
4103.59
4103.93
4104.24
4104.58
4104.89
4105.23
4105.53
4105.86
4106.16
4106.49
4106.78
4107.11
4107.4
4107.72
4108.01
4108.33
4108.62
4108.94
4109.22
4109.54
4109.83
4110.15
4110.44
4110.76
4111.04
4111.35
4111.63
4111.94
4112.22
4112.52
4112.79
4113.09
4113.35
4113.65
4113.9
4114.2
4114.45
4114.74
4115
4115.29
4115.54
4115.85
4116.09
4116.41
4116.65
4116.98
4117.22
4117.56
4117.8
4118.15
4118.39
4118.76
4119
4119.39
4119.63
4120.03
4120.27
4120.69
4120.93
4121.36
4121.61
4122.05
4122.3
4122.75
4123
4123.47
4123.72
4124.2
4124.45
4124.94
4125.2
4125.7
4125.95
4126.47
4126.72
4127.25
4127.5
4128.04
4128.3
4128.84
4129.1
4129.65
4129.91
4130.46
4130.73
4131.29
4131.56
4132.12
4132.4
4132.96
4133.25
4133.81
4134.09
4134.66
4134.97
4135.53
4135.8
4136.41
4136.68
4137.3
4137.56
4138.15
4138.45
4139.04
4139.4
4139.97
4140.23
4140.91
4141.17
4141.75
4142.24
4142.81
4143.08
4143.67
4144.31
4144.89
4145.18
4146.15
4146.42
4147.02
4147.7
4148.28
4148.57
4149.57
4149.86
4150.46
4151.05
4151.62
4151.94
4152.53
4153.29
4153.9
4154.19
4154.84
4155.63
4156.22
4156.55
4157.19
4157.99
4158.61
4158.95
4159.56
4160.42
4161.06
4161.37
4162.02
4162.91
4163.53
4163.87
4164.54
4165.41
4166.09
4166.4
4167.08
4167.82
4168.51
4168.84
4169.48
4170.45
4171.11
4171.44
4172.1
4172.52
4173.49
4173.82
4174.47
4174.89
4175.69
4176.04
4176.8
4177.14
4177.77
4178.12
4178.71
4179.03
4179.6
4179.91
4180.46
4180.77
4181.29
4181.59
4182.08
4182.39
4182.86
4183.17
4183.62
4183.94
4184.37
4184.7
4185.13
4185.46
4185.88
4186.22
4186.64
4186.98
4187.39
4187.73
4188.14
4188.48
4188.89
4189.23
4189.64
4189.99
4190.39
4190.75
4191.15
4191.51
4191.91
4192.26
4192.66
4193.23
4193.81
4194.39
4195
4195.83
4196.44
4197.06
4197.92
4198.52
4199.15
4200.02
4200.63
4201.28
4202.2
4202.85
4203.58
4204.56
4205.29
4206.14
4207.22
4208.05
4208.96
4210.16
4211.08
4212.07
4213.33
4214.3
4215.28
4216.26
4217.24
4218.21
4219.16
4220.09
4221.01
4221.9
4222.83
4223.7
4224.59
4225.53
4226.4
4227.3
4228.12
4228.97
4229.7
4230.43
4231.15
4231.86
4232.57
4233.29
4234.04
4234.85
4235.81
4236.88
4237.83
4238.81
4239.69
4240.56
4241.37
4242.18
4242.93
4243.68
4244.39
4245.13
4245.81
4246.53
4247.2
4247.91
4248.58
4249.31
4249.98
4250.72
4251.4
4252.16
4252.84
4253.61
4254.3
4255.08
4255.79
4256.58
4257.3
4258.1
4258.83
4259.63
4260.37
4261.18
4261.91
4262.73
4263.47
4264.29
4265.02
4265.84
4266.58
4267.41
4268.16
4268.99
4269.73
4270.55
4271.28
4272.09
4272.82
4273.63
4274.35
4275.16
4275.89
4276.72
4277.45
4278.29
4279.03
4279.88
4280.63
4281.48
4282.23
4283.08
4283.83
4284.7
4285.45
4286.32
4287.08
4287.95
4288.71
4289.57
4290.32
4291.16
4291.88
4292.7
4293.39
4294.19
4294.86
4295.65
4296.3
4297.08
4297.73
4298.5
4299.14
4299.92
4300.55
4301.32
4301.95
4302.72
4303.36
4304.12
4304.76
4305.53
4306.17
4306.94
4307.57
4308.35
4308.99
4309.76
4310.4
4311.18
4311.58
4312.13
4312.53
4313.11
4313.52
4314.09
4314.52
4315.29
4315.75
4316.47
4316.95
4317.64
4318.13
4318.76
4319.34
4319.98
4320.5
4321.24
4321.76
4322.43
4323.05
4323.67
4324.21
4325.01
4325.62
4326.34
4326.97
4327.79
4328.42
4329.17
4329.83
4330.67
4331.34
4332.07
4332.89
4333.63
4334.31
4335.21
4335.89
4336.65
4337.49
4338.25
4338.94
4339.8
4340.49
4341.23
4341.99
4342.66
4343.36
4344.22
4344.9
4345.55
4346.26
4347.06
4347.74
4348.38
4349.05
4349.87
4350.5
4351.11
4351.79
4352.45
4353.05
4353.69
4354.45
4355.06
4355.63
4356.21
4356.78
4357.54
4358.08
4358.65
4359.17
4359.73
4360.26
4360.83
4361.34
4361.88
4362.38
4362.92
4363.39
4363.88
4364.38
4364.85
4365.3
4365.8
4366.22
4366.67
4367.1
4367.53
4367.94
4368.37
4368.76
4369.17
4369.55
4369.94
4370.31
4370.69
4371.04
4371.42
4371.76
4372.12
4372.45
4372.8
4373.12
4373.46
4373.77
4374.1
4374.4
4374.73
4375.02
4375.33
4375.62
4375.93
4376.21
4376.51
4376.79
4377.08
4377.35
4377.64
4377.9
4378.19
4378.44
4378.73
4378.98
4379.26
4379.51
4379.78
4380.03
4380.3
4380.55
4380.82
4381.07
4381.35
4381.59
4381.87
4382.11
4382.41
4382.64
4382.95
4383.19
4383.5
4383.74
4384.06
4384.3
4384.63
4384.87
4385.21
4385.45
4385.8
4386.04
4386.4
4386.64
4387
4387.24
4387.61
4387.86
4388.23
4388.47
4388.85
4389.1
4389.48
4389.73
4390.12
4390.37
4390.76
4391.01
4391.4
4391.65
4392.04
4392.29
4392.69
4392.94
4393.33
4393.59
4393.98
4394.24
4394.63
4394.89
4395.28
4395.55
4395.93
4396.19
4396.58
4396.85
4397.23
4397.5
4397.87
4398.14
4398.52
4398.79
4399.16
4399.44
4399.8
4400.08
4400.43
4400.71
4401.07
4401.36
4401.71
4402
4402.34
4402.65
4402.99
4403.3
4403.64
4403.95
4404.3
4404.61
4404.97
4405.28
4405.64
4405.95
4406.32
4406.64
4407.01
4407.34
4407.71
4408.04
4408.41
4408.77
4409.12
4409.5
4409.85
4410.23
4410.59
4410.98
4411.34
4411.74
4412.1
4412.51
4412.88
4413.29
4413.66
4414.08
4414.46
4414.88
4415.27
4415.71
4416.1
4416.52
4416.92
4417.38
4417.77
4418.21
4418.63
4419.09
4419.5
4419.94
4420.38
4420.85
4421.28
4421.72
4422.19
4422.65
4423.09
4423.53
4424.02
4424.47
4424.91
4425.57
4426.25
4427.08
4427.91
4428.65
4429.5
4430.12
4430.97
4431.8
4432.32
4432.84
4433.36
4433.88
4434.4
4434.94
4435.51
4436.1
4436.73
4437.35
4437.98
4438.61
4439.24
4439.9
4440.52
4441.14
4441.83
4442.44
4443.04
4443.63
4444.21
4444.79
4445.35
4445.92
4446.48
4447.04
4447.59
4448.15
4448.7
4449.26
4449.83
4450.4
4450.98
4451.57
4452.2
4452.84
4453.51
4454.14
4454.79
4455.41
4456.04
4456.64
4457.25
4457.83
4458.42
4458.98
4459.58
4460.14
4460.76
4461.31
4461.93
4462.5
4463.12
4463.7
4464.34
4464.93
4465.57
4466.18
4466.84
4467.45
4468.12
4468.74
4469.43
4470.06
4470.75
4471.39
4472.09
4472.73
4473.44
4474.08
4474.79
4475.44
4476.16
4476.81
4477.52
4478.17
4478.91
4479.56
4480.29
4480.94
4481.67
4482.32
4483.06
4483.7
4484.43
4485.08
4485.81
4486.45
4487.18
4487.81
4488.55
4489.18
4489.92
4490.55
4491.29
4491.91
4492.65
4493.28
4493.99
4494.62
4495.36
4495.99
4496.73
4497.36
4498.06
4498.7
4499.43
4500.07
4500.81
4501.44
4502.18
4502.81
4503.56
4504.19
4504.94
4505.58
4506.33
4506.97
4507.72
4508.36
4509.11
4509.74
4510.47
4511.08
4511.81
4512.41
4513.13
4513.74
4514.49
4515.42
4516.14
4516.81
4517.52
4518.1
4518.79
4519.36
4520.05
4520.62
4521.32
4521.9
4522.6
4523.16
4523.86
4524.42
4525.09
4525.67
4526.31
4526.96
4527.59
4528.16
4528.96
4529.54
4530.21
4530.81
4531.54
4532.33
4533.06
4533.76
4534.51
4535.29
4536.06
4536.76
4537.99
4538.63
4539.37
4540.03
4541.12
4541.78
4542.48
4543.43
4544.1
4544.73
4545.5
4546.13
4546.98
4547.58
4548.26
4548.87
4549.72
4550.36
4551.06
4551.77
4552.63
4553.33
4554.12
4554.85
4555.75
4556.54
4557.35
4558.13
4559.04
4559.84
4560.69
4561.49
4562.41
4563.22
4564.08
4564.89
4565.58
4566.16
4566.75
4567.34
4567.98
4568.57
4569.1
4569.63
4570.34
4570.96
4571.48
4572.08
4572.62
4573.11
4573.6
4574.06
4574.56
4575.02
4575.5
4575.94
4576.41
4576.84
4577.3
4577.73
4578.21
4578.64
4579.13
4579.54
4580.02
4580.46
4580.89
4581.33
4581.79
4582.22
4582.67
4583.09
4583.54
4583.95
4584.39
4584.8
4585.24
4585.64
4586.07
4586.46
4586.88
4587.22
4587.64
4587.99
4588.4
4588.73
4589.14
4589.46
4589.86
4590.18
4590.54
4590.9
4591.24
4591.56
4591.94
4592.25
4592.6
4592.94
4593.28
4593.59
4593.96
4594.26
4594.6
4594.94
4595.27
4595.57
4595.94
4596.23
4596.57
4596.9
4597.23
4597.52
4597.89
4598.18
4598.5
4598.83
4599.16
4599.45
4599.83
4600.12
4600.46
4600.77
4601.13
4601.43
4601.8
4602.11
4602.48
4602.78
4603.18
4603.48
4603.87
4604.18
4604.58
4604.89
4605.29
4605.61
4606.01
4606.33
4606.74
4607.06
4607.48
4607.8
4608.21
4608.54
4608.96
4609.29
4609.71
4610.04
4610.46
4610.81
4611.22
4611.54
4611.98
4612.33
4612.75
4613.07
4613.52
4613.82
4614.32
4614.61
4615.02
4615.41
4615.8
4616.12
4616.59
4616.9
4617.33
4617.66
4618.13
4618.44
4618.85
4619.26
4619.63
4619.97
4620.44
4620.78
4621.16
4621.59
4621.98
4622.32
4622.82
4623.14
4623.54
4624
4624.94
4625.51
4626.08
4626.64
4627.19
4627.75
4628.29
4628.83
4629.37
4629.91
4630.46
4631.02
4631.6
4632.18
4632.76
4633.34
4633.92
4634.5
4635.07
4635.64
4636.21
4636.78
4637.34
4637.9
4638.46
4639.02
4639.58
4640.13
4640.69
4641.24
4641.8
4642.35
4642.93
4643.49
4644.08
4644.64
4645.27
4645.84
4646.48
4647.06
4647.71
4648.29
4648.94
4649.53
4650.18
4650.78
4651.44
4652.05
4652.72
4653.34
4654.02
4654.65
4655.34
4655.99
4656.69
4657.35
4658.07
4658.74
4659.47
4660.15
4660.9
4661.59
4662.34
4663.04
4663.81
4664.52
4665.3
4666.01
4666.8
4667.52
4668.31
4669.04
4669.84
4670.58
4671.38
4672.12
4672.93
4673.67
4674.49
4675.24
4676.07
4676.83
4677.67
4678.43
4679.28
4680.04
4680.9
4681.67
4682.52
4683.3
4684.16
4684.94
4685.81
4686.59
4687.47
4688.25
4689.13
4689.92
4690.8
4691.59
4692.48
4693.27
4694.16
4694.95
4695.84
4696.64
4697.52
4698.32
4699.2
4699.99
4700.87
4701.66
4702.5
4703.28
4704.15
4704.92
4705.78
4706.54
4707.35
4708.1
4708.94
4709.68
4710.52
4711.24
4712.07
4712.79
4713.6
4714.31
4715.12
4715.82
4716.63
4717.32
4718.12
4718.8
4719.6
4720.27
4721.06
4721.73
4722.52
4723.19
4723.97
4724.63
4725.41
4726.06
4726.84
4727.5
4728.28
4728.93
4729.72
4730.37
4731.16
4731.82
4732.61
4733.27
4734.06
4734.72
4735.46
4736.12
4736.9
4737.56
4738.27
4739
4739.71
4740.36
4741.13
4741.76
4742.43
4743.12
4743.76
4744.34
4745.04
4745.58
4746.19
4746.8
4747.38
4747.9
4748.56
4749.07
4749.64
4750.23
4750.79
4751.29
4751.93
4752.43
4752.99
4753.57
4754.12
4754.62
4755.27
4755.77
4756.31
4756.93
4757.46
4758
4758.62
4758.91
4759.27
4759.64
4759.98
4760.27
4760.75
4761.04
4761.38
4761.9
4762.38
4762.7
4763.25
4763.59
4763.95
4764.36
4764.85
4765.18
4765.62
4765.95
4766.36
4766.78
4767.3
4767.65
4768.03
4768.39
4768.85
4769.38
4769.83
4770.25
4770.71
4771.14
4771.65
4772.09
4772.63
4773.07
4773.55
4774.06
4774.54
4775.01
4775.53
4775.99
4776.51
4776.98
4777.49
4777.96
4778.42
4778.89
4779.35
4779.8
4780.26
4780.72
4781.17
4781.58
4782.07
4782.48
4782.91
4783.35
4783.78
4784.18
4784.64
4785.02
4785.44
4785.85
4786.26
4786.63
4787.07
4787.42
4787.82
4788.19
4788.6
4788.94
4789.32
4789.69
4790.04
4790.38
4790.76
4791.07
4791.45
4791.75
4792.1
4792.41
4792.78
4793.06
4793.38
4793.71
4794.02
4794.3
4794.63
4794.91
4795.24
4795.52
4795.83
4796.11
4796.42
4796.7
4797
4797.28
4797.58
4797.85
4798.16
4798.43
4798.73
4799
4799.31
4799.58
4799.9
4800.16
4800.49
4800.76
4801.09
4801.36
4801.71
4801.98
4802.34
4802.61
4802.98
4803.25
4803.62
4803.9
4804.28
4804.56
4804.95
4805.23
4805.62
4805.91
4806.3
4806.6
4806.99
4807.29
4807.68
4807.99
4808.39
4808.69
4809.09
4809.4
4809.8
4810.1
4810.5
4810.83
4811.23
4811.51
4811.95
4812.23
4812.66
4812.94
4813.41
4813.68
4814.07
4814.43
4814.81
4815.09
4815.58
4815.86
4816.23
4816.56
4816.94
4817.33
4817.7
4817.98
4818.4
4818.7
4819.22
4819.5
4819.86
4820.18
4820.68
4820.99
4821.33
4821.69
4822.09
4822.45
4822.93
4823.24
4823.61
4824.38
4824.73
4825.06
4826.01
4826.68
4827.28
4828.09
4828.66
4829.27
4829.84
4830.41
4830.97
4831.53
4832.08
4832.63
4833.17
4833.71
4834.24
4834.78
4835.32
4835.87
4836.42
4836.97
4837.52
4838.07
4838.62
4839.18
4839.73
4840.3
4840.85
4841.4
4841.96
4842.52
4843.09
4843.65
4844.22
4844.82
4845.43
4846.03
4846.64
4847.24
4847.86
4848.46
4849.08
4849.69
4850.3
4850.92
4851.54
4852.16
4852.79
4853.41
4854.05
4854.68
4855.32
4855.96
4856.62
4857.27
4857.93
4858.59
4859.26
4859.94
4860.62
4861.31
4862.01
4862.71
4863.42
4864.13
4864.86
4865.58
4866.32
4867.06
4867.81
4868.56
4869.32
4870.08
4870.86
4871.63
4872.41
4873.19
4873.98
4874.76
4875.56
4876.35
4877.15
4877.95
4878.75
4879.55
4880.37
4881.17
4881.99
4882.79
4883.62
4884.44
4885.27
4886.1
4886.93
4887.76
4888.59
4889.42
4890.26
4891.09
4891.9
4892.74
4893.53
4894.42
4895.21
4896.1
4896.9
4897.79
4898.58
4899.47
4900.27
4901.11
4901.96
4902.8
4903.65
4904.48
4905.28
4906.12
4906.97
4907.8
4908.64
4909.46
4910.3
4911.11
4911.94
4912.76
4913.55
4914.36
4915.14
4915.94
4916.76
4917.55
4918.36
4919.15
4919.95
4920.73
4921.53
4922.3
4923.1
4923.87
4924.66
4925.42
4926.21
4926.97
4927.75
4928.51
4929.27
4930.03
4930.74
4931.59
4932.3
4933.08
4933.87
4934.64
4935.36
4936.21
4936.93
4937.69
4938.49
4939.25
4939.97
4940.81
4941.53
4942.26
4943.06
4943.76
4944.43
4945.21
4945.83
4946.5
4947.19
4947.84
4948.42
4949.13
4949.7
4950.32
4950.96
4951.56
4952.11
4952.8
4953.34
4953.94
4954.56
4955.15
4955.69
4956.36
4956.89
4957.49
4958.1
4958.69
4959.22
4959.9
4960.44
4961.01
4961.64
4961.97
4962.33
4962.75
4963.12
4963.46
4963.86
4964.28
4964.62
4965.17
4965.62
4966.01
4966.56
4966.92
4967.35
4967.8
4968.13
4968.5
4969.06
4969.42
4969.76
4970.21
4970.58
4971.02
4971.37
4971.77
4972.33
4972.72
4973.13
4973.53
4973.94
4974.44
4974.86
4975.33
4975.77
4976.26
4976.68
4977.19
4977.61
4978.09
4978.53
4979.01
4979.46
4979.93
4980.38
4980.81
4981.26
4981.72
4982.12
4982.59
4982.98
4983.45
4983.83
4984.26
4984.69
4985.1
4985.48
4985.93
4986.31
4986.71
4987.09
4987.5
4987.9
4988.29
4988.64
4989.06
4989.4
4989.78
4990.16
4990.52
4990.85
4991.25
4991.57
4991.93
4992.29
4992.63
4992.94
4993.31
4993.61
4993.95
4994.28
4994.6
4994.89
4995.24
4995.52
4995.83
4996.14
4996.44
4996.71
4997.02
4997.29
4997.6
4997.87
4998.17
4998.43
4998.74
4999
4999.31
4999.57
4999.89
5000.15
5000.48
5000.74
5001.08
5001.34
5001.69
5001.94
5002.3
5002.56
5002.94
5003.2
5003.58
5003.84
5004.23
5004.5
5004.9
5005.16
5005.58
5005.84
5006.26
5006.53
5006.96
5007.23
5007.66
5007.93
5008.37
5008.65
5009.09
5009.37
5009.82
5010.09
5010.55
5010.82
5011.28
5011.56
5012.01
5012.29
5012.75
5013.03
5013.49
5013.77
5014.23
5014.51
5014.96
5015.25
5015.7
5015.99
5016.43
5016.74
5017.16
5017.47
5017.89
5018.21
5018.62
5018.94
5019.35
5019.67
5020.07
5020.4
5020.8
5021.13
5021.52
5021.85
5022.23
5022.59
5022.97
5023.27
5023.69
5023.99
5024.44
5024.73
5025.11
5025.51
5025.86
5026.18
5026.65
5026.96
5027.32
5027.73
5028.09
5028.67
5029.34
5029.96
5030.66
5031.24
5032.18
5032.78
5033.4
5034
5034.68
5035.32
5035.9
5036.47
5037.03
5037.59
5038.15
5038.7
5039.24
5039.79
5040.41
5040.95
5041.49
5042.08
5042.63
5043.22
5043.78
5044.45
5045.02
5045.58
5046.15
5046.81
5047.38
5047.98
5048.62
5049.22
5049.8
5050.47
5051.04
5051.7
5052.27
5052.93
5053.5
5054.15
5054.73
5055.4
5055.99
5056.66
5057.26
5057.94
5058.55
5059.24
5059.86
5060.56
5061.18
5061.89
5062.53
5063.25
5063.9
5064.63
5065.29
5066.03
5066.71
5067.47
5068.16
5068.93
5069.64
5070.4
5071.12
5071.9
5072.63
5073.45
5074.2
5075.03
5075.78
5076.62
5077.39
5078.24
5079.01
5079.82
5080.61
5081.48
5082.26
5083.13
5083.92
5084.8
5085.59
5086.47
5087.27
5088.15
5088.95
5089.84
5090.64
5091.54
5092.35
5093.26
5094.07
5094.99
5095.8
5096.73
5097.54
5098.46
5099.28
5100.14
5101.03
5101.9
5102.74
5103.68
5104.51
5105.39
5106.3
5107.18
5108.03
5108.99
5109.84
5110.73
5111.66
5112.56
5113.43
5114.41
5115.27
5116.19
5117.13
5118.04
5118.91
5119.9
5120.76
5121.67
5122.61
5123.51
5124.37
5125.34
5126.19
5127.08
5128
5128.88
5129.72
5130.68
5131.51
5132.39
5133.31
5134.19
5135.02
5135.98
5136.81
5137.68
5138.64
5139.46
5140.36
5141.24
5142.04
5142.91
5143.74
5144.63
5145.34
5146.19
5146.9
5147.65
5148.42
5149.14
5149.8
5150.59
5151.23
5151.92
5152.63
5153.31
5153.93
5154.68
5155.29
5155.96
5156.65
5157.3
5157.9
5158.64
5159.24
5159.88
5160.56
5161.21
5161.81
5162.54
5163.13
5163.79
5164.47
5165.09
5165.47
5165.99
5166.36
5166.82
5167.27
5167.67
5168.14
5168.74
5169.23
5169.77
5170.26
5170.88
5171.27
5171.77
5172.17
5172.72
5173.16
5173.59
5173.98
5174.44
5174.94
5175.42
5175.82
5176.26
5176.83
5177.28
5177.73
5178.17
5178.63
5179.15
5179.57
5180.13
5180.58
5181.07
5181.55
5182.05
5182.54
5183.03
5183.52
5184.01
5184.5
5184.99
5185.47
5185.96
5186.39
5186.88
5187.31
5187.8
5188.23
5188.71
5189.13
5189.61
5190.02
5190.47
5190.91
5191.35
5191.75
5192.22
5192.61
5193.04
5193.47
5193.88
5194.26
5194.71
5195.09
5195.49
5195.9
5196.3
5196.66
5197.09
5197.44
5197.83
5198.22
5198.59
5198.94
5199.35
5199.68
5200.04
5200.41
5200.76
5201.08
5201.47
5201.78
5202.12
5202.46
5202.8
5203.1
5203.47
5203.76
5204.11
5204.41
5204.77
5205.07
5205.44
5205.73
5206.12
5206.41
5206.81
5207.1
5207.51
5207.79
5208.22
5208.51
5208.94
5209.23
5209.69
5209.97
5210.42
5210.69
5211.17
5211.45
5211.75
5212.03
5212.43
5212.7
5212.96
5213.24
5213.53
5213.8
5214.12
5214.38
5214.64
5214.94
5215.2
5215.48
5215.76
5216.03
5216.31
5216.58
5216.87
5217.13
5217.41
5217.68
5217.97
5218.23
5218.51
5218.78
5219.06
5219.33
5219.62
5219.88
5220.17
5220.44
5220.73
5221
5221.29
5221.56
5221.86
5222.13
5222.42
5222.7
5222.99
5223.27
5223.57
5223.84
5224.14
5224.42
5224.73
5225.01
5225.31
5225.59
5225.9
5226.19
5226.49
5226.78
5227.1
5227.39
5227.69
5228
5228.31
5228.61
5228.92
5229.23
5229.55
5229.86
5230.17
5230.48
5230.81
5231.12
5231.45
5231.78
5232.09
5232.43
5232.75
5233.41
5233.99
5234.65
5235.28
5235.97
5236.62
5237.26
5237.91
5238.55
5239.22
5239.87
5240.53
5241.13
5241.78
5242.35
5242.92
5243.48
5244.05
5244.62
5245.18
5245.74
5246.35
5246.89
5247.63
5248.17
5248.71
5249.25
5249.85
5250.42
5251.01
5251.59
5252.25
5252.82
5253.37
5254.05
5254.61
5255.2
5255.85
5256.44
5257.01
5257.69
5258.27
5258.89
5259.54
5260.16
5260.82
5261.45
5262.12
5262.76
5263.43
5264.08
5264.76
5265.42
5266.11
5266.79
5267.49
5268.17
5268.89
5269.59
5270.31
5271.02
5271.76
5272.49
5273.24
5273.98
5274.74
5275.49
5276.27
5277.03
5277.82
5278.59
5279.4
5280.18
5281
5281.79
5282.61
5283.41
5284.23
5285.04
5285.83
5286.71
5287.5
5288.39
5289.19
5290.08
5290.89
5291.79
5292.6
5293.51
5294.33
5295.25
5296.07
5296.99
5297.82
5298.75
5299.59
5300.52
5301.37
5302.32
5303.16
5304.12
5304.97
5305.94
5306.79
5307.76
5308.62
5309.59
5310.46
5311.44
5312.31
5313.25
5314.13
5315.13
5316.01
5316.95
5317.91
5318.85
5319.76
5320.79
5321.69
5322.66
5323.65
5324.61
5325.53
5326.58
5327.5
5328.47
5329.47
5330.43
5331.35
5332.4
5333.32
5334.28
5335.28
5336.24
5337.15
5338.2
5339.11
5340.08
5341.09
5342.06
5342.98
5344.06
5344.95
5346.05
5346.99
5347.89
5348.94
5349.91
5350.76
5351.86
5352.75
5353.61
5354.43
5355.39
5356.2
5357.04
5357.9
5358.71
5359.47
5360.35
5361.08
5361.86
5362.67
5363.44
5364.16
5365
5365.71
5366.47
5367.26
5368.01
5368.71
5369.55
5370.24
5370.99
5371.77
5372.51
5373.21
5374.04
5374.74
5375.49
5376.27
5377.02
5377.49
5378.12
5378.59
5379.09
5379.72
5380.22
5380.73
5381.44
5382.04
5382.76
5383.35
5384.01
5384.53
5385.19
5385.7
5386.3
5386.81
5387.47
5387.98
5388.51
5389.04
5389.62
5390.13
5390.71
5391.23
5391.92
5392.48
5393.01
5393.57
5394.12
5394.76
5395.34
5395.89
5396.48
5397.11
5397.68
5398.23
5398.82
5399.4
5399.97
5400.55
5401.12
5401.69
5402.26
5402.79
5403.35
5403.9
5404.43
5404.97
5405.49
5406.02
5406.53
5407.06
5407.56
5408.04
5408.58
5409.05
5409.54
5410.01
5410.5
5410.97
5411.45
5411.91
5412.38
5412.82
5413.29
5413.73
5414.19
5414.62
5415.06
5415.48
5415.92
5416.35
5416.77
5417.16
5417.6
5417.98
5418.42
5418.79
5419.21
5419.57
5419.97
5420.36
5420.75
5421.1
5421.5
5421.84
5422.26
5422.6
5423
5423.33
5423.76
5424.09
5424.52
5424.85
5425.29
5425.62
5426.09
5426.41
5426.88
5427.2
5427.7
5428.01
5428.52
5428.83
5429.36
5429.67
5430
5430.55
5430.85
5431.41
5431.7
5432.27
5432.57
5433.15
5433.44
5433.79
5434.37
5434.66
5435.24
5435.52
5436.11
5436.38
5436.96
5437.23
5437.63
5437.89
5438.16
5438.43
5438.78
5439.03
5439.3
5439.59
5439.86
5440.15
5440.41
5440.69
5440.96
5441.24
5441.5
5441.78
5442.04
5442.33
5442.58
5442.86
5443.12
5443.4
5443.66
5443.94
5444.2
5444.48
5444.74
5445.01
5445.27
5445.55
5445.81
5446.09
5446.35
5446.63
5446.9
5447.18
5447.44
5447.72
5447.99
5448.27
5448.54
5448.83
5449.1
5449.38
5449.66
5449.95
5450.22
5450.51
5450.79
5451.08
5451.37
5451.66
5451.94
5452.24
5452.53
5452.83
5453.12
5453.42
5453.71
5454.02
5454.32
5454.93
5455.54
5456.15
5456.79
5457.35
5458.02
5458.61
5459.25
5459.84
5460.52
5461.08
5461.72
5462.31
5462.98
5463.54
5464.09
5464.65
5465.21
5465.78
5466.35
5466.94
5467.49
5468.26
5468.79
5469.33
5469.88
5470.6
5471.17
5471.72
5472.34
5473.03
5473.61
5474.17
5474.88
5475.44
5476.03
5476.7
5477.29
5477.86
5478.54
5479.11
5479.71
5480.36
5480.97
5481.57
5482.26
5482.85
5483.54
5484.14
5484.84
5485.45
5486.16
5486.78
5487.5
5488.13
5488.86
5489.51
5490.26
5490.92
5491.69
5492.37
5493.16
5493.86
5494.66
5495.38
5496.2
5496.93
5497.78
5498.53
5499.39
5500.17
5501.05
5501.85
5502.75
5503.56
5504.47
5505.3
5506.23
5507.07
5508.02
5508.89
5509.85
5510.72
5511.69
5512.58
5513.57
5514.47
5515.48
5516.38
5517.4
5518.33
5519.36
5520.29
5521.28
5522.31
5523.3
5524.28
5525.37
5526.35
5527.39
5528.49
5529.54
5530.58
5531.75
5532.84
5533.97
5535.17
5536.33
5537.48
5538.74
5539.9
5541.1
5542.34
5543.54
5544.7
5545.99
5547.15
5548.36
5549.59
5550.79
5551.95
5553.24
5554.39
5555.61
5556.83
5558.12
5559.22
5560.45
5561.57
5562.85
5563.98
5565.08
5566.31
5567.45
5568.47
5569.64
5570.71
5571.73
5572.71
5573.8
5574.75
5575.73
5576.73
5577.68
5578.59
5579.6
5580.49
5581.41
5582.37
5583.28
5584.15
5585.13
5585.99
5586.89
5587.83
5588.73
5589.58
5590.56
5591.41
5592.31
5593.17
5594.15
5595
5595.91
5596.78
5597.7
5598.62
5599.32
5599.96
5600.62
5601.34
5602.01
5602.78
5603.56
5604.33
5605.22
5606
5606.8
5607.6
5608.32
5609.14
5609.87
5610.59
5611.32
5612.16
5612.9
5613.61
5614.35
5615.09
5615.86
5616.71
5617.46
5618.18
5618.93
5619.71
5620.58
5621.35
5622.12
5622.89
5623.7
5624.53
5625.33
5626.11
5626.94
5627.72
5628.55
5629.33
5630.15
5630.93
5631.74
5632.52
5633.29
5634.06
5634.86
5635.6
5636.39
5637.11
5637.9
5638.61
5639.39
5640.09
5640.82
5641.55
5642.27
5642.95
5643.66
5644.36
5645.06
5645.73
5646.42
5647.08
5647.76
5648.41
5649.08
5649.71
5650.37
5650.99
5651.64
5652.25
5652.88
5653.48
5654.1
5654.68
5655.29
5655.87
5656.46
5657.03
5657.6
5658.15
5658.72
5659.27
5659.81
5660.33
5660.87
5661.39
5661.92
5662.41
5662.93
5663.41
5663.92
5664.39
5664.89
5665.35
5665.83
5666.28
5666.76
5667.2
5667.68
5668.12
5668.59
5669.02
5669.5
5669.93
5670.42
5670.84
5671.33
5671.74
5672.26
5672.67
5673.18
5673.57
5674.12
5674.51
5675.05
5675.43
5676
5676.38
5676.94
5677.31
5677.9
5678.26
5678.84
5679.19
5679.79
5680.14
5680.74
5681.09
5681.69
5682.04
5682.63
5682.97
5683.57
5683.92
5684.51
5684.84
5685.43
5685.75
5686.32
5686.63
5687.2
5687.5
5688.07
5688.35
5688.92
5689.19
5689.75
5690.03
5690.57
5690.84
5691.38
5691.65
5692.17
5692.45
5692.96
5693.23
5693.74
5694.01
5694.51
5694.79
5695.28
5695.55
5696.04
5696.31
5696.78
5697.06
5697.53
5697.8
5698.28
5698.55
5699.01
5699.29
5699.76
5700.03
5700.5
5700.77
5701.23
5701.52
5701.98
5702.25
5702.73
5703
5703.46
5703.75
5704.21
5704.51
5705.58
5706.14
5706.7
5707.32
5707.9
5708.47
5709.05
5709.57
5710.08
5710.59
5711.1
5711.6
5712.1
5712.6
5713.13
5713.64
5714.34
5714.84
5715.34
5715.85
5716.52
5717.04
5717.56
5718.09
5718.73
5719.28
5719.8
5720.45
5720.97
5721.52
5722.13
5722.68
5723.22
5723.85
5724.38
5725.01
5725.54
5726.17
5726.71
5727.35
5727.9
5728.56
5729.11
5729.72
5730.4
5731
5731.58
5732.33
5732.9
5733.59
5734.16
5734.9
5735.47
5736.2
5736.79
5737.53
5738.14
5738.89
5739.52
5740.29
5740.94
5741.73
5742.4
5743.22
5743.95
5744.75
5745.51
5746.33
5747.11
5747.96
5748.77
5749.68
5750.48
5751.41
5752.25
5753.22
5754.08
5755.08
5756
5757
5757.95
5758.94
5759.93
5761
5762.05
5763.17
5764.3
5765.62
5766.85
5768.1
5769.44
5770.7
5771.98
5773.35
5774.61
5776.03
5777.31
5778.67
5779.96
5781.32
5782.53
5784.12
5785.34
5786.5
5787.95
5789.15
5790.42
5791.64
5792.93
5794.16
5795.32
5796.62
5797.75
5798.91
5800.13
5801.28
5802.39
5803.6
5804.71
5805.82
5807
5808.09
5809.18
5810.35
5811.43
5812.5
5813.66
5814.72
5815.78
5816.92
5817.98
5819.03
5820.16
5820.98
5821.79
5822.73
5823.54
5824.41
5825.3
5826.1
5826.99
5827.83
5828.64
5829.46
5830.37
5831.36
5832.22
5833.13
5834.04
5834.88
5835.72
5836.54
5837.41
5838.24
5839.08
5839.94
5840.77
5841.61
5842.45
5843.29
5844.12
5844.96
5845.84
5846.66
5847.54
5848.35
5849.23
5850.08
5850.92
5851.77
5852.64
5853.48
5854.34
5855.18
5856.04
5856.84
5857.69
5858.51
5859.36
5860.14
5860.98
5861.79
5862.58
5863.39
5864.18
5864.98
5865.76
5866.52
5867.33
5868.08
5868.84
5869.59
5870.37
5871.11
5871.87
5872.61
5873.36
5874.09
5874.83
5875.55
5876.29
5877.01
5877.74
5878.45
5879.17
5879.87
5880.59
5881.28
5881.99
5882.68
5883.38
5884.06
5884.76
5885.43
5886.12
5886.78
5887.47
5888.12
5888.8
5889.45
5890.12
5890.76
5891.43
5892.06
5892.71
5893.34
5893.98
5894.6
5895.24
5895.85
5896.48
5897.07
5897.69
5898.28
5898.9
5899.48
5900.08
5900.65
5901.24
5901.8
5902.38
5902.94
5903.51
5904.05
5904.61
5905.15
5905.7
5906.23
5906.77
5907.29
5907.82
5908.33
5908.85
5909.36
5909.87
5910.39
5910.87
5911.39
5911.84
5912.35
5912.8
5913.32
5913.79
5914.23
5914.71
5915.15
5915.61
5916.05
5916.51
5916.98
5917.38
5917.84
5918.25
5918.69
5919.1
5919.55
5919.98
5920.38
5920.81
5921.2
5921.62
5922
5922.41
5922.78
5923.17
5923.52
5923.93
5924.27
5924.66
5925.01
5925.41
5925.75
5926.17
5926.5
5926.92
5927.26
5927.68
5928.01
5928.46
5928.78
5929.22
5929.56
5930
5930.32
5930.79
5931.1
5931.56
5931.89
5932.35
5932.66
5933.14
5933.45
5933.91
5934.24
5934.71
5935.02
5935.5
5935.81
5936.28
5936.6
5937.07
5937.37
5937.87
5938.16
5938.63
5938.96
5939.42
5939.72
5940.22
5940.51
5940.98
5941.3
5941.76
5942.06
5942.55
5942.84
5943.3
5943.6
5944.09
5944.38
5945.45
5945.98
5946.5
5947.01
5947.52
5948.03
5948.53
5949.04
5949.54
5950.05
5950.57
5951.11
5951.64
5952.21
5952.74
5953.28
5953.84
5954.36
5954.93
5955.45
5955.97
5956.59
5957.11
5957.67
5958.27
5958.83
5959.36
5959.99
5960.53
5961.16
5961.7
5962.34
5962.89
5963.49
5964.1
5964.7
5965.3
5966.04
5966.63
5967.24
5967.96
5968.56
5969.14
5969.87
5970.44
5971.16
5971.73
5972.35
5973.05
5973.67
5974.37
5975.01
5975.67
5976.36
5977.1
5977.79
5978.54
5979.26
5980.04
5980.78
5981.59
5982.36
5983.2
5984.01
5984.87
5985.71
5986.6
5987.47
5988.4
5989.29
5990.24
5991.17
5992.15
5993.1
5994.12
5995.11
5996.16
5997.18
5998.27
5999.33
6000.45
6001.53
6002.62
6003.83
6004.95
6006.13
6007.39
6008.65
6009.98
6011.53
6012.96
6014.45
6015.96
6017.44
6018.86
6020.43
6021.81
6023.3
6024.73
6026.25
6027.53
6029.19
6030.4
6031.88
6033.2
6034.75
6035.93
6037.32
6038.52
6039.82
6041.08
6042.33
6043.47
6044.74
6045.86
6047.01
6048.18
6049.29
6050.35
6051.52
6052.56
6053.61
6054.71
6055.75
6056.75
6057.86
6058.84
6059.85
6060.91
6061.9
6062.87
6063.94
6064.89
6065.85
6066.67
6067.4
6068.15
6068.95
6069.67
6070.4
6071.19
6071.92
6072.65
6073.44
6074.16
6074.91
6075.75
6076.58
6077.29
6078.12
6078.84
6079.58
6080.3
6081.04
6081.75
6082.51
6083.21
6083.92
6084.61
6085.34
6086.03
6086.74
6087.44
6088.19
6088.88
6089.62
6090.31
6091.06
6091.78
6092.51
6093.23
6093.96
6094.67
6095.4
6096.1
6096.82
6097.52
6098.22
6098.91
6099.61
6100.26
6100.96
6101.64
6102.29
6102.97
6103.61
6104.28
6104.92
6105.55
6106.19
6106.83
6107.46
6108.06
6108.68
6109.28
6109.9
6110.5
6111.11
6111.69
6112.3
6112.88
6113.48
6114.05
6114.64
6115.21
6115.8
6116.36
6116.95
6117.5
6118.08
6118.64
6119.21
6119.76
6120.33
6120.87
6121.44
6121.98
6122.54
6123.08
6123.62
6124.15
6124.69
6125.22
6125.75
6126.26
6126.8
6127.3
6127.83
6128.32
6128.85
6129.34
6129.86
6130.34
6130.85
6131.32
6131.83
6132.33
6132.79
6133.28
6133.74
6134.23
6134.68
6135.16
6135.61
6136.08
6136.52
6136.99
6137.42
6137.89
6138.31
6138.78
6139.23
6139.65
6140.1
6140.52
6140.98
6141.42
6141.82
6142.27
6142.67
6143.1
6143.5
6143.94
6144.37
6144.76
6145.17
6145.55
6145.95
6146.31
6146.7
6147.05
6147.43
6147.77
6148.15
6148.5
6148.88
6149.21
6149.6
6149.94
6150.33
6150.66
6151.06
6151.4
6151.81
6152.13
6152.55
6152.89
6153.31
6153.64
6154.07
6154.4
6154.84
6155.16
6155.61
6155.94
6156.39
6156.71
6157.16
6157.49
6157.96
6158.27
6158.74
6159.07
6159.54
6159.85
6160.33
6160.66
6161.13
6161.45
6161.93
6162.26
6162.74
6163.06
6163.52
6163.86
6164.31
6164.63
6165.07
6165.41
6165.83
6166.16
6166.57
6166.92
6167.33
6167.66
6168.06
6168.42
6168.82
6169.38
6169.97
6170.54
6171.12
6171.72
6172.3
6172.87
6173.47
6174.04
6174.62
6175.21
6175.77
6176.33
6176.92
6177.48
6178.03
6178.59
6179.16
6179.69
6180.23
6180.77
6181.31
6181.85
6182.4
6182.95
6183.5
6184.08
6184.63
6185.4
6185.95
6186.53
6187.1
6187.87
6188.45
6189.05
6189.63
6190.36
6190.92
6191.51
6192.1
6192.72
6193.28
6193.96
6194.51
6195.1
6195.73
6196.31
6196.88
6197.55
6198.12
6198.74
6199.43
6200.08
6200.7
6201.37
6202.15
6202.81
6203.45
6204.11
6204.79
6205.44
6206.23
6206.88
6207.51
6208.33
6209
6209.71
6210.54
6211.3
6212.05
6212.96
6213.76
6214.62
6215.56
6216.46
6217.35
6218.38
6219.31
6220.28
6221.32
6222.32
6223.31
6224.4
6225.4
6226.44
6227.52
6228.56
6229.58
6230.7
6231.72
6232.77
6233.87
6234.92
6235.95
6237.08
6238.11
6239.17
6240.27
6241.34
6242.38
6243.52
6244.56
6245.63
6246.75
6247.83
6248.88
6250.05
6251.1
6252.21
6253.34
6254.44
6255.5
6256.69
6257.75
6258.86
6260.01
6261.12
6262.19
6263.38
6264.45
6265.56
6266.7
6267.8
6268.85
6270.02
6271.06
6272.13
6273.22
6274.27
6275.26
6276.36
6277.33
6278.33
6279.35
6280.32
6281.24
6282.28
6283.18
6284.12
6285.09
6286.02
6286.89
6287.89
6288.75
6289.64
6290.56
6291.44
6292.25
6293.19
6293.99
6294.84
6295.71
6296.55
6297.34
6298.23
6299.05
6299.82
6300.67
6301.43
6302.16
6302.99
6303.68
6304.4
6305.15
6305.85
6306.49
6307.25
6307.88
6308.55
6309.25
6309.91
6310.52
6311.26
6311.86
6312.51
6313.19
6313.84
6314.43
6315.16
6315.75
6316.39
6317.06
6317.7
6318.29
6319.02
6319.61
6320.24
6320.69
6321.09
6321.47
6321.95
6322.34
6322.74
6323.22
6323.63
6324.05
6324.66
6325.17
6325.61
6326.16
6326.59
6327.01
6327.46
6327.9
6328.34
6328.8
6329.24
6329.66
6330.13
6330.56
6331.01
6331.47
6331.92
6332.4
6332.85
6333.34
6333.8
6334.28
6334.79
6335.27
6335.78
6336.25
6336.76
6337.23
6337.74
6338.21
6338.72
6339.19
6339.69
6340.16
6340.66
6341.09
6341.59
6342.05
6342.51
6342.97
6343.42
6343.87
6344.32
6344.77
6345.21
6345.62
6346.09
6346.5
6346.94
6347.36
6347.76
6348.2
6348.59
6349.04
6349.46
6349.86
6350.27
6350.66
6351.08
6351.5
6351.87
6352.28
6352.64
6353.07
6353.42
6353.8
6354.15
6354.53
6354.88
6355.25
6355.62
6355.98
6356.31
6356.69
6357.01
6357.42
6357.73
6358.11
6358.43
6358.82
6359.14
6359.54
6359.85
6360.26
6360.57
6360.98
6361.28
6361.7
6362
6362.41
6362.72
6363.13
6363.44
6363.85
6364.15
6364.57
6364.87
6365.28
6365.59
6366
6366.3
6366.71
6367.02
6367.43
6367.74
6368.14
6368.45
6368.86
6369.16
6369.57
6369.88
6370.28
6370.6
6371
6371.31
6371.71
6372.03
6372.42
6372.74
6373.14
6373.46
6373.85
6374.17
6374.56
6374.88
6375.27
6375.59
6375.98
6376.3
6376.68
6377.01
6377.39
6377.72
6378.1
6378.44
6378.81
6379.15
6379.53
6379.87
6380.26
6380.6
6380.98
6381.33
6381.71
6382.06
6382.45
6382.8
6383.19
6383.55
6383.94
6384.29
6384.7
6385.05
6385.45
6385.82
6386.82
6387.46
6388.12
6388.76
6389.42
6390.05
6390.71
6391.34
6392.01
6392.62
6393.29
6393.9
6394.51
6395.18
6395.79
6396.38
6396.98
6397.6
6398.21
6398.81
6399.41
6400.01
6400.6
6401.2
6401.8
6402.4
6403
6403.6
6404.2
6404.8
6405.4
6406.01
6406.61
6407.22
6407.82
6408.46
6409.08
6409.69
6410.45
6411.05
6411.62
6412.22
6412.94
6413.54
6414.12
6414.74
6415.46
6416.08
6416.68
6417.31
6417.93
6418.66
6419.28
6419.93
6420.57
6421.43
6422.06
6422.73
6423.37
6424.13
6424.78
6425.47
6426.27
6426.97
6427.65
6428.36
6429.16
6429.89
6430.6
6431.35
6432.16
6432.92
6433.66
6434.51
6435.26
6436.05
6436.89
6437.69
6438.53
6439.35
6440.2
6441.03
6441.9
6442.74
6443.61
6444.46
6445.35
6446.22
6447.11
6448
6448.9
6449.8
6450.71
6451.62
6452.54
6453.45
6454.38
6455.31
6456.24
6457.18
6458.13
6459.06
6460.02
6460.97
6461.94
6462.89
6463.86
6464.82
6465.8
6466.77
6467.76
6468.73
6469.72
6470.7
6471.67
6472.65
6473.59
6474.6
6475.54
6476.54
6477.54
6478.53
6479.56
6480.54
6481.54
6482.55
6483.55
6484.54
6485.54
6486.52
6487.47
6488.53
6489.47
6490.52
6491.46
6492.51
6493.44
6494.53
6495.44
6496.47
6497.39
6498.46
6499.36
6500.38
6501.28
6502.35
6503.26
6504.24
6505.16
6506.19
6507.08
6508.03
6508.93
6509.85
6510.81
6511.75
6512.64
6513.61
6514.51
6515.45
6516.43
6517.35
6518.28
6519.29
6520.2
6521.23
6522.18
6523.07
6524.15
6525.07
6525.95
6527.03
6527.94
6528.77
6529.66
6530.58
6531.42
6532.24
6533.12
6533.91
6534.69
6535.54
6536.29
6537.05
6537.88
6538.61
6539.35
6540.16
6540.88
6541.6
6542.39
6543.1
6543.81
6544.59
6545.28
6545.97
6546.74
6547.42
6548.1
6548.87
6549.55
6550.22
6550.97
6551.64
6552.08
6552.61
6553.04
6553.5
6554.02
6554.44
6554.91
6555.55
6556.11
6556.67
6557.31
6557.85
6558.37
6559.01
6559.45
6559.93
6560.48
6560.96
6561.53
6562.08
6562.52
6563.02
6563.53
6564.14
6564.58
6565.06
6565.53
6566.18
6566.67
6567.19
6567.69
6568.28
6568.78
6569.33
6569.86
6570.4
6571.06
6571.58
6572.08
6572.61
6573.11
6573.8
6574.29
6574.8
6575.25
6575.77
6576.4
6576.9
6577.33
6577.84
6578.26
6578.83
6579.25
6579.75
6580.23
6580.71
6581.14
6581.67
6582.09
6582.61
6583.03
6583.58
6583.99
6584.53
6584.94
6585.49
6585.89
6586.43
6586.83
6587.36
6587.76
6588.3
6588.69
6589.18
6589.61
6590.08
6590.48
6590.98
6591.38
6591.84
6592.27
6592.71
6593.11
6593.59
6593.97
6594.41
6594.84
6595.26
6595.64
6596.1
6596.48
6596.9
6597.29
6597.71
6598.1
6598.51
6598.89
6599.31
6599.68
6600.09
6600.46
6600.86
6601.23
6601.63
6601.99
6602.39
6602.74
6603.14
6603.49
6603.88
6604.23
6604.62
6604.97
6605.36
6605.7
6606.09
6606.43
6606.81
6607.16
6607.54
6607.88
6608.27
6608.61
6608.99
6609.33
6609.73
6610.06
6610.47
6610.8
6611.21
6611.54
6611.96
6612.3
6612.72
6613.06
6613.49
6613.83
6614.28
6614.61
6615.07
6615.41
6615.88
6616.23
6616.71
6617.05
6617.55
6617.89
6618.4
6618.74
6619.26
6619.61
6620.14
6620.49
6621.03
6621.38
6621.93
6622.28
6622.84
6623.19
6623.76
6624.12
6624.69
6625.05
6625.63
6626
6626.58
6626.95
6627.54
6627.91
6628.51
6628.87
6629.48
6629.85
6630.46
6630.83
6631.44
6631.82
6632.43
6632.8
6633.42
6633.8
6634.42
6634.8
6635.42
6635.8
6636.42
6636.8
6637.43
6637.81
6638.43
6638.82
6639.45
6639.83
6640.45
6640.84
6641.47
6641.86
6642.48
6642.87
6643.49
6643.89
6644.5
6644.9
6645.52
6645.92
6646.53
6647.19
6647.84
6648.49
6649.15
6649.8
6650.46
6651.11
6651.76
6652.41
6653.06
6653.7
6654.34
6654.97
6655.61
6656.26
6656.9
6657.55
6658.2
6658.85
6659.5
6660.15
6660.8
6661.47
6662.11
6662.74
6663.37
6664.03
6664.65
6665.26
6665.89
6666.51
6667.23
6667.84
6668.47
6669.09
6669.86
6670.47
6671.1
6671.71
6672.51
6673.13
6673.76
6674.38
6675.22
6675.84
6676.47
6677.1
6677.78
6678.48
6679.13
6680.04
6680.69
6681.33
6681.98
6682.64
6683.64
6684.28
6684.95
6685.61
6686.29
6687.03
6687.74
6688.67
6689.36
6690.04
6690.74
6691.46
6692.27
6692.98
6693.76
6694.49
6695.28
6696.02
6696.81
6697.56
6698.35
6699.11
6699.9
6700.67
6701.46
6702.23
6703.03
6703.81
6704.61
6705.39
6706.2
6706.99
6707.8
6708.6
6709.42
6710.21
6711.04
6711.84
6712.68
6713.48
6714.32
6715.13
6715.98
6716.8
6717.65
6718.48
6719.33
6720.16
6721.02
6721.86
6722.73
6723.57
6724.44
6725.3
6726.18
6727.03
6727.91
6728.77
6729.65
6730.52
6731.41
6732.29
6733.19
6734.03
6734.85
6735.62
6736.39
6737.13
6737.86
6738.56
6739.27
6739.99
6740.71
6741.49
6742.27
6743.16
6744.22
6745.53
6746.58
6747.74
6748.75
6749.79
6750.77
6751.74
6752.65
6753.55
6754.41
6755.26
6756.08
6756.9
6757.7
6758.5
6759.28
6760.07
6760.84
6761.61
6762.32
6763.09
6763.77
6764.45
6765.24
6765.9
6766.56
6767.21
6767.87
6768.64
6769.28
6769.92
6770.57
6771.29
6771.94
6772.57
6773.22
6773.95
6774.6
6775.25
6775.95
6776.6
6777.25
6777.98
6778.63
6779.28
6780.02
6780.69
6781.38
6782.17
6782.9
6783.81
6784.6
6785.35
6786.32
6787.02
6788.06
6788.75
6789.59
6790.56
6791.34
6792.03
6793.08
6793.76
6794.42
6795.1
6795.82
6797.02
6797.66
6798.32
6798.96
6799.73
6801.08
6801.75
6802.39
6803.1
6803.83
6805.38
6806.03
6806.79
6807.43
6808.25
6809.05
6810.08
6810.96
6812.01
6812.81
6813.84
6814.67
6815.55
6816.43
6817.28
6817.87
6818.43
6819.05
6819.66
6820.35
6821.12
6821.95
6822.73
6823.49
6824.21
6824.89
6825.65
6826.56
6827.75
6828.59
6829.48
6830.43
6831.26
6832.17
6832.97
6833.87
6834.65
6835.34
6835.95
6836.78
6837.53
6838.45
6839.31
6840.24
6841.24
6842.24
6843.37
6844.38
6845.52
6846.54
6847.64
6848.65
6849.65
6850.65
6851.75
6852.72
6853.8
6854.75
6855.75
6856.67
6857.58
6858.49
6859.45
6860.34
6861.22
6862.09
6863.01
6863.87
6864.73
6865.59
6866.47
6867.3
6868.15
6869
6869.84
6870.65
6871.46
6872.28
6873.12
6873.94
6874.79
6875.56
6876.36
6877.18
6877.98
6878.8
6879.61
6880.43
6881.23
6882.04
6882.85
6883.67
6884.46
6885.28
6886.08
6886.91
6887.7
6888.51
6889.35
6890.15
6890.96
6891.8
6892.61
6893.42
6894.26
6895.06
6895.88
6896.71
6897.52
6898.36
6899.17
6900
6900.82
6901.66
6902.48
6903.33
6904.15
6904.99
6905.83
6906.69
6907.53
6908.4
6909.27
6910.16
6911.02
6911.9
6912.75
6913.62
6914.47
6915.33
6916.19
6917.05
6917.92
6918.78
6919.65
6920.52
6921.4
6922.26
6923.14
6924.01
6924.89
6925.77
6926.71
6927.62
6928.67
6929.63
6930.66
6931.57
6932.56
6933.46
6934.44
6935.33
6936.32
6937.2
6938.18
6939.06
6940.04
6940.93
6941.91
6942.8
6943.78
6944.66
6945.63
6946.51
6947.49
6948.37
6949.37
6950.32
6951.47
6952.39
6953.42
6954.32
6955.32
6956.19
6957.18
6958.04
6959.01
6959.86
6960.83
6961.67
6962.63
6963.47
6964.43
6965.26
6966.21
6967.03
6967.96
6968.77
6969.7
6970.49
6971.42
6972.23
6973.22
6974.24
6975.19
6976.01
6976.96
6977.74
6978.64
6979.4
6980.3
6981.04
6981.91
6982.63
6983.5
6984.21
6985.06
6985.76
6986.62
6987.31
6988.13
6988.79
6989.61
6990.25
6991.04
6991.67
6992.47
6993.1
6993.92
6994.62
6995.48
6996.13
6996.91
6997.52
6998.28
6998.86
6999.6
7000.16
7000.9
7001.45
7002.17
7002.71
7003.43
7003.96
7004.67
7005.19
7005.88
7006.39
7007.06
7007.57
7008.25
7008.73
7009.42
7009.91
7010.6
7011.12
7011.81
7012.35
7013.08
7013.59
7014.4
7014.91
7015.62
