energy
0.0197392
0.185046
0.895438
1.07752
1.31589
1.50634
1.75915
1.9577
2.2221
2.42682
2.70017
2.90949
3.18972
3.40242
3.6879
3.90304
4.19251
4.40937
4.70182
4.91993
5.21487
5.46003
5.68893
5.94141
6.17189
6.42897
6.66293
6.9261
7.16163
7.42979
7.6655
7.93019
8.17159
8.44006
8.68143
8.95637
9.37496
9.65862
9.89914
10.2532
10.4606
10.6213
11.0396
11.2136
0.35928
1.05444
1.51917
2.01934
2.53021
3.36659
3.85022
4.32133
4.8471
5.80173
6.30031
6.91426
7.44975
8.50889
9.01849
9.75839
10.2528
11.2219
11.9454
12.4397
13.1892
13.9143
14.6726
15.838
16.9418
17.4151
18.0768
18.6394
19.6762
20.6922
21.4056
22.2438
22.8331
23.6767
25.0186
25.6529
26.5605
27.224
28.1135
29.0837
30.0121
30.7671
32.3718
33.0752
33.813
34.6864
35.5859
36.5772
37.5208
39.1081
39.848
40.5787
41.3647
42.9685
43.7243
44.4614
45.4787
46.5085
47.3592
48.7149
49.4694
50.2444
51.4912
52.2195
53.0082
54.1381
54.9246
55.7014
56.8152
57.5945
58.4482
59.4901
60.3639
61.1791
62.2644
63.109
64.0591
65.0809
65.9779
66.933
67.9873
68.9092
69.8677
70.9869
71.9635
72.9759
74.2106
75.2776
76.318
77.4691
78.4633
79.4503
80.6139
81.714
82.8955
84.1506
85.3522
86.5479
87.8959
89.1635
90.5173
92.0098
93.558
95.2323
97.1847
99.1309
101.195
103.285
105.414
107.549
109.754
111.881
114.016
116.202
118.313
120.368
122.496
124.48
126.452
128.436
130.325
132.154
133.976
135.772
137.508
139.205
140.928
142.571
144.183
145.783
147.432
148.993
150.533
152.07
153.602
155.081
156.561
158.004
159.446
160.837
162.23
163.578
164.942
166.229
167.569
168.818
170.116
171.345
172.612
173.814
175.05
176.219
177.425
178.562
179.737
180.843
181.99
183.066
184.185
185.234
186.328
187.352
188.424
189.426
190.48
191.24
192.073
192.814
193.585
194.317
195.077
195.805
196.568
197.298
198.063
198.796
199.567
200.302
201.071
201.805
202.568
203.292
204.045
204.754
205.49
206.184
206.904
207.583
208.311
208.979
209.706
210.358
211.107
211.738
212.505
213.113
213.753
214.349
215.156
215.737
216.583
217.156
217.734
218.613
219.173
219.777
220.69
221.241
221.852
222.795
223.395
223.938
224.949
225.483
226.068
227.021
227.594
228.106
229.101
229.599
230.098
231.034
231.524
232.017
232.908
233.383
233.855
234.707
235.165
235.622
236.435
236.878
237.325
238.096
238.525
238.955
239.675
240.086
240.519
241.17
241.566
242.209
242.599
243.215
243.603
244.197
244.589
245.163
245.55
246.102
246.484
247.016
247.393
247.906
248.279
248.777
249.145
249.628
249.992
250.461
250.822
251.274
251.632
252.072
252.428
252.857
253.211
253.632
253.984
254.397
254.748
255.156
255.506
255.909
256.258
256.656
257.004
257.4
257.747
258.139
258.487
258.875
259.218
259.604
259.949
260.331
260.671
261.052
261.394
261.773
262.11
262.488
262.829
263.205
263.543
263.919
264.261
264.637
264.974
265.351
265.694
266.072
266.411
266.788
267.133
267.511
267.851
268.23
268.578
268.956
269.298
269.677
270.022
270.402
270.749
271.129
271.472
271.863
272.206
272.588
272.933
273.325
273.671
274.054
274.401
274.798
275.145
275.531
275.881
276.282
276.632
277.021
277.374
277.779
278.132
278.524
278.88
279.29
279.647
280.042
280.401
280.816
281.176
281.575
281.937
282.359
282.723
283.126
283.493
283.921
284.29
284.697
285.07
285.505
285.878
286.291
286.669
287.111
287.49
287.907
288.291
288.74
289.123
289.546
289.934
290.391
290.779
291.207
291.601
292.065
292.459
292.893
293.292
293.764
294.164
294.603
295.009
295.489
295.894
296.339
296.754
297.241
297.651
298.102
298.52
299.014
299.43
299.885
300.307
300.81
301.231
302.214
302.837
303.795
304.431
305.404
306.115
307.103
307.773
308.765
309.421
310.418
311.05
312.046
312.642
313.241
313.842
314.448
315.061
315.688
316.335
317.005
317.683
318.361
319.036
319.709
320.38
321.048
321.713
322.378
323.041
323.7
324.375
325.032
325.691
326.387
327.045
327.739
328.396
329.094
329.749
330.461
331.119
331.835
332.499
333.221
333.894
334.625
335.308
336.05
336.745
337.499
338.207
338.976
339.701
340.488
341.23
342.036
342.798
343.626
344.409
345.258
346.062
346.933
347.759
348.651
349.496
350.407
351.271
352.201
353.081
354.028
354.924
355.885
356.795
357.769
358.689
359.672
360.6
361.59
362.524
363.52
364.457
365.473
366.412
367.429
368.37
369.388
370.329
371.348
372.288
373.307
374.246
375.262
376.199
377.214
378.148
379.161
380.092
381.102
382.029
383.036
383.96
384.964
385.885
386.886
387.804
388.802
389.714
390.707
391.614
392.605
393.506
394.488
395.381
396.357
397.242
398.209
399.084
400.043
400.907
401.857
402.709
403.649
404.49
405.419
406.249
407.169
407.988
408.86
409.674
410.578
411.38
412.277
413.071
413.968
414.757
415.649
416.437
417.328
418.115
419.008
419.791
420.688
421.476
422.377
423.171
424.084
424.877
425.78
426.555
427.437
428.184
429.036
429.752
430.575
431.262
432.062
432.728
433.512
434.161
434.932
435.567
436.327
436.949
437.697
438.308
439.051
439.652
440.385
440.978
441.708
442.295
443.018
443.603
444.331
444.915
445.637
446.216
446.933
447.5
448.202
448.759
449.226
449.535
450.024
450.344
450.874
451.221
451.88
452.226
452.811
453.163
453.612
454.064
454.588
454.952
455.449
455.97
456.379
456.844
457.434
457.807
458.394
458.949
459.355
459.816
460.707
461.177
461.791
462.468
462.977
463.506
464.266
464.963
465.486
466.245
466.811
467.297
468.175
468.655
469.169
469.89
470.432
470.929
471.831
472.322
472.848
473.461
474.08
474.847
475.395
476.058
476.651
477.456
478.022
478.748
479.331
480.16
480.79
481.434
482.091
482.952
483.761
484.342
485.021
485.917
486.695
487.296
487.997
489.072
489.725
490.392
491.041
491.736
492.669
493.297
494.163
494.776
495.428
496.211
497.173
497.76
498.369
498.947
499.715
500.305
500.99
501.534
502.14
502.741
503.36
503.938
504.523
505.079
505.664
506.191
506.743
507.261
507.798
508.294
508.816
509.292
509.794
510.252
510.734
511.175
511.639
512.061
512.51
512.915
513.345
513.734
514.148
514.522
514.922
515.283
515.672
516.022
516.4
516.74
517.11
517.443
517.806
518.133
518.494
518.819
519.189
519.515
519.908
520.233
520.648
520.966
521.402
521.713
522.178
522.484
522.976
523.279
523.803
524.104
524.659
524.96
525.547
525.85
526.465
526.77
527.414
527.72
528.046
528.407
528.73
529.091
529.418
529.786
530.113
530.482
530.813
531.185
531.516
531.891
532.223
532.6
532.933
533.311
533.646
534.024
534.36
534.739
535.075
535.455
535.792
536.171
536.51
536.888
537.228
537.606
537.947
538.324
538.666
539.043
539.386
539.762
540.106
540.482
540.828
541.203
541.55
541.925
542.273
542.648
542.997
543.372
543.722
544.097
544.448
544.823
545.176
545.551
545.905
546.281
546.635
547.012
547.369
547.746
548.104
548.483
548.84
549.222
549.579
549.959
550.32
550.701
551.063
551.444
551.805
552.187
552.553
552.935
553.302
553.685
554.054
554.438
554.803
555.197
555.561
555.957
556.324
556.724
557.093
557.473
557.873
558.248
558.665
559.043
559.448
559.834
560.247
560.634
561.077
561.467
561.941
562.336
562.812
563.21
563.689
564.092
564.576
564.982
565.471
565.879
566.384
566.789
567.298
567.71
568.209
568.636
569.193
569.615
570.068
570.514
571.073
571.499
571.961
572.428
572.913
573.475
573.94
574.369
574.848
575.473
575.946
576.372
576.851
577.283
577.838
578.266
578.79
579.241
579.79
580.217
580.871
581.286
581.783
582.199
582.715
583.327
583.827
584.237
584.696
585.166
585.636
586.169
586.623
587.1
587.625
588.055
588.568
589.003
589.444
589.862
590.313
590.719
591.167
591.578
592.032
592.454
592.916
593.342
593.806
594.234
594.7
595.13
595.6
596.035
596.508
596.947
597.424
597.865
598.343
598.784
599.261
599.699
600.174
600.609
601.081
601.514
601.984
602.419
602.898
603.346
603.82
604.25
604.712
605.132
605.586
605.999
606.446
606.854
607.298
607.703
608.143
608.544
608.981
609.378
609.809
610.199
610.623
611.006
611.422
611.799
612.211
612.585
612.998
613.384
613.812
614.185
614.59
614.952
615.349
615.704
616.093
616.443
616.83
617.178
617.563
617.91
618.294
618.64
619.024
619.368
619.747
620.086
620.461
620.797
621.168
621.502
621.873
622.21
622.594
622.959
623.335
623.67
624.039
624.368
624.731
625.056
625.416
625.739
626.1
626.424
626.785
627.109
627.472
627.797
628.159
628.482
628.844
629.165
629.524
629.843
630.203
630.523
630.888
631.218
631.629
631.955
632.328
632.65
633.02
633.339
633.706
634.022
634.388
634.705
635.07
635.388
635.753
636.073
636.438
636.758
637.12
637.438
637.797
638.112
638.468
638.782
639.137
639.453
639.815
640.16
640.526
640.852
641.212
641.529
641.884
642.198
642.549
642.862
643.213
643.527
643.88
644.195
644.551
644.868
645.223
645.54
645.894
646.208
646.56
646.873
647.221
647.533
647.884
648.201
648.586
648.908
649.269
649.589
649.942
650.254
650.603
650.913
651.259
651.568
651.915
652.225
652.574
652.886
653.236
653.549
653.9
654.211
654.559
654.868
655.213
655.52
655.863
656.17
656.517
656.837
657.244
657.553
657.899
658.207
658.551
658.856
659.196
659.499
659.839
660.141
660.481
660.784
661.125
661.43
661.772
662.077
662.419
662.723
663.062
663.364
663.703
664.002
664.339
664.639
664.979
665.286
665.647
665.953
666.295
666.597
666.933
667.231
667.566
667.862
668.195
668.492
668.827
669.126
669.462
669.763
670.101
670.402
670.739
671.038
671.374
671.671
672.004
672.299
672.633
672.93
673.269
673.605
673.943
674.245
674.582
674.88
675.215
675.51
675.842
676.137
676.47
676.767
677.101
677.401
677.739
678.041
678.38
678.683
679.022
679.324
679.661
679.962
680.299
680.599
680.937
681.24
681.589
681.931
682.276
682.584
682.929
683.235
683.577
683.882
684.224
684.53
684.874
685.183
685.531
685.843
686.195
686.511
687.388
687.914
688.446
688.986
689.536
690.103
690.685
691.285
691.898
692.53
693.167
693.902
694.58
695.325
696.064
696.876
697.762
698.682
699.669
700.696
701.79
702.919
704.106
705.313
706.543
707.751
708.946
710.113
711.279
712.425
713.576
714.708
715.834
716.92
717.988
719.029
720.204
721.261
722.296
723.25
724.165
725.036
725.898
726.731
727.563
728.371
729.193
730.007
730.843
731.68
732.563
733.482
734.509
735.637
736.806
737.897
738.952
739.941
740.91
741.824
742.728
743.591
744.461
745.296
746.145
746.969
747.815
748.636
749.484
750.31
751.167
752.003
752.87
753.714
754.595
755.451
756.347
757.222
758.133
759.016
759.935
760.822
761.746
762.638
763.564
764.452
765.379
766.265
767.192
768.081
769.01
769.901
770.837
771.737
772.702
773.63
774.63
775.552
776.611
777.465
778.497
779.337
780.256
781.107
781.983
782.792
783.636
784.419
785.242
786.006
786.816
787.572
788.373
789.117
789.913
790.654
791.445
792.18
792.966
793.7
794.484
795.212
795.986
796.715
797.47
798.197
798.985
799.719
800.439
801.245
801.935
802.669
803.44
804.149
804.849
805.654
806.13
806.781
807.367
808.024
808.496
809.145
809.7
810.291
810.854
811.366
811.983
812.643
813.279
813.781
814.387
815.056
815.654
816.252
816.931
817.442
818.121
818.984
819.575
820.25
821.035
821.635
822.406
823.199
823.787
824.456
825.264
825.944
826.524
827.26
827.781
828.316
829.088
829.609
830.236
830.836
831.379
832.131
832.7
833.221
833.923
834.684
835.266
835.768
836.362
837.176
837.76
838.303
838.89
839.769
840.33
840.86
841.378
842.19
842.868
843.333
843.879
844.624
845.166
845.75
846.275
846.993
847.46
847.952
848.545
849.023
849.498
850.208
850.657
851.211
851.643
852.062
852.784
853.179
853.742
854.122
854.54
855.223
855.625
856.114
856.506
856.875
857.325
857.723
858.453
858.805
859.186
859.544
859.979
860.37
860.872
861.226
861.678
862.057
862.543
862.902
863.32
863.697
864.118
864.501
864.904
865.287
865.68
866.052
866.442
866.814
867.193
867.557
867.932
868.288
868.659
869.008
869.377
869.72
870.085
870.421
870.784
871.115
871.48
871.806
872.173
872.497
872.868
873.189
873.567
873.885
874.271
874.585
874.983
875.294
875.699
876.009
876.424
876.73
877.156
877.459
877.897
878.197
878.644
878.942
879.404
879.699
880.168
880.461
880.941
881.231
881.72
882.007
882.506
882.791
883.295
883.578
884.091
884.372
884.888
885.167
885.691
885.969
886.495
886.772
887.305
887.583
888.12
888.398
888.943
889.223
889.771
890.053
890.608
890.891
891.45
891.735
892.302
892.589
893.161
893.449
894.03
894.321
894.908
895.202
895.798
896.094
896.556
896.855
897.156
897.46
897.779
898.118
898.442
898.782
899.11
899.451
899.785
900.127
900.466
900.809
901.153
901.497
901.846
902.193
902.546
902.896
903.252
903.607
903.963
904.333
904.681
905.088
905.427
905.769
906.208
906.532
906.89
907.366
907.71
908.04
908.419
908.851
909.204
909.559
910.156
910.486
910.843
911.185
911.744
912.084
912.44
912.835
913.61
913.96
914.318
914.766
915.546
915.885
916.197
916.761
917.546
917.84
918.177
918.551
919.489
919.835
920.166
920.486
921.284
921.797
922.127
922.45
923.237
923.597
924.073
924.445
925.209
925.502
925.857
926.412
927.148
927.475
927.82
928.126
929.108
929.4
929.754
930.032
930.386
930.7
931.056
931.35
931.652
932.02
932.315
932.614
932.924
933.232
933.544
933.854
934.168
934.482
934.801
935.119
935.445
935.77
936.103
936.435
936.773
937.111
937.452
937.792
938.134
938.473
938.816
939.154
939.496
939.838
940.188
940.564
940.921
941.276
941.625
941.966
942.31
942.644
943.013
943.342
943.708
944.035
944.399
944.724
945.087
945.411
945.772
946.093
946.45
946.766
947.118
947.429
947.775
948.082
948.426
948.733
949.087
949.456
949.8
950.103
950.441
950.739
951.072
951.365
951.694
951.984
952.311
952.6
952.927
953.216
953.543
953.833
954.159
954.447
954.772
955.057
955.384
955.667
955.999
956.281
956.623
956.909
957.272
957.574
957.953
958.244
958.628
958.914
959.308
959.591
959.998
960.282
960.702
960.988
961.424
961.713
962.161
962.452
962.91
963.2
963.665
963.953
964.425
964.711
965.188
965.476
965.966
966.268
966.806
967.101
967.604
967.896
968.399
968.687
969.192
969.479
969.985
970.272
970.783
971.073
971.585
971.877
972.393
972.685
973.199
973.49
974.001
974.289
974.796
975.084
975.59
975.88
976.391
976.701
977.223
977.523
978.029
978.321
978.82
979.108
979.603
979.89
980.382
980.67
981.161
981.452
981.941
982.234
982.72
983.012
983.491
983.78
984.252
984.539
985.004
985.29
985.752
986.044
986.528
986.833
987.297
987.591
988.04
988.328
988.769
989.054
989.487
989.773
990.202
990.489
990.914
991.204
991.625
991.916
992.33
992.62
993.025
993.312
993.707
993.992
994.379
994.666
995.051
995.356
995.77
996.064
996.438
996.729
997.091
997.378
997.731
998.017
998.363
998.65
998.994
999.283
999.626
999.918
1000.26
1000.55
1000.89
1001.18
1001.52
1001.81
1002.14
1002.43
1002.76
1003.06
1003.39
1003.75
1004.08
1004.38
1004.71
1005
1005.34
1005.63
1005.96
1006.25
1006.58
1006.87
1007.2
1007.49
1007.83
1008.12
1008.46
1008.76
1009.09
1009.39
1009.72
1010.02
1010.35
1010.65
1010.98
1011.28
1011.62
1011.96
1012.3
1012.6
1012.94
1013.24
1013.57
1013.87
1014.21
1014.5
1014.84
1015.14
1015.48
1015.78
1016.12
1016.43
1016.77
1017.08
1017.42
1017.73
1018.07
1018.38
1018.72
1019.02
1019.37
1019.67
1020.03
1020.37
1020.72
1021.03
1021.38
1021.69
1022.04
1022.34
1022.69
1023
1023.35
1023.66
1024.01
1024.33
1024.68
1025
1025.36
1025.68
1026.04
1026.36
1026.71
1027.03
1027.39
1027.71
1028.07
1028.4
1028.77
1029.11
1029.48
1029.81
1030.17
1030.5
1030.86
1031.19
1031.55
1031.88
1032.25
1032.58
1032.95
1033.48
1034.02
1034.56
1035.1
1035.64
1036.19
1036.74
1037.3
1037.87
1038.45
1039.05
1039.67
1040.31
1040.98
1041.67
1042.42
1043.19
1044
1044.95
1045.86
1046.91
1047.92
1049.06
1050.17
1051.39
1052.56
1053.78
1054.95
1056.18
1057.33
1058.53
1059.67
1060.84
1061.96
1063.1
1064.16
1065.23
1066.23
1067.23
1068.16
1069.11
1070
1070.9
1071.74
1072.62
1073.44
1074.29
1075.09
1075.93
1076.72
1077.55
1078.34
1079.17
1079.97
1080.82
1081.64
1082.51
1083.35
1084.24
1085.1
1086
1086.85
1087.74
1088.57
1089.44
1090.26
1091.12
1091.92
1092.77
1093.57
1094.41
1095.2
1096.05
1096.84
1097.68
1098.47
1099.32
1100.1
1100.94
1101.73
1102.58
1103.36
1104.22
1105.01
1105.86
1106.66
1107.52
1108.33
1109.2
1110.01
1110.89
1111.7
1112.59
1113.41
1114.31
1115.14
1116.05
1116.89
1117.81
1118.64
1119.57
1120.38
1121.27
1122.04
1122.91
1123.65
1124.49
1125.21
1126.04
1126.73
1127.55
1128.24
1129.05
1129.73
1130.54
1131.22
1132.03
1132.7
1133.5
1134.17
1134.98
1135.66
1136.46
1137.14
1137.96
1138.65
1139.47
1140.15
1140.97
1141.64
1142.44
1143.11
1143.91
1144.32
1144.89
1145.31
1145.92
1146.49
1147.12
1147.56
1148.18
1148.62
1149.29
1149.73
1150.37
1150.82
1151.41
1152
1152.5
1153.05
1153.72
1154.18
1154.75
1155.39
1155.9
1156.53
1157.29
1157.82
1158.53
1159.26
1159.82
1160.45
1161.23
1161.78
1162.34
1163.17
1163.78
1164.29
1164.99
1165.44
1165.96
1166.69
1167.2
1167.78
1168.43
1168.93
1169.46
1170.23
1170.79
1171.3
1171.99
1172.76
1173.3
1173.84
1174.41
1175.33
1175.85
1176.4
1176.95
1177.77
1178.41
1178.95
1179.49
1180.3
1180.82
1181.46
1181.97
1182.77
1183.26
1183.77
1184.38
1185.11
1185.63
1186.06
1186.53
1187.32
1187.79
1188.21
1188.66
1189.37
1189.93
1190.33
1190.76
1191.18
1191.9
1192.41
1192.82
1193.19
1193.61
1194.27
1194.72
1195.08
1195.48
1195.98
1196.48
1196.83
1197.22
1197.73
1198.12
1198.5
1198.88
1199.32
1199.71
1200.12
1200.51
1200.96
1201.33
1201.7
1202.12
1202.49
1202.88
1203.26
1203.64
1204.02
1204.39
1204.76
1205.13
1205.49
1205.86
1206.22
1206.59
1206.93
1207.3
1207.64
1208
1208.33
1208.69
1209.02
1209.38
1209.7
1210.06
1210.38
1210.74
1211.06
1211.42
1211.74
1212.11
1212.42
1212.8
1213.11
1213.5
1213.81
1214.21
1214.52
1214.93
1215.23
1215.65
1215.95
1216.39
1216.69
1217.13
1217.43
1217.89
1218.18
1218.65
1218.94
1219.42
1219.71
1220.2
1220.49
1220.99
1221.27
1221.78
1222.06
1222.58
1222.86
1223.38
1223.66
1224.19
1224.47
1224.99
1225.27
1225.8
1226.07
1226.6
1226.88
1227.41
1227.68
1228.21
1228.49
1229.02
1229.29
1229.83
1230.1
1230.64
1230.92
1231.46
1231.73
1232.28
1232.56
1233.11
1233.39
1233.95
1234.23
1234.79
1235.08
1235.64
1235.93
1236.51
1236.8
1237.38
1237.67
1238.26
1238.56
1239.16
1239.45
1239.91
1240.21
1240.52
1240.82
1241.14
1241.48
1241.81
1242.15
1242.47
1242.82
1243.15
1243.5
1243.83
1244.18
1244.52
1244.87
1245.22
1245.57
1245.92
1246.27
1246.62
1246.98
1247.34
1247.69
1248.05
1248.41
1248.78
1249.14
1249.51
1249.87
1250.25
1250.6
1251
1251.34
1251.77
1252.11
1252.49
1252.87
1253.24
1253.66
1254.02
1254.4
1254.78
1255.22
1255.58
1255.94
1256.48
1256.82
1257.18
1257.54
1258.19
1258.51
1258.84
1259.18
1260.03
1260.36
1260.7
1261.21
1262.01
1262.33
1262.62
1263.03
1263.89
1264.23
1264.59
1264.9
1265.86
1266.25
1266.59
1267.01
1267.78
1268.34
1268.68
1269.11
1269.78
1270.14
1270.68
1271.04
1271.78
1272.15
1272.51
1273.13
1273.48
1274.21
1274.55
1274.91
1275.47
1275.82
1276.18
1276.52
1276.83
1277.22
1277.52
1277.91
1278.22
1278.58
1278.9
1279.26
1279.59
1279.95
1280.28
1280.65
1280.99
1281.36
1281.7
1282.08
1282.42
1282.81
1283.16
1283.55
1283.9
1284.29
1284.64
1285.03
1285.38
1285.77
1286.12
1286.52
1286.88
1287.3
1287.67
1288.07
1288.43
1288.82
1289.18
1289.57
1289.92
1290.3
1290.65
1291.04
1291.39
1291.77
1292.12
1292.51
1292.86
1293.24
1293.58
1293.96
1294.3
1294.67
1295.01
1295.38
1295.71
1296.09
1296.45
1296.83
1297.17
1297.54
1297.87
1298.23
1298.55
1298.9
1299.22
1299.57
1299.88
1300.24
1300.55
1300.9
1301.22
1301.57
1301.88
1302.23
1302.54
1302.88
1303.19
1303.53
1303.83
1304.17
1304.47
1304.83
1305.18
1305.54
1305.84
1306.21
1306.51
1306.88
1307.18
1307.57
1307.87
1308.27
1308.57
1309
1309.3
1309.75
1310.05
1310.51
1310.82
1311.29
1311.59
1312.08
1312.38
1312.88
1313.18
1313.71
1314.01
1314.57
1314.89
1315.44
1315.75
1316.31
1316.61
1317.18
1317.48
1318
1318.3
1318.6
1318.91
1319.22
1319.54
1319.87
1320.19
1320.52
1320.84
1321.16
1321.48
1321.8
1322.12
1322.43
1322.75
1323.08
1323.42
1323.76
1324.09
1324.41
1324.73
1325.05
1325.37
1325.68
1325.99
1326.31
1326.62
1326.93
1327.25
1327.56
1327.88
1328.19
1328.51
1328.82
1329.13
1329.44
1329.74
1330.04
1330.35
1330.65
1330.96
1331.28
1331.62
1331.93
1332.23
1332.53
1332.83
1333.13
1333.42
1333.71
1334.01
1334.3
1334.59
1334.88
1335.17
1335.47
1335.76
1336.05
1336.34
1336.63
1336.91
1337.2
1337.48
1337.76
1338.04
1338.33
1338.61
1338.94
1339.23
1339.52
1339.8
1340.08
1340.36
1340.63
1340.91
1341.18
1341.45
1341.73
1342
1342.28
1342.56
1342.83
1343.11
1343.38
1343.66
1343.93
1344.2
1344.47
1344.74
1345.01
1345.28
1345.56
1345.84
1346.14
1346.42
1346.69
1346.96
1347.23
1347.5
1347.77
1348.04
1348.3
1348.57
1348.84
1349.11
1349.38
1349.65
1349.92
1350.19
1350.47
1350.74
1351.01
1351.27
1351.54
1351.81
1352.07
1352.34
1352.62
1352.95
1353.22
1353.49
1353.76
1354.03
1354.3
1354.56
1354.83
1355.33
1355.82
1356.31
1356.81
1357.3
1357.81
1358.31
1358.84
1359.43
1360.05
1360.68
1361.54
1362.12
1362.8
1363.78
1364.43
1365.29
1366.4
1367.27
1368.53
1369.57
1370.97
1372.07
1373.49
1374.6
1375.84
1376.98
1378.11
1379.26
1380.33
1381.46
1382.52
1383.64
1384.71
1385.84
1386.93
1388.14
1389.25
1390.48
1391.62
1392.74
1393.84
1394.92
1395.84
1396.81
1397.71
1398.67
1399.56
1400.51
1401.38
1402.33
1403.24
1404.29
1405.49
1407.2
1408.43
1409.93
1411.05
1412.32
1413.37
1414.46
1415.42
1416.4
1417.27
1418.19
1419
1419.88
1420.68
1421.56
1422.38
1423.31
1424.19
1425.22
1426.19
1427.26
1428.25
1429.35
1430.37
1431.51
1432.58
1433.74
1434.82
1435.99
1437.04
1438.18
1439.19
1440.29
1441.26
1442.31
1443.24
1444.26
1445.16
1446.15
1447.03
1448.01
1448.87
1449.83
1450.68
1451.64
1452.48
1453.42
1454.25
1455.17
1455.99
1456.88
1457.71
1458.67
1459.56
1460.51
1461.45
1462.48
1463.43
1464.36
1465.45
1466.37
1467.33
1468.35
1469.33
1470.38
1471.18
1471.97
1472.86
1473.76
1474.5
1475.41
1476.23
1477.07
1477.8
1478.81
1479.54
1480.29
1481.23
1482
1482.73
1483.67
1484.36
1485.11
1486.03
1486.69
1487.42
1488.4
1489.13
1489.83
1490.8
1491.5
1492.17
1493.12
1493.77
1494.43
1495.3
1495.85
1496.47
1497.06
1497.6
1498.33
1498.84
1499.43
1499.94
1500.66
1501.14
1501.65
1502.28
1503.02
1503.49
1504.02
1504.49
1505.37
1505.87
1506.34
1506.83
1507.6
1508.19
1508.65
1509.13
1509.89
1510.31
1510.91
1511.34
1512.09
1512.49
1512.97
1513.48
1513.99
1514.43
1514.89
1515.29
1516.09
1516.47
1516.87
1517.24
1517.65
1518.36
1518.75
1519.1
1519.49
1519.89
1520.56
1520.93
1521.3
1521.67
1522.05
1522.67
1523.03
1523.36
1523.73
1524.3
1524.67
1525.03
1525.39
1525.74
1526.19
1526.56
1526.95
1527.31
1527.76
1528.1
1528.5
1528.89
1529.28
1529.6
1530.02
1530.35
1530.79
1531.11
1531.5
1531.86
1532.24
1532.57
1532.98
1533.31
1533.73
1534.05
1534.43
1534.78
1535.16
1535.51
1535.88
1536.23
1536.6
1536.95
1537.32
1537.66
1538.04
1538.37
1538.75
1539.08
1539.46
1539.79
1540.17
1540.49
1540.87
1541.19
1541.57
1541.89
1542.26
1542.58
1542.95
1543.27
1543.64
1543.95
1544.33
1544.63
1545
1545.31
1545.68
1545.98
1546.36
1546.65
1547.03
1547.32
1547.7
1547.99
1548.37
1548.66
1549.05
1549.33
1549.72
1550
1550.39
1550.67
1551.07
1551.35
1551.75
1552.02
1552.43
1552.7
1553.11
1553.38
1553.8
1554.07
1554.48
1554.75
1555.17
1555.44
1555.87
1556.14
1556.57
1556.84
1557.27
1557.55
1557.98
1558.26
1558.69
1558.97
1559.41
1559.69
1560.13
1560.41
1560.86
1561.14
1561.59
1561.87
1562.32
1562.61
1563.07
1563.36
1563.82
1564.11
1564.57
1564.87
1565.34
1565.63
1566.11
1566.41
1566.89
1567.19
1567.69
1568
1568.48
1568.79
1569.3
1569.64
1570.09
1570.47
1571.02
1571.27
1571.72
1572.22
1572.67
1573.26
1573.69
1574.29
1574.92
1575.54
1575.93
1576.55
1576.99
1577.77
1578.19
1578.81
1579.19
1579.84
1580.45
1581.02
1581.44
1582.06
1582.45
1583.26
1583.67
1584.23
1584.64
1585.29
1585.72
1586.33
1586.8
1587.36
1587.95
1588.54
1588.88
1589.47
1589.89
1590.62
1591.01
1591.58
1591.9
1592.47
1592.81
1593.38
1593.72
1594.3
1594.63
1594.95
1595.29
1595.57
1595.91
1596.19
1596.52
1596.8
1597.13
1597.41
1597.75
1598.03
1598.37
1598.66
1599
1599.3
1599.65
1599.95
1600.3
1600.6
1600.95
1601.25
1601.59
1601.9
1602.24
1602.55
1602.92
1603.29
1603.64
1603.95
1604.29
1604.6
1604.94
1605.24
1605.57
1605.87
1606.2
1606.49
1606.82
1607.11
1607.44
1607.73
1608.06
1608.34
1608.67
1608.95
1609.27
1609.55
1609.86
1610.13
1610.45
1610.72
1611.04
1611.35
1611.66
1611.94
1612.24
1612.51
1612.81
1613.07
1613.37
1613.63
1613.93
1614.19
1614.49
1614.75
1615.05
1615.32
1615.63
1615.89
1616.22
1616.48
1616.82
1617.08
1617.44
1617.7
1618.08
1618.35
1618.79
1619.06
1619.49
1619.76
1620.2
1620.46
1620.92
1621.18
1621.66
1621.92
1622.42
1622.69
1623.2
1623.47
1624.01
1624.28
1624.83
1625.1
1625.66
1625.93
1626.5
1626.77
1627.16
1627.43
1627.71
1628
1628.31
1628.61
1628.91
1629.21
1629.5
1629.8
1630.09
1630.39
1630.68
1630.98
1631.28
1631.58
1631.88
1632.18
1632.49
1632.79
1633.09
1633.4
1633.7
1634
1634.3
1634.6
1634.9
1635.2
1635.52
1635.87
1636.18
1636.48
1636.79
1637.09
1637.39
1637.69
1637.99
1638.28
1638.58
1638.88
1639.18
1639.48
1639.79
1640.09
1640.39
1640.69
1640.99
1641.29
1641.59
1641.88
1642.18
1642.47
1642.77
1643.07
1643.39
1643.7
1644
1644.3
1644.6
1644.89
1645.18
1645.47
1645.76
1646.05
1646.34
1646.63
1646.92
1647.21
1647.51
1647.8
1648.09
1648.38
1648.67
1648.96
1649.25
1649.53
1649.82
1650.11
1650.4
1650.72
1651.02
1651.32
1651.61
1651.9
1652.19
1652.48
1652.76
1653.05
1653.33
1653.62
1653.9
1654.19
1654.48
1654.77
1655.07
1655.36
1655.65
1655.94
1656.22
1656.51
1656.8
1657.08
1657.37
1657.66
1657.97
1658.3
1658.59
1658.89
1659.18
1659.47
1659.76
1660.05
1660.34
1660.63
1660.92
1661.21
1661.51
1661.8
1662.1
1662.4
1662.7
1662.99
1663.29
1663.59
1663.88
1664.17
1664.47
1664.76
1665.06
1665.37
1665.73
1666.03
1666.33
1666.63
1666.93
1667.23
1667.53
1667.83
1668.12
1668.42
1668.72
1669.02
1669.33
1669.63
1669.94
1670.24
1670.55
1670.86
1671.16
1671.47
1671.77
1672.08
1672.38
1672.69
1673
1673.32
1673.68
1673.99
1674.3
1674.61
1674.92
1675.23
1675.54
1675.85
1676.16
1676.47
1676.79
1677.1
1677.42
1677.73
1678.05
1678.37
1678.69
1679.01
1679.33
1679.65
1679.98
1680.3
1680.62
1680.94
1681.27
1681.6
1681.95
1682.28
1682.61
1682.94
1683.27
1683.6
1683.93
1684.26
1684.59
1684.92
1685.25
1685.59
1685.92
1686.26
1686.6
1686.95
1687.29
1687.63
1687.97
1688.31
1688.66
1689
1689.34
1689.69
1690.04
1690.4
1690.97
1691.53
1692.09
1692.64
1693.2
1693.75
1694.31
1694.87
1695.43
1696
1696.57
1697.15
1697.74
1698.35
1698.97
1699.61
1700.27
1700.96
1701.68
1702.43
1703.27
1704.08
1705.01
1705.89
1706.88
1707.83
1708.87
1709.87
1710.96
1711.99
1713.08
1714.11
1715.17
1716.16
1717.18
1718.12
1719.09
1719.98
1720.9
1721.75
1722.62
1723.44
1724.29
1725.07
1725.89
1726.65
1727.43
1728.16
1728.92
1729.63
1730.37
1731.07
1731.81
1732.51
1733.25
1733.95
1734.7
1735.4
1736.16
1736.88
1737.64
1738.36
1739.13
1739.84
1740.61
1741.32
1742.09
1742.81
1743.58
1744.3
1745.08
1745.81
1746.59
1747.32
1748.11
1748.85
1749.64
1750.38
1751.19
1751.93
1752.74
1753.48
1754.29
1755.04
1755.86
1756.6
1757.45
1758.19
1759.04
1759.78
1760.63
1761.38
1762.23
1762.97
1763.81
1764.55
1765.41
1766.15
1767.01
1767.77
1768.64
1769.38
1770.24
1770.96
1771.79
1772.48
1773.29
1773.96
1774.74
1775.39
1776.16
1776.8
1777.57
1778.2
1778.96
1779.59
1780.35
1780.97
1781.74
1782.36
1783.12
1783.74
1784.51
1785.13
1785.9
1786.53
1787.31
1787.95
1788.73
1789.36
1790.14
1790.77
1791.5
1792.14
1792.86
1793.27
1793.75
1794.17
1794.66
1795.21
1795.71
1796.21
1796.67
1797.21
1797.65
1798.24
1798.67
1799.24
1799.77
1800.37
1800.82
1801.37
1801.99
1802.5
1803.05
1803.66
1804.21
1804.81
1805.64
1806.15
1806.79
1807.51
1808.07
1808.71
1809.48
1810.09
1810.65
1811.39
1812.04
1812.56
1813.29
1813.77
1814.29
1815.04
1815.55
1816.03
1816.78
1817.26
1817.88
1818.38
1819.14
1819.62
1820.14
1820.75
1821.51
1821.99
1822.5
1822.98
1823.89
1824.33
1824.86
1825.3
1826.09
1826.64
1827.14
1827.56
1828.32
1828.72
1829.25
1829.64
1830.19
1830.7
1831.42
1831.79
1832.24
1832.6
1833.02
1833.69
1834.09
1834.48
1834.86
1835.22
1835.79
1836.12
1836.49
1836.87
1837.35
1837.67
1838.06
1838.39
1838.81
1839.15
1839.52
1839.88
1840.25
1840.6
1840.97
1841.31
1841.68
1842.01
1842.38
1842.71
1843.07
1843.39
1843.74
1844.06
1844.41
1844.73
1845.08
1845.38
1845.73
1846.03
1846.38
1846.68
1847.03
1847.33
1847.69
1847.98
1848.36
1848.65
1849.04
1849.33
1849.74
1850.03
1850.46
1850.75
1851.19
1851.48
1851.93
1852.22
1852.7
1852.98
1853.47
1853.76
1854.27
1854.55
1855.07
1855.36
1855.9
1856.18
1856.73
1857.02
1857.58
1857.87
1858.23
1858.51
1858.8
1859.12
1859.42
1859.74
1860.04
1860.37
1860.67
1860.99
1861.29
1861.61
1861.91
1862.24
1862.54
1862.86
1863.17
1863.49
1863.8
1864.12
1864.43
1864.75
1865.06
1865.38
1865.69
1866.02
1866.32
1866.65
1866.96
1867.29
1867.6
1867.93
1868.24
1868.57
1868.89
1869.22
1869.53
1869.87
1870.19
1870.52
1870.84
1871.18
1871.49
1871.83
1872.15
1872.49
1872.81
1873.15
1873.47
1873.81
1874.13
1874.48
1874.8
1875.14
1875.46
1875.81
1876.13
1876.48
1876.8
1877.15
1877.47
1877.82
1878.15
1878.49
1878.82
1879.17
1879.5
1879.85
1880.18
1880.53
1880.87
1881.22
1881.55
1881.91
1882.24
1882.6
1882.93
1883.29
1883.63
1883.99
1884.33
1884.69
1885.03
1885.39
1885.73
1886.1
1886.44
1886.81
1887.15
1887.52
1887.87
1888.23
1888.59
1888.96
1889.31
1889.68
1890.04
1890.41
1890.78
1891.15
1891.52
1891.88
1892.26
1892.63
1893.03
1893.37
1893.8
1894.14
1894.54
1894.89
1895.39
1895.71
1896.21
1896.56
1897.13
1897.45
1897.9
1898.37
1898.8
1899.13
1899.66
1899.99
1900.6
1900.9
1901.33
1902.2
1902.59
1902.89
1903.31
1904.2
1904.59
1904.89
1905.29
1905.73
1906.17
1906.55
1907.21
1907.55
1908.38
1908.68
1909.08
1909.6
1910.43
1910.73
1911.13
1911.46
1912.47
1912.78
1913.17
1913.5
1914.32
1914.82
1915.21
1915.54
1916.35
1916.66
1917.09
1917.41
1917.84
1918.16
1918.51
1918.88
1919.23
1919.56
1919.92
1920.25
1920.61
1920.94
1921.3
1921.62
1921.99
1922.32
1922.68
1923.02
1923.39
1923.72
1924.1
1924.44
1924.82
1925.16
1925.54
1925.89
1926.26
1926.61
1926.98
1927.32
1927.7
1928.05
1928.44
1928.83
1929.21
1929.56
1929.94
1930.28
1930.66
1931
1931.37
1931.7
1932.08
1932.41
1932.78
1933.12
1933.49
1933.82
1934.19
1934.52
1934.89
1935.22
1935.58
1935.9
1936.26
1936.58
1936.94
1937.27
1937.64
1937.98
1938.35
1938.67
1939.02
1939.34
1939.69
1940
1940.35
1940.65
1941
1941.31
1941.66
1941.96
1942.31
1942.62
1942.97
1943.27
1943.61
1943.92
1944.26
1944.55
1944.89
1945.19
1945.54
1945.85
1946.24
1946.54
1946.9
1947.2
1947.57
1947.87
1948.24
1948.53
1948.92
1949.21
1949.61
1949.91
1950.32
1950.62
1951.05
1951.35
1951.79
1952.09
1952.53
1952.83
1953.28
1953.58
1954.04
1954.34
1954.83
1955.17
1955.66
1955.96
1956.46
1956.76
1957.16
1957.46
1957.75
1958.05
1958.34
1958.65
1958.96
1959.27
1959.59
1959.9
1960.21
1960.53
1960.84
1961.15
1961.46
1961.77
1962.07
1962.38
1962.69
1963
1963.34
1963.66
1963.98
1964.29
1964.6
1964.9
1965.21
1965.51
1965.81
1966.11
1966.41
1966.71
1967.02
1967.32
1967.62
1967.92
1968.23
1968.52
1968.82
1969.12
1969.41
1969.7
1969.99
1970.28
1970.58
1970.89
1971.2
1971.5
1971.8
1972.09
1972.37
1972.66
1972.94
1973.22
1973.5
1973.79
1974.07
1974.35
1974.63
1974.92
1975.2
1975.48
1975.76
1976.04
1976.32
1976.6
1976.87
1977.14
1977.42
1977.69
1977.98
1978.32
1978.59
1979.12
1979.62
1980.12
1980.63
1981.14
1981.65
1982.17
1982.72
1983.56
1984.08
1984.66
1985.62
1986.16
1987.07
1987.72
1988.69
1989.34
1990.46
1991.24
1992.43
1993.3
1994.62
1995.57
1996.98
1997.94
1999.04
2000.09
2001.18
2002.18
2003.23
2004.19
2005.19
2006.11
2007.07
2008.02
2009.02
2009.94
2010.99
2011.96
2012.98
2013.93
2014.86
2015.68
2016.55
2017.36
2018.22
2019.01
2019.87
2020.67
2021.57
2022.48
2023.63
2024.87
2026
2027.12
2028.18
2029.23
2030.22
2031.22
2032.13
2033.01
2033.85
2034.65
2035.46
2036.23
2037.05
2037.89
2038.85
2039.75
2040.77
2041.69
2042.75
2043.73
2044.85
2045.9
2047.08
2048.2
2049.37
2050.5
2051.65
2052.75
2053.88
2054.94
2056.06
2057.06
2058.15
2059.12
2060.18
2061.12
2062.17
2063.12
2064.12
2065.05
2066.04
2066.96
2067.91
2068.79
2069.74
2070.58
2071.62
2072.49
2073.49
2074.43
2075.56
2076.6
2077.66
2078.91
2080.02
2081.15
2082.4
2083.61
2084.75
2085.99
2086.88
2087.89
2088.9
2090.05
2090.99
2092.16
2093.11
2094.17
2095.23
2096.4
2097.4
2098.63
2099.66
2100.92
2102.05
2103.27
2104.34
2105.6
2106.84
2107.91
2109.15
2110.56
2111.71
2112.94
2114.27
2115.49
2116.71
2118.02
2119.13
2120.37
2121.65
2122.68
2123.67
2124.91
2125.89
2126.77
2127.85
2128.78
2129.59
2130.47
2131.24
2132.32
2133.04
2133.75
2134.51
2135.49
2136.2
2136.84
2137.54
2138.52
2139.16
2139.8
2140.38
2141.28
2142.02
2142.62
2143.27
2144.18
2144.77
2145.53
2146.11
2146.82
2147.39
2148.03
2148.68
2149.53
2150.06
2150.59
2151.16
2151.7
2152.51
2153.14
2153.64
2154.13
2154.63
2155.4
2155.9
2156.37
2156.97
2157.43
2157.98
2158.43
2158.89
2159.55
2160.01
2160.45
2160.99
2161.43
2161.94
2162.38
2162.82
2163.38
2163.8
2164.29
2164.78
2165.26
2165.68
2166.17
2166.61
2167.1
2167.53
2168.01
2168.44
2168.92
2169.35
2169.84
2170.26
2170.72
2171.16
2171.62
2172.06
2172.52
2172.96
2173.42
2173.86
2174.32
2174.76
2175.21
2175.66
2176.11
2176.55
2176.99
2177.43
2177.88
2178.31
2178.76
2179.19
2179.64
2180.06
2180.5
2180.93
2181.37
2181.78
2182.22
2182.63
2183.07
2183.47
2183.9
2184.3
2184.73
2185.13
2185.55
2185.94
2186.35
2186.73
2187.14
2187.52
2187.93
2188.3
2188.7
2189.06
2189.46
2189.82
2190.2
2190.56
2190.94
2191.29
2191.67
2192.01
2192.38
2192.72
2193.09
2193.43
2193.79
2194.13
2194.49
2194.83
2195.19
2195.52
2195.88
2196.21
2196.57
2196.89
2197.25
2197.57
2197.93
2198.25
2198.61
2198.93
2199.28
2199.6
2199.95
2200.27
2200.63
2200.95
2201.3
2201.63
2201.98
2202.31
2202.68
2203
2203.37
2203.7
2204.07
2204.41
2204.77
2205.11
2205.47
2205.8
2206.18
2206.51
2206.91
2207.21
2207.56
2207.99
2208.31
2208.6
2209.01
2209.3
2209.72
2210
2210.64
2210.9
2211.21
2211.49
2211.93
2212.39
2212.7
2213
2213.34
2213.72
2214.21
2214.49
2215.16
2215.38
2216.07
2216.5
2217.15
2217.43
2218.03
2218.33
2219.15
2219.42
2220.01
2220.29
2220.95
2221.37
2222
2222.27
2222.84
2223.14
2223.95
2224.17
2224.77
2225.01
2225.62
2226.06
2226.63
2226.86
2227.42
2227.65
2228.18
2228.42
2228.99
2229.24
2229.55
2229.83
2230.14
2230.42
2230.73
2231.01
2231.33
2231.61
2231.93
2232.22
2232.55
2232.84
2233.18
2233.48
2233.82
2234.12
2234.46
2234.76
2235.1
2235.4
2235.73
2236.03
2236.37
2236.67
2237.03
2237.36
2237.7
2238
2238.33
2238.62
2238.94
2239.23
2239.54
2239.82
2240.13
2240.41
2240.72
2240.99
2241.3
2241.57
2241.88
2242.14
2242.44
2242.71
2243
2243.26
2243.55
2243.8
2244.09
2244.35
2244.67
2244.93
2245.23
2245.48
2245.76
2246.01
2246.29
2246.53
2246.8
2247.04
2247.32
2247.56
2247.84
2248.08
2248.38
2248.62
2248.93
2249.17
2249.5
2249.74
2250.09
2250.33
2250.7
2250.94
2251.34
2251.61
2252.04
2252.3
2252.74
2252.99
2253.45
2253.7
2254.17
2254.42
2254.91
2255.16
2255.68
2255.93
2256.46
2256.72
2257.26
2257.52
2258.08
2258.34
2258.7
2258.96
2259.22
2259.48
2259.75
2260.04
2260.34
2260.66
2260.95
2261.24
2261.53
2261.82
2262.1
2262.39
2262.67
2262.96
2263.24
2263.53
2263.82
2264.11
2264.4
2264.7
2264.99
2265.28
2265.58
2265.87
2266.16
2266.45
2266.74
2267.03
2267.32
2267.62
2267.95
2268.25
2268.55
2268.84
2269.14
2269.43
2269.72
2270.01
2270.29
2270.58
2270.87
2271.16
2271.45
2271.75
2272.04
2272.33
2272.63
2272.92
2273.21
2273.49
2273.78
2274.06
2274.35
2274.64
2274.93
2275.24
2275.54
2275.84
2276.13
2276.42
2276.7
2276.98
2277.26
2277.55
2277.83
2278.11
2278.39
2278.68
2278.96
2279.25
2279.53
2279.82
2280.11
2280.39
2280.67
2280.96
2281.24
2281.52
2281.8
2282.09
2282.39
2282.71
2283
2283.29
2283.58
2283.86
2284.15
2284.43
2284.71
2284.99
2285.28
2285.56
2285.85
2286.14
2286.43
2286.72
2287.01
2287.31
2287.6
2287.89
2288.18
2288.47
2288.76
2289.05
2289.34
2289.64
2289.99
2290.29
2290.58
2290.88
2291.18
2291.47
2291.77
2292.06
2292.35
2292.65
2292.95
2293.25
2293.54
2293.85
2294.15
2294.45
2294.75
2295.06
2295.36
2295.66
2295.96
2296.26
2296.55
2296.86
2297.16
2297.49
2297.81
2298.13
2298.43
2298.74
2299.05
2299.35
2299.66
2299.96
2300.26
2300.57
2300.88
2301.19
2301.5
2301.81
2302.13
2302.44
2302.75
2303.07
2303.38
2303.69
2304
2304.31
2304.62
2304.94
2305.28
2305.61
2305.93
2306.26
2306.58
2306.89
2307.21
2307.52
2307.84
2308.15
2308.47
2308.79
2309.11
2309.43
2309.76
2310.08
2310.41
2310.73
2311.06
2311.38
2311.7
2312.03
2312.35
2312.67
2313
2313.34
2313.72
2314.05
2314.38
2314.71
2315.04
2315.37
2315.7
2316.03
2316.36
2316.69
2317.02
2317.35
2317.68
2318.02
2318.36
2318.69
2319.03
2319.37
2319.71
2320.05
2320.39
2320.73
2321.07
2321.41
2321.75
2322.09
2322.47
2322.82
2323.16
2323.51
2323.86
2324.2
2324.55
2324.89
2325.23
2325.58
2325.93
2326.28
2326.63
2326.98
2327.33
2327.68
2328.04
2328.39
2328.75
2329.1
2329.66
2330.21
2330.76
2331.32
2331.88
2332.44
2333.01
2333.58
2334.15
2334.73
2335.31
2335.89
2336.49
2337.09
2337.71
2338.34
2338.98
2339.64
2340.31
2341.01
2341.73
2342.47
2343.23
2344
2344.84
2345.65
2346.54
2347.38
2348.3
2349.16
2350.11
2351
2351.93
2352.8
2353.71
2354.54
2355.41
2356.22
2357.08
2357.87
2358.69
2359.46
2360.25
2360.99
2361.75
2362.46
2363.2
2363.89
2364.61
2365.28
2365.99
2366.65
2367.36
2368.02
2368.73
2369.4
2370.11
2370.78
2371.5
2372.17
2372.9
2373.58
2374.31
2374.99
2375.72
2376.41
2377.15
2377.84
2378.58
2379.28
2380.04
2380.74
2381.51
2382.22
2383
2383.72
2384.51
2385.23
2386.03
2386.76
2387.56
2388.29
2389.1
2389.83
2390.64
2391.37
2392.2
2392.93
2393.76
2394.48
2395.31
2396.03
2396.85
2397.57
2398.4
2399.11
2399.94
2400.66
2401.5
2402.22
2403.06
2403.78
2404.64
2405.38
2406.25
2407
2407.87
2408.6
2409.46
2410.17
2410.99
2411.67
2412.48
2413.14
2413.92
2414.56
2415.34
2415.97
2416.74
2417.37
2418.13
2418.75
2419.51
2420.12
2420.88
2421.49
2422.24
2422.85
2423.61
2424.22
2424.98
2425.6
2426.37
2426.99
2427.76
2428.38
2429.15
2429.77
2430.53
2431.15
2431.68
2432.05
2432.59
2432.98
2433.7
2434.11
2434.69
2435.2
2435.77
2436.2
2436.8
2437.25
2437.86
2438.41
2438.93
2439.39
2440.13
2440.59
2441.1
2441.81
2442.33
2442.8
2443.63
2444.18
2444.74
2445.59
2446.15
2446.68
2447.58
2448.11
2448.66
2449.4
2449.97
2450.62
2451.26
2451.73
2452.46
2452.93
2453.46
2453.96
2454.75
2455.22
2455.72
2456.32
2457.06
2457.52
2458.01
2458.49
2459.27
2459.74
2460.38
2460.83
2461.62
2462.06
2462.58
2463.04
2463.74
2464.17
2464.78
2465.24
2466.01
2466.42
2466.92
2467.39
2467.89
2468.56
2469.05
2469.46
2469.88
2470.34
2470.84
2471.24
2471.67
2472.15
2472.56
2472.95
2473.41
2473.78
2474.19
2474.58
2474.98
2475.36
2475.75
2476.12
2476.5
2476.86
2477.24
2477.59
2477.96
2478.31
2478.68
2479.02
2479.38
2479.72
2480.08
2480.41
2480.77
2481.1
2481.46
2481.79
2482.16
2482.48
2482.86
2483.18
2483.58
2483.9
2484.32
2484.63
2485.06
2485.37
2485.82
2486.13
2486.6
2486.91
2487.4
2487.71
2488.21
2488.52
2489.05
2489.35
2489.89
2490.2
2490.76
2491.06
2491.64
2491.94
2492.53
2492.83
2493.17
2493.49
2493.84
2494.15
2494.5
2494.81
2495.16
2495.48
2495.83
2496.15
2496.5
2496.82
2497.17
2497.49
2497.84
2498.16
2498.52
2498.84
2499.19
2499.51
2499.87
2500.19
2500.55
2500.87
2501.23
2501.55
2501.91
2502.23
2502.59
2502.91
2503.27
2503.59
2503.95
2504.27
2504.63
2504.96
2505.32
2505.64
2506
2506.33
2506.69
2507.01
2507.37
2507.7
2508.06
2508.39
2508.76
2509.09
2509.45
2509.78
2510.15
2510.48
2510.84
2511.18
2511.54
2511.88
2512.24
2512.58
2512.94
2513.28
2513.65
2513.99
2514.35
2514.7
2515.06
2515.4
2515.77
2516.11
2516.48
2516.82
2517.19
2517.54
2517.9
2518.25
2518.62
2518.96
2519.33
2519.68
2520.05
2520.4
2520.77
2521.11
2521.49
2521.84
2522.21
2522.56
2522.93
2523.28
2523.66
2524.01
2524.38
2524.73
2525.11
2525.46
2525.84
2526.2
2526.57
2526.92
2527.31
2527.66
2528.04
2528.4
2528.77
2529.14
2529.52
2529.89
2530.26
2530.64
2531.02
2531.39
2531.77
2532.14
2532.59
2532.98
2533.42
2533.81
2534.25
2534.65
2535.09
2535.49
2535.92
2536.33
2536.76
2537.18
2537.6
2538.05
2538.45
2538.9
2539.31
2539.76
2540.17
2540.64
2541.05
2541.49
2541.93
2542.42
2542.82
2543.23
2543.75
2544.13
2544.63
2545.02
2545.58
2545.95
2546.41
2546.84
2547.35
2547.83
2548.22
2548.74
2549.12
2549.68
2550.2
2550.56
2550.94
2551.47
2552.02
2552.42
2552.93
2553.3
2553.69
2554.23
2554.62
2555.08
2555.57
2556.04
2556.43
2556.91
2557.31
2557.76
2558.32
2558.76
2559.13
2559.55
2559.98
2560.4
2560.8
2561.22
2561.6
2561.94
2562.32
2562.66
2563.03
2563.37
2563.74
2564.08
2564.46
2564.8
2565.17
2565.51
2565.89
2566.23
2566.61
2566.96
2567.34
2567.69
2568.07
2568.42
2568.81
2569.16
2569.55
2569.9
2570.28
2570.63
2571.01
2571.36
2571.74
2572.09
2572.49
2572.86
2573.25
2573.59
2573.98
2574.32
2574.69
2575.03
2575.4
2575.74
2576.11
2576.44
2576.81
2577.15
2577.52
2577.85
2578.22
2578.55
2578.91
2579.23
2579.59
2579.91
2580.27
2580.59
2580.95
2581.28
2581.66
2581.98
2582.34
2582.65
2583
2583.31
2583.65
2583.96
2584.3
2584.61
2584.95
2585.25
2585.59
2585.9
2586.24
2586.54
2586.88
2587.18
2587.52
2587.81
2588.15
2588.44
2588.78
2589.08
2589.42
2589.76
2590.09
2590.39
2590.73
2591.03
2591.36
2591.65
2592
2592.29
2592.64
2592.93
2593.29
2593.58
2593.95
2594.25
2594.63
2594.92
2595.31
2595.6
2596
2596.28
2596.69
2596.98
2597.4
2597.69
2598.15
2598.45
2598.89
2599.19
2599.5
2599.8
2600.09
2600.39
2600.69
2600.99
2601.29
2601.6
2601.9
2602.2
2602.51
2602.81
2603.11
2603.42
2603.72
2604.02
2604.32
2604.62
2604.92
2605.21
2605.52
2605.85
2606.16
2606.47
2606.77
2607.07
2607.37
2607.67
2607.96
2608.25
2608.55
2608.84
2609.13
2609.42
2609.72
2610.01
2610.31
2610.86
2611.38
2611.93
2612.77
2613.3
2613.85
2614.71
2615.25
2616.15
2616.68
2617.69
2618.24
2619.16
2619.85
2620.85
2621.85
2622.51
2623.58
2624.74
2625.49
2626.72
2627.57
2628.85
2629.69
2630.58
2631.44
2632.33
2633.18
2634.05
2634.87
2635.72
2636.53
2637.42
2638.28
2639.16
2640.01
2640.96
2641.87
2642.81
2643.71
2644.56
2645.37
2646.14
2646.87
2647.64
2648.37
2649.17
2649.99
2650.99
2652.04
2653
2653.92
2654.81
2655.67
2656.54
2657.36
2658.2
2658.99
2659.81
2660.58
2661.37
2662.1
2662.87
2663.65
2664.74
2665.49
2666.53
2667.32
2668.6
2669.35
2670.29
2671.47
2672.4
2673.4
2674.53
2675.55
2676.71
2677.78
2678.96
2680.06
2681.26
2682.33
2683.52
2684.55
2685.58
2686.53
2687.54
2688.46
2689.56
2690.41
2691.42
2692.55
2693.59
2694.7
2695.89
2697.06
2698.3
2699.59
2700.86
2702.04
2703.36
2704.6
2705.94
2707.16
2708.49
2709.85
2711.17
2712.55
2713.92
2715.37
2716.78
2718.14
2719.54
2721.02
2722.4
2723.77
2725.22
2726.41
2727.66
2728.92
2730.32
2731.51
2732.85
2734.13
2735.43
2736.69
2738.09
2739.31
2740.75
2742.09
2743.46
2744.81
2746.16
2747.52
2749.02
2750.33
2751.52
2753.19
2754.47
2755.81
2757.29
2758.72
2759.89
2761.36
2762.52
2763.9
2765.26
2766.39
2767.48
2768.92
2769.9
2770.85
2772.01
2773.03
2773.91
2775.01
2775.85
2776.78
2777.63
2778.65
2779.43
2780.3
2781.1
2782.08
2782.83
2783.56
2784.33
2785.42
2786.16
2786.9
2787.61
2788.66
2789.46
2790.19
2791.13
2792.16
2792.96
2793.7
2794.49
2795.63
2796.39
2797.08
2797.78
2798.56
2799.41
2800.37
2801.04
2801.71
2802.38
2803.21
2804.16
2804.81
2805.46
2806.12
2806.94
2807.89
2808.53
2809.16
2809.8
2810.59
2811.28
2811.92
2812.77
2813.39
2814.08
2814.71
2815.35
2816.22
2816.84
2817.5
2818.15
2818.81
2819.49
2820.16
2820.84
2821.52
2822.17
2822.86
2823.51
2824.21
2824.86
2825.52
2826.22
2826.88
2827.53
2828.23
2828.87
2829.54
2830.2
2830.86
2831.53
2832.18
2832.84
2833.5
2834.15
2834.79
2835.44
2836.08
2836.71
2837.35
2837.98
2838.61
2839.23
2839.85
2840.45
2841.07
2841.66
2842.27
2842.85
2843.44
2844.01
2844.59
2845.14
2845.71
2846.26
2846.81
2847.34
2847.88
2848.4
2848.93
2849.46
2849.95
2850.47
2850.95
2851.45
2851.92
2852.42
2852.88
2853.37
2853.85
2854.3
2854.77
2855.21
2855.68
2856.11
2856.57
2856.99
2857.43
2857.85
2858.29
2858.7
2859.13
2859.53
2859.96
2860.35
2860.78
2861.2
2861.58
2862.02
2862.38
2862.8
2863.21
2863.59
2863.98
2864.58
2864.96
2865.33
2865.68
2866.41
2866.75
2867.18
2867.59
2867.98
2868.32
2869.09
2869.41
2869.79
2870.48
2870.85
2871.16
2871.97
2872.22
2872.59
2873.38
2873.74
2874.06
2874.77
2875.17
2875.5
2876.24
2876.72
2876.96
2877.7
2878.16
2878.45
2879.11
2879.44
2879.67
2880.61
2880.87
2881.17
2881.83
2882.19
2882.61
2883.36
2883.62
2883.94
2884.6
2885.13
2885.4
2886.14
2886.4
2886.76
2887.6
2887.96
2888.23
2888.7
2888.96
2889.35
2889.64
2890.04
2890.28
2890.74
2891.03
2891.43
2891.66
2892.07
2892.31
2892.69
2892.93
2893.29
2893.54
2893.88
2894.13
2894.47
2894.72
2895.05
2895.31
2895.64
2895.9
2896.23
2896.49
2896.81
2897.08
2897.4
2897.67
2897.98
2898.25
2898.57
2898.87
2899.22
2899.5
2899.82
2900.1
2900.41
2900.68
2900.99
2901.26
2901.56
2901.83
2902.14
2902.4
2902.7
2902.97
2903.27
2903.54
2903.84
2904.1
2904.39
2904.65
2904.94
2905.19
2905.49
2905.74
2906.04
2906.36
2906.65
2906.9
2907.19
2907.44
2907.72
2907.96
2908.24
2908.48
2908.75
2908.99
2909.27
2909.5
2909.78
2910.02
2910.29
2910.52
2910.8
2911.03
2911.31
2911.54
2911.83
2912.06
2912.36
2912.59
2912.91
2913.17
2913.51
2913.75
2914.1
2914.33
2914.69
2914.93
2915.31
2915.54
2915.93
2916.17
2916.58
2916.82
2917.25
2917.49
2917.93
2918.18
2918.63
2918.87
2919.33
2919.58
2920.05
2920.29
2920.78
2921.04
2921.57
2921.83
2922.33
2922.58
2923.09
2923.34
2923.85
2924.1
2924.61
2924.86
2925.38
2925.64
2926.16
2926.42
2926.95
2927.2
2927.73
2927.99
2928.52
2928.77
2929.3
2929.56
2930.09
2930.35
2930.88
2931.16
2931.71
2931.98
2932.52
2932.78
2933.32
2933.58
2934.11
2934.37
2934.9
2935.16
2935.7
2935.96
2936.5
2936.77
2937.3
2937.57
2938.1
2938.37
2938.89
2939.16
2939.68
2939.95
2940.47
2940.74
2941.29
2941.58
2942.1
2942.38
2942.89
2943.17
2943.67
2943.94
2944.45
2944.72
2945.22
2945.49
2945.99
2946.26
2946.76
2947.03
2947.52
2947.8
2948.28
2948.55
2949.02
2949.29
2949.75
2950.03
2950.49
2950.78
2951.27
2951.55
2952
2952.27
2952.71
2952.98
2953.4
2953.68
2954.09
2954.37
2954.77
2955.05
2955.45
2955.73
2956.12
2956.4
2956.78
2957.06
2957.43
2957.71
2958.07
2958.35
2958.7
2958.99
2959.34
2959.66
2960.02
2960.32
2960.66
2960.96
2961.3
2961.59
2961.93
2962.22
2962.56
2962.85
2963.2
2963.5
2963.84
2964.14
2964.49
2964.79
2965.14
2965.44
2965.79
2966.09
2966.43
2966.73
2967.08
2967.39
2967.78
2968.1
2968.46
2968.77
2969.12
2969.44
2969.79
2970.1
2970.45
2970.76
2971.11
2971.43
2971.78
2972.1
2972.46
2972.79
2973.15
2973.47
2973.83
2974.15
2974.51
2974.83
2975.19
2975.51
2975.88
2976.22
2976.63
2976.96
2977.32
2977.65
2978.02
2978.35
2978.71
2979.04
2979.4
2979.73
2980.1
2980.43
2980.8
2981.13
2981.51
2981.84
2982.22
2982.55
2982.92
2983.26
2983.63
2983.96
2984.34
2984.67
2985.05
2985.42
2985.8
2986.15
2986.53
2986.87
2987.25
2987.58
2987.96
2988.3
2988.67
2989.01
2989.39
2989.73
2990.12
2990.46
2990.85
2991.19
2991.58
2991.92
2992.31
2992.65
2993.03
2993.38
2993.76
2994.11
2994.5
2994.91
2995.3
2995.65
2996.03
2996.38
2996.76
2997.11
2997.5
2997.84
2998.23
2998.58
2998.96
2999.32
2999.71
3000.06
3000.45
3000.81
3001.2
3001.55
3001.94
3002.3
3002.69
3003.04
3003.43
3003.79
3004.18
3004.56
3004.96
3005.32
3005.72
3006.07
3006.47
3006.82
3007.22
3007.57
3007.97
3008.33
3008.73
3009.09
3009.49
3009.85
3010.26
3010.62
3011.02
3011.39
3011.79
3012.15
3012.55
3012.91
3013.31
3013.68
3014.1
3014.48
3014.89
3015.26
3015.67
3016.04
3016.44
3016.81
3017.21
3017.58
3017.98
3018.35
3018.76
3019.14
3019.55
3019.93
3020.81
3021.36
3021.91
3022.47
3023.02
3023.59
3024.15
3024.72
3025.29
3025.87
3026.45
3027.04
3027.64
3028.25
3028.87
3029.51
3030.17
3030.84
3031.53
3032.24
3032.97
3033.72
3034.49
3035.27
3036.08
3036.9
3037.73
3038.58
3039.46
3040.31
3041.22
3042.07
3042.98
3043.83
3044.73
3045.57
3046.44
3047.25
3048.09
3048.87
3049.68
3050.44
3051.23
3051.96
3052.72
3053.43
3054.18
3054.87
3055.6
3056.28
3057
3057.67
3058.38
3059.05
3059.77
3060.44
3061.16
3061.84
3062.56
3063.24
3063.98
3064.67
3065.41
3066.11
3066.86
3067.56
3068.33
3069.04
3069.82
3070.55
3071.33
3072.08
3072.88
3073.63
3074.44
3075.2
3076.02
3076.78
3077.6
3078.36
3079.19
3079.95
3080.8
3081.56
3082.41
3083.16
3084.01
3084.75
3085.59
3086.33
3087.16
3087.89
3088.72
3089.45
3090.28
3091
3091.83
3092.56
3093.4
3094.12
3094.96
3095.69
3096.53
3097.26
3098.12
3098.87
3099.74
3100.5
3101.38
3102.13
3102.99
3103.72
3104.56
3105.25
3106.06
3106.74
3107.53
3108.18
3108.96
3109.61
3110.38
3111.02
3111.79
3112.42
3113.19
3113.82
3114.59
3115.22
3115.99
3116.62
3117.39
3118.02
3118.8
3119.43
3120.2
3120.84
3121.62
3122.25
3123.01
3123.63
3124.39
3125.01
3125.53
3125.9
3126.46
3126.84
3127.45
3127.99
3128.56
3129.05
3129.61
3130.03
3130.7
3131.12
3131.61
3132.28
3132.76
3133.22
3133.96
3134.41
3134.92
3135.64
3136.14
3136.63
3137.46
3138.02
3138.59
3139.43
3140.01
3140.57
3141.45
3142.01
3142.59
3143.4
3143.97
3144.53
3145.25
3145.76
3146.29
3147.04
3147.57
3148.12
3148.66
3149.39
3149.92
3150.41
3150.97
3151.69
3152.33
3152.81
3153.33
3154.06
3154.58
3155.08
3155.61
3156.39
3157.02
3157.52
3158
3158.72
3159.19
3159.7
3160.23
3160.91
3161.39
3161.94
3162.4
3163.01
3163.46
3163.97
3164.44
3164.94
3165.47
3165.92
3166.37
3166.95
3167.37
3167.77
3168.21
3168.65
3169.09
3169.51
3169.94
3170.36
3170.78
3171.17
3171.59
3171.98
3172.39
3172.77
3173.17
3173.54
3173.94
3174.3
3174.7
3175.05
3175.45
3175.8
3176.19
3176.53
3176.92
3177.26
3177.64
3177.98
3178.35
3178.69
3179.07
3179.4
3179.78
3180.11
3180.51
3180.84
3181.25
3181.57
3182
3182.32
3182.77
3183.09
3183.55
3183.87
3184.35
3184.67
3185.16
3185.48
3186
3186.31
3186.84
3187.16
3187.71
3188.02
3188.59
3188.9
3189.48
3189.79
3190.39
3190.7
3191.07
3191.39
3191.74
3192.07
3192.44
3192.76
3193.11
3193.45
3193.81
3194.13
3194.5
3194.83
3195.19
3195.52
3195.89
3196.22
3196.58
3196.91
3197.29
3197.61
3197.98
3198.31
3198.69
3199.01
3199.39
3199.72
3200.09
3200.42
3200.79
3201.12
3201.5
3201.83
3202.2
3202.53
3202.91
3203.24
3203.62
3203.95
3204.33
3204.66
3205.04
3205.38
3205.76
3206.1
3206.48
3206.82
3207.2
3207.54
3207.92
3208.26
3208.64
3208.99
3209.37
3209.72
3210.1
3210.44
3210.82
3211.17
3211.55
3211.91
3212.29
3212.64
3213.02
3213.37
3213.75
3214.11
3214.49
3214.84
3215.22
3215.58
3215.96
3216.31
3216.7
3217.05
3217.43
3217.79
3218.17
3218.53
3218.91
3219.27
3219.65
3220.01
3220.39
3220.75
3221.13
3221.49
3221.88
3222.23
3222.62
3222.98
3223.36
3223.72
3224.11
3224.47
3224.85
3225.21
3225.6
3225.96
3226.35
3226.71
3227.1
3227.47
3227.85
3228.22
3228.69
3229.06
3229.52
3229.9
3230.35
3230.73
3231.18
3231.57
3232.01
3232.41
3232.85
3233.24
3233.68
3234.09
3234.53
3234.94
3235.38
3235.79
3236.23
3236.65
3237.09
3237.52
3237.96
3238.4
3238.83
3239.29
3239.71
3240.18
3240.6
3241.08
3241.5
3241.98
3242.4
3242.88
3243.32
3243.8
3244.24
3244.72
3245.15
3245.64
3246.09
3246.58
3247.01
3247.5
3247.97
3248.45
3248.86
3249.44
3249.84
3250.32
3250.75
3251.26
3251.7
3252.2
3252.72
3253.2
3253.6
3254.08
3254.53
3255.01
3255.54
3256.01
3256.41
3256.88
3257.31
3257.79
3258.29
3258.73
3259.14
3259.62
3260.04
3260.56
3260.98
3261.42
3261.84
3262.31
3262.77
3263.15
3263.61
3264.05
3264.5
3264.87
3265.32
3265.68
3266.07
3266.41
3266.81
3267.16
3267.54
3267.9
3268.29
3268.65
3269.04
3269.39
3269.79
3270.14
3270.54
3270.89
3271.29
3271.65
3272.05
3272.41
3272.81
3273.18
3273.58
3273.94
3274.33
3274.69
3275.09
3275.44
3275.84
3276.19
3276.59
3276.97
3277.37
3277.73
3278.12
3278.47
3278.86
3279.21
3279.59
3279.93
3280.31
3280.65
3281.03
3281.37
3281.75
3282.09
3282.47
3282.8
3283.17
3283.5
3283.87
3284.2
3284.56
3284.88
3285.25
3285.58
3285.98
3286.3
3286.67
3286.99
3287.34
3287.65
3288
3288.31
3288.66
3288.97
3289.31
3289.62
3289.96
3290.27
3290.62
3290.92
3291.27
3291.57
3291.91
3292.21
3292.55
3292.85
3293.18
3293.48
3293.83
3294.15
3294.5
3294.81
3295.14
3295.44
3295.77
3296.07
3296.4
3296.69
3297.01
3297.3
3297.64
3297.93
3298.27
3298.56
3298.9
3299.2
3299.54
3299.83
3300.18
3300.47
3300.83
3301.11
3301.48
3301.78
3302.18
3302.48
3302.87
3303.17
3303.56
3303.85
3304.25
3304.53
3304.84
3305.13
3305.42
3305.72
3306.02
3306.32
3306.62
3306.93
3307.23
3307.53
3307.83
3308.13
3308.42
3308.72
3309.01
3309.31
3309.61
3309.93
3310.51
3311.03
3311.55
3312.08
3312.62
3313.22
3314.08
3314.62
3315.61
3316.17
3317.07
3317.99
3318.65
3319.61
3320.59
3321.44
3322.49
3323.6
3324.52
3325.72
3326.88
3327.77
3329.12
3330.02
3330.97
3331.89
3332.84
3333.75
3334.67
3335.53
3336.43
3337.27
3338.2
3339.09
3340.01
3340.89
3341.88
3342.84
3343.83
3344.78
3345.76
3346.62
3347.43
3348.2
3349.01
3349.79
3350.64
3351.56
3352.72
3353.81
3354.86
3355.83
3356.79
3357.67
3358.54
3359.35
3360.16
3360.92
3361.71
3362.46
3363.24
3363.98
3364.76
3365.49
3366.25
3366.97
3367.76
3368.78
3369.62
3370.94
3371.72
3372.57
3374
3374.79
3375.76
3377.24
3378.19
3379.18
3380.57
3381.59
3382.84
3383.95
3385.27
3386.31
3387.44
3388.51
3389.62
3390.64
3391.73
3392.69
3393.69
3394.56
3395.59
3396.47
3397.49
3398.49
3399.6
3400.97
3402.07
3403.15
3404.41
3405.57
3407.16
3408.34
3409.64
3410.81
3412.16
3413.86
3415.17
3416.52
3418
3419.36
3420.94
3422.45
3423.82
3425.36
3426.91
3428.33
3429.62
3431.15
3432.52
3433.82
3435.15
3436.79
3437.96
3439.38
3440.59
3442.46
3443.77
3445.13
3446.32
3448
3449.32
3450.87
3452.22
3454.17
3455.42
3456.75
3458.29
3459.97
3461.26
3462.87
3464.34
3465.7
3467.25
3468.56
3469.9
3471.37
3472.56
3473.8
3475.08
3476.1
3477.1
3478.42
3479.35
3480.25
3481.37
3482.34
3483.16
3484.07
3484.88
3486.05
3486.86
3487.61
3488.44
3489.59
3490.38
3491.11
3491.91
3493.09
3493.88
3494.61
3495.39
3496.51
3497.26
3498.09
3499.05
3500.22
3501.05
3501.92
3502.87
3504
3504.8
3505.61
3506.55
3507.42
3508.2
3509.26
3510.04
3510.94
3511.68
3512.46
3513.52
3514.29
3515.2
3515.95
3516.71
3517.78
3518.53
3519.43
3520.17
3520.92
3521.74
3522.5
3523.59
3524.32
3525.06
3525.81
3526.63
3527.56
3528.38
3529.14
3529.92
3530.71
3531.56
3532.34
3533.18
3533.96
3534.92
3535.7
3536.5
3537.29
3538.09
3538.91
3539.79
3540.6
3541.4
3542.24
3543.07
3543.91
3544.73
3545.58
3546.4
3547.25
3548.06
3548.91
3549.72
3550.56
3551.36
3552.19
3552.99
3553.82
3554.61
3555.42
3556.21
3557.01
3557.78
3558.57
3559.33
3560.11
3560.86
3561.62
3562.35
3563.09
3563.81
3564.54
3565.24
3565.95
3566.63
3567.33
3567.99
3568.67
3569.32
3569.99
3570.63
3571.28
3571.9
3572.53
3573.14
3573.76
3574.35
3574.95
3575.52
3576.11
3576.67
3577.25
3577.81
3578.34
3578.9
3579.42
3579.97
3580.49
3581.12
3581.61
3582.07
3582.56
3583.34
3583.77
3584.55
3584.98
3585.75
3586.17
3586.95
3587.34
3587.89
3588.29
3588.8
3589.21
3589.99
3590.36
3590.96
3591.35
3591.78
3592.53
3592.99
3593.33
3594.16
3594.56
3594.97
3595.68
3596.18
3596.47
3597.25
3597.64
3598.01
3598.71
3599.19
3599.45
3600.25
3600.74
3601.06
3601.75
3602.09
3602.37
3603.2
3603.47
3603.81
3604.53
3604.85
3605.2
3606.13
3606.61
3607.09
3607.81
3608.13
3608.44
3609.24
3609.47
3609.85
3610.08
3610.45
3610.68
3611.04
3611.26
3611.6
3611.82
3612.13
3612.35
3612.65
3612.87
3613.15
3613.37
3613.66
3613.87
3614.16
3614.37
3614.67
3614.89
3615.18
3615.41
3615.72
3615.95
3616.26
3616.5
3616.81
3617.05
3617.37
3617.61
3617.94
3618.19
3618.54
3618.85
3619.21
3619.48
3619.84
3620.12
3620.5
3620.78
3621.15
3621.44
3621.81
3622.1
3622.47
3622.75
3623.12
3623.4
3623.75
3624.03
3624.37
3624.65
3624.98
3625.26
3625.58
3625.86
3626.18
3626.46
3626.79
3627.11
3627.43
3627.7
3628.02
3628.29
3628.59
3628.86
3629.16
3629.42
3629.73
3629.99
3630.3
3630.56
3630.88
3631.14
3631.47
3631.73
3632.07
3632.32
3632.67
3632.92
3633.27
3633.53
3633.9
3634.16
3634.57
3634.84
3635.25
3635.51
3635.93
3636.19
3636.62
3636.88
3637.33
3637.59
3638.06
3638.32
3638.81
3639.08
3639.58
3639.85
3640.37
3640.63
3641.16
3641.43
3641.97
3642.24
3642.79
3643.06
3643.63
3643.94
3644.52
3644.8
3645.38
3645.66
3646.08
3646.35
3646.62
3646.9
3647.24
3647.52
3647.82
3648.14
3648.44
3648.84
3649.12
3649.39
3649.72
3650.01
3650.41
3650.68
3650.95
3651.26
3651.56
3651.89
3652.19
3652.55
3652.83
3653.13
3653.42
3653.71
3654
3654.28
3654.56
3654.83
3655.12
3655.39
3655.67
3655.94
3656.22
3656.49
3656.77
3657.03
3657.31
3657.57
3657.84
3658.09
3658.37
3658.62
3658.89
3659.16
3659.48
3659.74
3660.01
3660.27
3660.54
3660.79
3661.05
3661.32
3661.57
3661.82
3662.11
3662.36
3662.69
3662.95
3663.27
3663.53
3663.84
3664.1
3664.41
3664.67
3664.98
3665.24
3665.55
3665.81
3666.12
3666.4
3666.73
3667
3667.31
3667.58
3667.89
3668.15
3668.46
3668.72
3669.03
3669.3
3669.61
3669.88
3670.19
3670.47
3670.78
3671.06
3671.37
3671.65
3671.96
3672.24
3672.55
3672.82
3673.14
3673.42
3673.76
3674.07
3674.39
3674.68
3675
3675.28
3675.6
3675.88
3676.2
3676.49
3676.81
3677.09
3677.42
3677.71
3678.04
3678.33
3678.67
3678.96
3679.29
3679.58
3679.91
3680.2
3680.53
3680.83
3681.16
3681.47
3681.87
3682.17
3682.51
3682.81
3683.15
3683.45
3683.79
3684.09
3684.43
3684.73
3685.08
3685.38
3685.73
3686.04
3686.39
3686.7
3687.05
3687.36
3687.71
3688.03
3688.38
3688.69
3689.04
3689.36
3689.71
3690.04
3690.42
3690.75
3691.11
3691.44
3691.8
3692.12
3692.48
3692.8
3693.16
3693.49
3693.85
3694.18
3694.55
3694.89
3695.26
3695.59
3695.97
3696.3
3696.67
3697.01
3697.38
3697.71
3698.09
3698.43
3698.83
3699.19
3699.58
3699.92
3700.31
3700.65
3701.03
3701.37
3701.75
3702.1
3702.48
3702.83
3703.22
3703.57
3703.96
3704.31
3704.71
3705.06
3705.45
3705.81
3706.2
3706.55
3706.94
3707.3
3707.69
3708.06
3708.52
3708.88
3709.28
3709.64
3710.04
3710.4
3710.8
3711.16
3711.56
3711.92
3712.32
3712.68
3713.09
3713.45
3713.86
3714.23
3714.64
3715.01
3715.42
3715.79
3716.19
3716.56
3716.97
3717.34
3717.75
3718.13
3718.58
3718.95
3719.37
3719.74
3720.16
3720.53
3720.94
3721.31
3721.73
3722.1
3722.51
3722.89
3723.31
3723.69
3724.11
3724.49
3724.91
3725.29
3725.71
3726.09
3726.51
3726.89
3727.31
3727.69
3728.11
3728.5
3728.95
3729.33
3729.76
3730.14
3730.56
3730.95
3731.37
3731.75
3732.17
3732.55
3732.97
3733.36
3733.78
3734.17
3734.6
3734.99
3735.42
3735.81
3736.23
3736.62
3737.04
3737.43
3737.85
3738.24
3738.67
3739.09
3739.52
3739.92
3740.35
3740.74
3741.16
3741.55
3741.97
3742.36
3742.79
3743.18
3743.61
3744
3744.43
3744.82
3745.26
3745.65
3746.08
3746.48
3746.91
3747.3
3748.18
3748.75
3749.31
3749.88
3750.45
3751.02
3751.59
3752.17
3752.75
3753.32
3753.9
3754.48
3755.07
3755.67
3756.27
3756.88
3757.51
3758.14
3758.78
3759.44
3760.11
3760.8
3761.5
3762.21
3762.93
3763.66
3764.41
3765.16
3765.93
3766.71
3767.49
3768.3
3769.11
3769.92
3770.72
3771.5
3772.28
3773.05
3773.81
3774.55
3775.29
3776.02
3776.74
3777.45
3778.15
3778.84
3779.52
3780.2
3780.87
3781.54
3782.21
3782.88
3783.54
3784.21
3784.87
3785.54
3786.21
3786.88
3787.55
3788.23
3788.91
3789.6
3790.28
3790.98
3791.67
3792.38
3793.08
3793.8
3794.51
3795.24
3795.96
3796.71
3797.44
3798.2
3798.94
3799.71
3800.47
3801.24
3802
3802.78
3803.55
3804.33
3805.1
3805.88
3806.65
3807.43
3808.23
3809.01
3809.79
3810.57
3811.35
3812.12
3812.9
3813.67
3814.44
3815.21
3815.98
3816.75
3817.53
3818.3
3819.08
3819.87
3820.66
3821.45
3822.25
3823.05
3823.86
3824.68
3825.5
3826.33
3827.17
3828.01
3828.84
3829.66
3830.47
3831.27
3832.04
3832.81
3833.56
3834.31
3835.03
3835.77
3836.48
3837.21
3837.91
3838.63
3839.33
3840.04
3840.73
3841.44
3842.13
3842.84
3843.53
3844.24
3844.93
3845.65
3846.35
3847.07
3847.79
3848.52
3849.23
3849.96
3850.67
3851.4
3852.09
3852.57
3853.06
3853.5
3854.02
3854.53
3855.23
3855.75
3856.34
3856.8
3857.49
3857.93
3858.44
3859.12
3859.61
3860.08
3860.83
3861.3
3861.82
3862.54
3863.06
3863.53
3864.32
3864.86
3865.45
3866.27
3866.86
3867.41
3868.29
3868.84
3869.44
3870.14
3870.74
3871.3
3872.13
3872.69
3873.32
3873.82
3874.58
3875.1
3875.63
3876.19
3876.95
3877.44
3877.97
3878.47
3879.26
3879.74
3880.27
3880.77
3881.56
3882.06
3882.61
3883.1
3883.94
3884.4
3884.94
3885.43
3886.03
3886.54
3887.34
3887.81
3888.37
3888.81
3889.35
3890.1
3890.6
3891.04
3891.55
3891.99
3892.51
3892.96
3893.58
3893.99
3894.42
3894.84
3895.34
3895.75
3896.2
3896.62
3897.06
3897.46
3897.89
3898.29
3898.71
3899.09
3899.51
3899.88
3900.29
3900.66
3901.06
3901.42
3901.82
3902.18
3902.57
3902.92
3903.31
3903.66
3904.04
3904.39
3904.77
3905.11
3905.49
3905.83
3906.21
3906.55
3906.94
3907.27
3907.67
3908.01
3908.42
3908.75
3909.18
3909.51
3909.96
3910.28
3910.75
3911.07
3911.55
3911.88
3912.37
3912.7
3913.21
3913.53
3914.06
3914.38
3914.93
3915.25
3915.81
3916.13
3916.7
3917.02
3917.61
3917.93
3918.32
3918.64
3918.96
3919.33
3919.65
3920.02
3920.35
3920.71
3921.04
3921.41
3921.74
3922.09
3922.43
3922.8
3923.13
3923.5
3923.83
3924.2
3924.53
3924.9
3925.23
3925.6
3925.93
3926.3
3926.63
3927
3927.33
3927.71
3928.04
3928.41
3928.74
3929.12
3929.45
3929.82
3930.16
3930.54
3930.87
3931.24
3931.58
3931.96
3932.29
3932.67
3933.01
3933.39
3933.73
3934.1
3934.45
3934.83
3935.17
3935.55
3935.89
3936.27
3936.62
3937
3937.34
3937.73
3938.07
3938.45
3938.8
3939.18
3939.53
3939.91
3940.26
3940.65
3941
3941.38
3941.73
3942.11
3942.46
3942.84
3943.2
3943.58
3943.93
3944.31
3944.66
3945.05
3945.4
3945.78
3946.14
3946.52
3946.88
3947.26
3947.61
3948
3948.35
3948.73
3949.09
3949.5
3949.86
3950.22
3950.6
3950.97
3951.36
3951.72
3952.09
3952.55
3952.92
3953.38
3953.75
3954.2
3954.57
3955.02
3955.4
3955.84
3956.22
3956.66
3957.05
3957.49
3957.88
3958.32
3958.71
3959.16
3959.55
3960.01
3960.4
3960.85
3961.26
3961.7
3962.12
3962.57
3962.99
3963.44
3963.85
3964.32
3964.73
3965.21
3965.62
3966.1
3966.52
3967
3967.42
3967.91
3968.33
3968.83
3969.25
3969.75
3970.17
3970.68
3971.1
3971.62
3972.04
3972.55
3972.98
3973.52
3973.94
3974.43
3974.91
3975.38
3975.84
3976.33
3976.84
3977.31
3977.74
3978.28
3978.71
3979.22
3979.66
3980.2
3980.62
3981.12
3981.61
3982.09
3982.52
3983.13
3983.54
3984.02
3984.42
3984.93
3985.37
3985.9
3986.35
3986.78
3987.24
3987.71
3988.18
3988.66
3989.06
3989.56
3990
3990.44
3990.9
3991.38
3991.77
3992.25
3992.69
3993.13
3993.54
3994.02
3994.4
3994.81
3995.18
3995.59
3995.96
3996.36
3996.73
3997.14
3997.51
3997.92
3998.29
3998.7
3999.07
3999.48
3999.85
4000.26
4000.63
4001.05
4001.42
4001.84
4002.21
4002.63
4003
4003.41
4003.79
4004.19
4004.56
4004.97
4005.34
4005.74
4006.12
4006.54
4006.91
4007.32
4007.68
4008.08
4008.44
4008.83
4009.18
4009.57
4009.92
4010.31
4010.66
4011.05
4011.4
4011.78
4012.12
4012.51
4012.84
4013.22
4013.55
4013.92
4014.26
4014.62
4014.96
4015.34
4015.69
4016.06
4016.39
4016.75
4017.08
4017.43
4017.75
4018.1
4018.41
4018.76
4019.07
4019.42
4019.74
4020.08
4020.4
4020.75
4021.06
4021.4
4021.71
4022.05
4022.35
4022.69
4023
4023.34
4023.65
4024.03
4024.33
4024.68
4024.98
4025.32
4025.62
4025.95
4026.25
4026.58
4026.87
4027.21
4027.5
4027.84
4028.13
4028.48
4028.77
4029.12
4029.41
4029.76
4030.05
4030.41
4030.7
4031.06
4031.35
4031.73
4032.05
4032.44
4032.74
4033.13
4033.43
4033.82
4034.11
4034.51
4034.79
4035.2
4035.49
4035.8
4036.09
4036.4
4036.7
4037
4037.31
4037.61
4037.91
4038.21
4038.51
4038.81
4039.11
4039.41
4039.71
4040.04
4040.35
4040.66
4040.97
4041.27
4041.57
4041.87
4042.42
4042.94
4043.46
4044
4044.85
4045.38
4046.21
4046.76
4047.71
4048.3
4049.21
4050.15
4050.85
4051.82
4052.82
4053.93
4054.67
4055.79
4057.01
4057.91
4059.19
4060.03
4060.97
4061.89
4062.83
4063.72
4064.63
4065.49
4066.37
4067.21
4068.06
4068.95
4069.87
4070.74
4071.65
4072.57
4073.57
4074.53
4075.52
4076.45
4077.33
4078.09
4078.88
4079.64
4080.45
4081.26
4082.21
4083.36
4084.42
4085.45
4086.42
4087.33
4088.23
4089.05
4089.88
4090.64
4091.41
4092.13
4092.89
4093.61
4094.36
4095.07
4095.83
4096.53
4097.27
4097.98
4098.85
4100.13
4100.91
4101.75
4103.16
4103.9
4104.9
4106.3
4107.21
4108.17
4109.78
4110.71
4111.79
4113.07
4114.21
4115.5
4116.63
4117.83
4118.97
4120.03
4121.17
4122.18
4123.2
4124.11
4125.09
4126.01
4127.07
4128.09
4129.12
4130.19
4131.43
4132.51
4134.14
4135.38
4136.63
4137.83
4139.11
4140.52
4141.82
4143.18
4144.69
4146.09
4147.67
4149.2
4150.61
4152.21
4153.75
4155.18
4156.83
4158.37
4159.82
4161.4
4162.72
4164.29
4165.68
4167.02
4168.57
4169.77
4171.44
4172.67
4174.81
4176.15
4177.51
4178.73
4180.33
4182.11
4183.54
4184.92
4186.4
4188.14
4189.6
4191.54
4193.07
4194.51
4195.91
4197.76
4199.09
4200.52
4202.22
4203.52
4204.87
4206.46
4207.69
4208.87
4210.21
4211.39
4212.42
4213.64
4214.62
4215.66
4216.81
4217.68
4218.54
4219.62
4220.44
4221.51
4222.36
4223.28
4224.14
4225.18
4226.02
4226.98
4227.79
4228.89
4229.73
4230.69
4231.47
4232.55
4233.35
4234.21
4235.04
4236.13
4237.01
4238
4238.92
4240.08
4240.95
4241.97
4242.84
4243.81
4244.66
4245.69
4246.53
4247.51
4248.65
4249.46
4250.28
4251.12
4252.06
4253.2
4254.04
4254.88
4255.87
4256.7
4257.68
4258.49
4259.34
4260.47
4261.3
4262.13
4263.04
4263.88
4264.98
4265.8
4266.68
4267.56
4268.43
4269.4
4270.26
4271.16
4272.12
4273.01
4273.88
4274.78
4275.8
4276.69
4277.58
4278.48
4279.39
4280.34
4281.26
4282.17
4283.13
4284.04
4284.97
4285.91
4286.83
4287.77
4288.69
4289.62
4290.54
4291.46
4292.37
4293.29
4294.2
4295.1
4296.01
4296.9
4297.79
4298.67
4299.55
4300.41
4301.29
4302.13
4302.99
4303.82
4304.66
4305.47
4306.29
4307.08
4307.88
4308.66
4309.44
4310.2
4310.97
4311.73
4312.46
4313.2
4313.91
4314.64
4315.33
4316.03
4316.71
4317.39
4318.05
4318.72
4319.36
4320.01
4320.62
4321.26
4321.86
4322.47
4323.08
4323.65
4324.22
4324.81
4325.34
4326.2
4326.72
4327.55
4328.04
4328.82
4329.33
4329.81
4330.62
4331.1
4331.59
4332.11
4332.92
4333.37
4333.85
4334.7
4335.11
4335.58
4336.4
4336.84
4337.26
4338.13
4338.51
4339
4339.86
4340.25
4340.6
4341.6
4341.91
4342.27
4343.23
4343.6
4343.9
4344.69
4345.19
4345.56
4346.31
4346.61
4346.9
4347.78
4348.07
4348.58
4349.33
4349.67
4349.94
4350.48
4351.08
4351.5
4352.62
4353.22
4353.5
4354.01
4354.81
4355.14
4355.49
4355.82
4356.11
4356.43
4356.67
4357.06
4357.28
4357.62
4357.85
4358.19
4358.41
4358.74
4358.96
4359.3
4359.52
4359.86
4360.08
4360.43
4360.65
4360.99
4361.21
4361.55
4361.77
4362.11
4362.34
4362.68
4362.9
4363.24
4363.46
4363.79
4364.01
4364.36
4364.64
4364.98
4365.2
4365.55
4365.78
4366.12
4366.35
4366.71
4366.94
4367.29
4367.53
4367.89
4368.13
4368.5
4368.75
4369.12
4369.37
4369.75
4370
4370.38
4370.63
4371.01
4371.27
4371.66
4371.92
4372.31
4372.62
4373.01
4373.28
4373.67
4373.94
4374.31
4374.59
4374.95
4375.22
4375.58
4375.85
4376.19
4376.46
4376.8
4377.06
4377.39
4377.66
4377.98
4378.24
4378.56
4378.81
4379.13
4379.38
4379.7
4379.96
4380.33
4380.59
4380.91
4381.17
4381.49
4381.74
4382.07
4382.32
4382.65
4382.9
4383.24
4383.49
4383.84
4384.09
4384.46
4384.71
4385.09
4385.34
4385.73
4385.98
4386.38
4386.64
4387.05
4387.31
4387.74
4388.02
4388.49
4388.76
4389.22
4389.49
4389.96
4390.22
4390.71
4390.97
4391.46
4391.72
4392.23
4392.5
4393.02
4393.28
4393.82
4394.08
4394.61
4394.87
4395.41
4395.67
4396.21
4396.47
4397.01
4397.27
4397.82
4398.12
4398.66
4398.93
4399.46
4399.72
4400.24
4400.49
4401
4401.26
4401.76
4402.01
4402.5
4402.76
4403.24
4403.5
4403.96
4404.22
4404.68
4404.93
4405.37
4405.63
4406.06
4406.31
4406.73
4406.99
4407.44
4407.7
4408.12
4408.38
4408.78
4409.03
4409.42
4409.67
4410.05
4410.31
4410.68
4410.94
4411.31
4411.57
4411.93
4412.2
4412.55
4412.82
4413.16
4413.43
4413.76
4414.03
4414.36
4414.62
4414.96
4415.25
4415.59
4415.87
4416.2
4416.47
4416.79
4417.06
4417.38
4417.65
4417.97
4418.24
4418.56
4418.84
4419.16
4419.44
4419.76
4420.04
4420.36
4420.65
4420.97
4421.25
4421.57
4421.85
4422.17
4422.46
4422.8
4423.12
4423.46
4423.75
4424.08
4424.37
4424.7
4424.98
4425.31
4425.6
4425.93
4426.22
4426.55
4426.85
4427.19
4427.49
4427.83
4428.13
4428.47
4428.77
4429.1
4429.4
4429.74
4430.04
4430.38
4430.69
4431.06
4431.38
4431.74
4432.05
4432.39
4432.7
4433.05
4433.36
4433.7
4434.01
4434.36
4434.68
4435.03
4435.35
4435.71
4436.03
4436.38
4436.7
4437.06
4437.38
4437.74
4438.06
4438.41
4438.74
4439.1
4439.45
4439.83
4440.17
4440.54
4440.87
4441.23
4441.56
4441.92
4442.25
4442.62
4442.95
4443.32
4443.65
4444.02
4444.36
4444.74
4445.08
4445.45
4445.79
4446.16
4446.5
4446.87
4447.21
4447.59
4447.93
4448.32
4448.72
4449.1
4449.45
4449.83
4450.18
4450.56
4450.9
4451.28
4451.62
4452.01
4452.35
4452.74
4453.09
4453.48
4453.83
4454.22
4454.57
4454.96
4455.32
4455.71
4456.06
4456.45
4456.8
4457.19
4457.55
4457.96
4458.33
4458.74
4459.1
4459.5
4459.85
4460.25
4460.61
4461
4461.36
4461.76
4462.12
4462.52
4462.88
4463.29
4463.66
4464.06
4464.43
4464.83
4465.2
4465.6
4465.96
4466.36
4466.73
4467.14
4467.52
4467.95
4468.33
4468.74
4469.11
4469.52
4469.89
4470.29
4470.66
4471.07
4471.44
4471.84
4472.22
4472.63
4473
4473.42
4473.79
4474.21
4474.58
4475
4475.37
4475.78
4476.15
4476.56
4476.94
4477.36
4477.79
4478.21
4478.59
4479
4479.38
4479.79
4480.17
4480.58
4480.95
4481.37
4481.74
4482.16
4482.54
4482.95
4483.33
4483.75
4484.13
4484.55
4484.93
4485.35
4485.73
4486.15
4486.52
4486.94
4487.32
4487.74
4488.14
4488.57
4488.95
4489.38
4489.76
4490.18
4490.55
4490.97
4491.35
4491.77
4492.15
4492.56
4492.95
4493.37
4493.75
4494.18
4494.56
4494.99
4495.37
4496.26
4496.82
4497.38
4497.95
4498.52
4499.09
4499.67
4500.25
4500.83
4501.42
4502.01
4502.6
4503.21
4503.82
4504.44
4505.08
4505.73
4506.39
4507.07
4507.76
4508.47
4509.19
4509.93
4510.69
4511.46
4512.24
4513.03
4513.83
4514.67
4515.48
4516.36
4517.18
4518.06
4518.89
4519.79
4520.63
4521.51
4522.33
4523.19
4524
4524.83
4525.61
4526.42
4527.17
4527.96
4528.69
4529.45
4530.16
4530.91
4531.6
4532.33
4533
4533.72
4534.4
4535.11
4535.78
4536.5
4537.17
4537.89
4538.56
4539.29
4539.97
4540.7
4541.39
4542.14
4542.84
4543.6
4544.31
4545.07
4545.78
4546.55
4547.27
4548.05
4548.78
4549.59
4550.33
4551.15
4551.89
4552.72
4553.47
4554.31
4555.06
4555.9
4556.65
4557.5
4558.25
4559.1
4559.86
4560.71
4561.46
4562.32
4563.08
4563.95
4564.71
4565.57
4566.33
4567.2
4567.95
4568.81
4569.56
4570.42
4571.16
4572.02
4572.77
4573.63
4574.38
4575.26
4576.01
4576.89
4577.62
4578.47
4579.18
4580.01
4580.7
4581.5
4582.16
4582.95
4583.6
4584.38
4585.01
4585.78
4586.41
4587.17
4587.79
4588.55
4589.17
4589.93
4590.54
4591.3
4591.92
4592.68
4593.3
4594.08
4594.71
4595.48
4596.12
4596.9
4597.54
4598.28
4598.7
4599.21
4599.66
4600.17
4600.66
4601.19
4601.8
4602.34
4602.93
4603.51
4604.1
4604.6
4605.17
4605.81
4606.29
4606.9
4607.54
4608.07
4608.64
4609.35
4609.83
4610.44
4611.12
4611.73
4612.38
4613.19
4613.77
4614.51
4615.29
4615.91
4616.53
4617.37
4618
4618.65
4619.42
4620.12
4620.74
4621.56
4622.14
4622.79
4623.39
4624.25
4624.89
4625.49
4626.08
4626.96
4627.55
4628.17
4628.81
4629.67
4630.25
4630.9
4631.47
4632.35
4632.96
4633.55
4634.1
4634.85
4635.37
4636.24
4636.79
4637.37
4637.87
4638.49
4639.25
4639.82
4640.3
4640.86
4641.32
4641.93
4642.38
4642.99
4643.42
4643.94
4644.4
4644.87
4645.33
4645.79
4646.23
4646.68
4647.11
4647.54
4647.95
4648.38
4648.78
4649.21
4649.59
4650.01
4650.39
4650.8
4651.17
4651.57
4651.94
4652.34
4652.7
4653.1
4653.46
4653.85
4654.21
4654.6
4654.96
4655.36
4655.71
4656.12
4656.47
4656.9
4657.24
4657.69
4658.03
4658.48
4658.82
4659.3
4659.63
4660.12
4660.45
4660.96
4661.3
4661.82
4662.15
4662.69
4663.02
4663.57
4663.9
4664.47
4664.8
4665.37
4665.7
4666.29
4666.61
4667.21
4667.53
4668.14
4668.46
4669.07
4669.39
4670.01
4670.33
4670.81
4671.14
4671.46
4671.79
4672.14
4672.49
4672.84
4673.2
4673.54
4673.91
4674.24
4674.6
4674.93
4675.3
4675.63
4676
4676.33
4676.7
4677.03
4677.39
4677.73
4678.09
4678.42
4678.79
4679.12
4679.48
4679.82
4680.18
4680.52
4680.88
4681.22
4681.58
4681.92
4682.28
4682.62
4682.99
4683.33
4683.7
4684.04
4684.41
4684.75
4685.12
4685.46
4685.83
4686.17
4686.54
4686.89
4687.26
4687.6
4687.97
4688.32
4688.69
4689.03
4689.4
4689.75
4690.12
4690.47
4690.84
4691.19
4691.56
4691.91
4692.28
4692.63
4693
4693.35
4693.72
4694.07
4694.44
4694.8
4695.16
4695.53
4695.97
4696.33
4696.76
4697.13
4697.56
4697.93
4698.36
4698.73
4699.16
4699.54
4699.97
4700.34
4700.78
4701.16
4701.6
4701.98
4702.42
4702.81
4703.24
4703.64
4704.08
4704.49
4704.93
4705.34
4705.78
4706.2
4706.64
4707.07
4707.51
4707.94
4708.39
4708.83
4709.28
4709.72
4710.18
4710.63
4711.09
4711.54
4712.01
4712.46
4712.95
4713.39
4713.86
4714.33
4714.83
4715.28
4715.74
4716.25
4716.69
4717.28
4718.24
4718.88
4719.82
4720.43
4721.02
4721.6
4722.18
4722.75
4723.33
4723.92
4724.52
4725.16
4725.8
4726.44
4727.08
4727.72
4728.36
4728.98
4729.6
4730.21
4730.82
4731.42
4732.02
4732.61
4733.2
4733.79
4734.38
4734.96
4735.55
4736.13
4736.71
4737.3
4737.88
4738.5
4739.08
4739.71
4740.3
4740.94
4741.55
4742.2
4742.82
4743.47
4744.11
4744.75
4745.38
4746
4746.62
4747.24
4747.87
4748.5
4749.13
4749.76
4750.4
4751.05
4751.71
4752.37
4753.04
4753.72
4754.41
4755.1
4755.8
4756.51
4757.22
4757.94
4758.67
4759.41
4760.15
4760.9
4761.65
4762.41
4763.17
4763.94
4764.71
4765.49
4766.27
4767.06
4767.85
4768.65
4769.44
4770.25
4771.06
4771.88
4772.69
4773.52
4774.36
4775.19
4776.04
4776.89
4777.74
4778.6
4779.46
4780.32
4781.2
4782.07
4782.95
4783.83
4784.72
4785.61
4786.5
4787.37
4788.27
4789.18
4790.09
4791
4791.92
4792.8
4793.72
4794.65
4795.57
4796.5
4797.43
4798.35
4799.28
4800.21
4801.13
4802.05
4802.97
4803.89
4804.8
4805.72
4806.62
4807.54
4808.45
4809.38
4810.3
4811.23
4812.15
4813.08
4813.98
4814.91
4815.81
4816.73
4817.63
4818.54
4819.45
4820.36
4821.25
4822.16
4823.02
4823.89
4824.72
4825.56
4826.35
4827.15
4827.91
4828.68
4829.42
4830.17
4830.89
4831.63
4832.34
4833.07
4833.77
4834.49
4835.18
4835.89
4836.58
4837.28
4837.97
4838.67
4839.34
4839.99
4840.76
4841.38
4842.09
4842.8
4843.48
4844.11
4844.86
4845.23
4845.7
4846.15
4846.61
4846.99
4847.58
4847.99
4848.56
4849.15
4849.59
4850.12
4850.63
4851.07
4851.5
4852.13
4852.56
4852.97
4853.65
4854.06
4854.5
4855.17
4855.61
4856.03
4856.74
4857.23
4857.75
4858.35
4859.07
4859.57
4860.09
4860.61
4861.37
4861.89
4862.44
4862.96
4863.74
4864.26
4864.81
4865.27
4866.02
4866.49
4866.99
4867.47
4868.02
4868.53
4869.08
4869.59
4870.17
4870.65
4871.43
4871.9
4872.42
4872.89
4873.42
4873.95
4874.5
4875.11
4875.61
4876.12
4876.69
4877.2
4877.74
4878.25
4878.8
4879.3
4879.82
4880.33
4880.85
4881.35
4881.85
4882.34
4882.83
4883.28
4883.81
4884.24
4884.7
4885.14
4885.61
4886.03
4886.49
4886.91
4887.35
4887.76
4888.2
4888.59
4889.02
4889.41
4889.83
4890.22
4890.63
4891.01
4891.42
4891.79
4892.19
4892.56
4892.95
4893.32
4893.71
4894.07
4894.46
4894.82
4895.2
4895.55
4895.94
4896.28
4896.66
4897
4897.38
4897.71
4898.08
4898.41
4898.78
4899.11
4899.47
4899.8
4900.17
4900.49
4900.86
4901.18
4901.56
4901.88
4902.27
4902.58
4902.98
4903.29
4903.7
4904.02
4904.44
4904.75
4905.18
4905.5
4905.94
4906.26
4906.71
4907.03
4907.5
4907.82
4908.3
4908.62
4909.1
4909.42
4909.92
4910.24
4910.74
4911.07
4911.57
4911.9
4912.41
4912.73
4913.25
4913.57
4914.09
4914.42
4914.93
4915.26
4915.77
4916.1
4916.62
4916.95
4917.45
4917.79
4918.29
4918.62
4919.12
4919.46
4919.95
4920.28
4920.76
4921.1
4921.58
4921.91
4922.38
4922.71
4923.17
4923.51
4923.95
4924.29
4924.72
4925.06
4925.49
4925.83
4926.25
4926.6
4927.01
4927.36
4927.77
4928.12
4928.53
4928.89
4929.3
4929.65
4930.06
4930.43
4930.84
4931.2
4931.61
4931.98
4932.4
4932.77
4933.19
4933.56
4933.98
4934.36
4934.78
4935.17
4935.6
4935.99
4936.41
4936.81
4937.24
4937.64
4938.08
4938.48
4938.92
4939.33
4939.78
4940.19
4940.64
4941.05
4941.51
4941.93
4942.39
4942.82
4943.28
4943.71
4944.18
4944.61
4945.09
4945.52
4946.01
4946.44
4946.92
4947.38
4947.86
4948.32
4948.8
4949.27
4949.75
4950.21
4950.71
4951.18
4951.68
4952.15
4952.66
4953.14
4953.64
4954.13
4954.61
4955.14
4955.61
4956.14
4956.62
4957.16
4957.63
4958.18
4959.13
4959.85
4960.48
4961.24
4961.9
4962.62
4963.29
4963.99
4964.57
4965.15
4965.74
4966.31
4966.89
4967.46
4968.02
4968.6
4969.19
4969.77
4970.47
4971.05
4971.63
4972.22
4972.9
4973.49
4974.07
4974.78
4975.36
4976.01
4976.6
4977.28
4977.85
4978.52
4979.09
4979.76
4980.32
4980.98
4981.55
4982.2
4982.77
4983.42
4984
4984.65
4985.24
4985.91
4986.52
4987.22
4987.85
4988.55
4989.16
4989.84
4990.45
4991.13
4991.74
4992.42
4993.04
4993.74
4994.37
4995.08
4995.73
4996.46
4997.13
4997.88
4998.57
4999.33
5000.03
5000.82
5001.53
5002.33
5003.06
5003.87
5004.61
5005.43
5006.18
5007.02
5007.77
5008.62
5009.38
5010.24
5011.01
5011.87
5012.65
5013.53
5014.31
5015.21
5015.99
5016.9
5017.69
5018.59
5019.39
5020.31
5021.11
5022.04
5022.85
5023.79
5024.62
5025.58
5026.42
5027.39
5028.25
5029.25
5030.13
5031.16
5032.07
5033.09
5034.02
5035.09
5036.03
5037.04
5038.06
5039.05
5039.99
5041.07
5042.02
5043.03
5044.06
5045.07
5046.02
5047.12
5048.04
5049.21
5050.13
5051.04
5052.2
5053.13
5053.92
5054.78
5055.67
5056.51
5057.27
5058.15
5058.88
5059.65
5060.44
5061.18
5061.86
5062.67
5063.34
5064.06
5064.79
5065.5
5066.14
5066.92
5067.56
5068.25
5068.96
5069.64
5070.26
5071.03
5071.65
5072.34
5073.05
5073.73
5074.36
5075.12
5075.73
5076.4
5077.09
5077.53
5077.91
5078.47
5078.95
5079.52
5080.11
5080.67
5081.17
5081.68
5082.08
5082.64
5083.12
5083.55
5084.1
5084.62
5085.03
5085.5
5086.02
5086.52
5086.94
5087.51
5087.94
5088.58
5089.12
5089.64
5090.14
5090.71
5091.32
5091.98
5092.48
5093.02
5093.53
5094.31
5094.82
5095.36
5095.86
5096.37
5096.89
5097.38
5097.9
5098.4
5098.91
5099.41
5099.93
5100.42
5100.92
5101.44
5101.95
5102.46
5102.97
5103.49
5104
5104.52
5105.05
5105.56
5106.09
5106.6
5107.13
5107.64
5108.16
5108.67
5109.18
5109.69
5110.2
5110.7
5111.2
5111.69
5112.19
5112.67
5113.15
5113.62
5114.08
5114.54
5115
5115.46
5115.88
5116.34
5116.76
5117.21
5117.62
5118.06
5118.46
5118.89
5119.28
5119.71
5120.1
5120.52
5120.89
5121.31
5121.68
5122.09
5122.46
5122.86
5123.23
5123.62
5123.98
5124.38
5124.73
5125.13
5125.48
5125.88
5126.22
5126.63
5126.96
5127.37
5127.7
5128.11
5128.44
5128.85
5129.17
5129.59
5129.91
5130.33
5130.65
5131.07
5131.39
5131.82
5132.13
5132.57
5132.88
5133.33
5133.64
5134.09
5134.41
5134.87
5135.18
5135.65
5135.97
5136.44
5136.76
5137.24
5137.56
5138.05
5138.37
5138.86
5139.18
5139.68
5140.01
5140.51
5140.83
5141.34
5141.67
5142.18
5142.51
5143.02
5143.35
5143.86
5144.19
5144.7
5145.03
5145.54
5145.87
5146.39
5146.72
5147.22
5147.56
5148.06
5148.4
5148.9
5149.23
5149.73
5150.06
5150.55
5150.89
5151.37
5151.71
5152.18
5152.52
5152.98
5153.32
5153.77
5154.12
5154.56
5154.9
5155.33
5155.68
5156.11
5156.46
5156.88
5157.23
5157.65
5158
5158.41
5158.77
5159.19
5159.55
5159.96
5160.33
5160.74
5161.11
5161.52
5161.9
5162.31
5162.69
5163.11
5163.49
5163.91
5164.3
5164.72
5165.11
5165.54
5165.93
5166.36
5166.76
5167.2
5167.6
5168.04
5168.45
5168.9
5169.3
5169.75
5170.17
5170.62
5171.05
5171.5
5171.92
5172.39
5172.82
5173.29
5173.72
5174.19
5174.64
5175.11
5175.56
5176.03
5176.48
5176.97
5177.42
5177.92
5178.37
5179.37
5180.03
5180.72
5181.44
5182.13
5182.82
5183.5
5184.18
5184.88
5185.54
5186.24
5186.89
5187.55
5188.22
5188.86
5189.45
5190.03
5190.61
5191.19
5191.76
5192.33
5192.9
5193.53
5194.1
5194.67
5195.35
5195.93
5196.5
5197.08
5197.77
5198.35
5198.97
5199.56
5200.26
5200.85
5201.47
5202.14
5202.76
5203.41
5204.02
5204.67
5205.28
5205.92
5206.54
5207.18
5207.79
5208.44
5209.06
5209.71
5210.35
5211.01
5211.68
5212.36
5213.03
5213.7
5214.37
5215.05
5215.72
5216.41
5217.09
5217.79
5218.48
5219.2
5219.92
5220.66
5221.39
5222.15
5222.9
5223.68
5224.45
5225.23
5226.01
5226.81
5227.61
5228.43
5229.23
5230.06
5230.87
5231.71
5232.54
5233.34
5234.18
5235.03
5235.87
5236.73
5237.57
5238.44
5239.29
5240.17
5241.04
5241.87
5242.81
5243.64
5244.58
5245.42
5246.33
5247.18
5248.13
5248.99
5249.95
5250.81
5251.74
5252.61
5253.59
5254.47
5255.46
5256.35
5257.35
5258.24
5259.25
5260.15
5261.16
5262.06
5263.08
5263.97
5264.99
5265.89
5266.9
5267.79
5268.81
5269.7
5270.69
5271.58
5272.52
5273.47
5274.42
5275.31
5276.33
5277.23
5278.18
5279.15
5280.1
5281
5282.03
5282.94
5283.87
5284.93
5285.79
5286.67
5287.64
5288.47
5289.32
5290.19
5291.01
5291.76
5292.64
5293.36
5294.14
5294.93
5295.68
5296.39
5297.22
5297.9
5298.65
5299.41
5300.14
5300.82
5301.63
5302.3
5303.03
5303.78
5304.5
5305.18
5305.99
5306.66
5307.4
5308.16
5308.89
5309.55
5310.36
5311.02
5311.51
5312.02
5312.54
5312.97
5313.6
5314.18
5314.79
5315.45
5315.93
5316.5
5317.06
5317.64
5318.12
5318.72
5319.21
5319.7
5320.33
5320.8
5321.46
5322.01
5322.51
5323.01
5323.78
5324.32
5324.9
5325.54
5326.32
5326.87
5327.46
5328.01
5328.83
5329.38
5329.97
5330.52
5331.18
5331.73
5332.51
5333.03
5333.55
5334.04
5334.59
5335.33
5335.86
5336.34
5336.88
5337.36
5337.98
5338.47
5339.03
5339.58
5340.12
5340.65
5341.21
5341.76
5342.3
5342.87
5343.39
5343.96
5344.48
5345.04
5345.56
5346.11
5346.63
5347.17
5347.69
5348.22
5348.73
5349.25
5349.75
5350.27
5350.76
5351.22
5351.76
5352.2
5352.68
5353.13
5353.61
5354.05
5354.52
5354.94
5355.4
5355.81
5356.26
5356.66
5357.09
5357.49
5357.91
5358.29
5358.71
5359.09
5359.49
5359.86
5360.26
5360.63
5361.02
5361.38
5361.77
5362.13
5362.52
5362.87
5363.25
5363.6
5363.98
5364.32
5364.71
5365.05
5365.44
5365.77
5366.16
5366.49
5366.9
5367.22
5367.63
5367.96
5368.38
5368.7
5369.14
5369.45
5369.9
5370.22
5370.68
5371
5371.47
5371.79
5372.28
5372.6
5373.11
5373.43
5373.95
5374.27
5374.81
5375.14
5375.69
5376.02
5376.58
5376.91
5377.49
5377.82
5378.41
5378.75
5379.35
5379.68
5380.29
5380.63
5381.25
5381.59
5382.21
5382.55
5383.18
5383.53
5384.16
5384.51
5385.15
5385.49
5386.13
5386.48
5387.12
5387.47
5388.11
5388.46
5389.11
5389.46
5390.1
5390.45
5391.09
5391.44
5392.08
5392.43
5393.06
5393.42
5394.04
5394.4
5395.01
5395.37
5395.98
5396.34
5396.93
5397.29
5397.88
5398.24
5398.82
5399.18
5399.75
5400.11
5400.67
5401.03
5401.57
5401.94
5402.46
5402.83
5403.34
5403.71
5404.2
5404.58
5405.06
5405.43
5405.9
5406.28
5406.74
5407.12
5407.58
5407.96
5408.41
5408.8
5409.24
5409.64
5410.08
5410.48
5410.93
5411.32
5411.78
5412.18
5412.63
5413.04
5413.49
5413.91
5414.36
5414.78
5415.25
5415.66
5416.12
5416.56
5417.02
5417.46
5417.92
5418.36
5418.84
5419.28
5420.32
5420.97
5421.67
5422.42
5423.1
5423.82
5424.52
5425.21
5425.91
5426.6
5427.27
5427.98
5428.64
5429.29
5429.96
5430.56
5431.15
5431.74
5432.32
5432.91
5433.48
5434.06
5434.69
5435.26
5435.84
5436.49
5437.07
5437.64
5438.23
5438.91
5439.49
5440.08
5440.67
5441.35
5441.94
5442.55
5443.21
5443.82
5444.46
5445.07
5445.71
5446.32
5446.95
5447.56
5448.2
5448.81
5449.45
5450.07
5450.71
5451.34
5452
5452.66
5453.34
5454
5454.68
5455.35
5456.04
5456.7
5457.34
5458.05
5458.67
5459.38
5460
5460.72
5461.35
5462.08
5462.74
5463.49
5464.17
5464.95
5465.65
5466.45
5467.18
5468
5468.75
5469.59
5470.36
5471.22
5472.01
5472.88
5473.68
5474.57
5475.38
5476.28
5477.11
5478.02
5478.85
5479.76
5480.6
5481.53
5482.38
5483.31
5484.17
5485.13
5485.99
5486.97
5487.84
5488.82
5489.71
5490.7
5491.6
5492.61
5493.52
5494.51
5495.44
5496.45
5497.38
5498.4
5499.35
5500.42
5501.38
5502.46
5503.42
5504.51
5505.47
5506.56
5507.52
5508.61
5509.57
5510.65
5511.62
5512.7
5513.66
5514.72
5515.69
5516.79
5517.77
5518.81
5519.86
5520.89
5521.87
5522.97
5523.94
5524.98
5526
5527.05
5527.93
5528.99
5529.86
5530.78
5531.7
5532.58
5533.38
5534.31
5535.09
5535.92
5536.76
5537.57
5538.32
5539.2
5539.94
5540.73
5541.54
5542.32
5543.05
5543.91
5544.62
5545.4
5546.2
5546.96
5547.68
5548.54
5549.26
5550.04
5550.85
5551.62
5552.33
5553.18
5553.65
5554.19
5554.75
5555.32
5555.79
5556.49
5557.11
5557.85
5558.43
5558.96
5559.58
5560.19
5560.83
5561.35
5562.05
5562.58
5563.09
5563.87
5564.37
5564.92
5565.68
5566.22
5566.73
5567.39
5568
5568.67
5569.34
5570.15
5570.73
5571.36
5571.95
5572.78
5573.37
5573.99
5574.58
5575.28
5575.87
5576.44
5577.21
5577.77
5578.29
5578.84
5579.38
5580.19
5580.71
5581.26
5581.77
5582.33
5582.92
5583.48
5584.04
5584.62
5585.21
5585.77
5586.34
5586.94
5587.5
5588.06
5588.65
5589.2
5589.78
5590.32
5590.9
5591.44
5592
5592.54
5593.1
5593.63
5594.18
5594.7
5595.21
5595.73
5596.27
5596.77
5597.24
5597.75
5598.22
5598.73
5599.19
5599.68
5600.13
5600.61
5601.05
5601.53
5601.96
5602.43
5602.85
5603.31
5603.73
5604.19
5604.6
5605.04
5605.44
5605.87
5606.27
5606.69
5607.08
5607.5
5607.88
5608.3
5608.67
5609.08
5609.45
5609.85
5610.22
5610.62
5610.98
5611.38
5611.73
5612.13
5612.48
5612.88
5613.22
5613.63
5613.96
5614.37
5614.7
5615.11
5615.43
5615.84
5616.17
5616.58
5616.91
5617.32
5617.65
5618.07
5618.39
5618.82
5619.14
5619.58
5619.9
5620.34
5620.66
5621.12
5621.44
5621.9
5622.23
5622.7
5623.02
5623.51
5623.83
5624.32
5624.65
5625.15
5625.48
5625.99
5626.32
5626.84
5627.17
5627.69
5628.02
5628.56
5628.89
5629.43
5629.76
5630.3
5630.64
5631.18
5631.52
5632.06
5632.4
5632.95
5633.29
5633.84
5634.18
5634.72
5635.07
5635.61
5635.96
5636.5
5636.84
5637.38
5637.73
5638.26
5638.61
5639.14
5639.49
5640.01
5640.36
5640.87
5641.22
5641.73
5642.08
5642.58
5642.93
5643.42
5643.77
5644.25
5644.61
5645.08
5645.43
5645.89
5646.25
5646.69
5647.05
5647.49
5647.85
5648.29
5648.65
5649.08
5649.45
5649.87
5650.24
5650.67
5651.04
5651.47
5651.84
5652.27
5652.65
5653.08
5653.46
5653.89
5654.28
5654.71
5655.1
5655.54
5655.93
5656.38
5656.77
5657.21
5657.62
5658.06
5658.47
5658.92
5659.32
5659.78
5660.19
5660.65
5661.07
5661.53
5661.96
5662.41
5662.85
5663.31
5663.74
5664.22
5664.65
5665.68
5666.32
5667.06
5667.74
5668.47
5669.15
5669.86
5670.54
5671.23
5671.9
5672.6
5673.25
5673.94
5674.58
5675.26
5675.89
5676.53
5677.18
5677.8
5678.39
5678.97
5679.56
5680.14
5680.73
5681.31
5681.91
5682.49
5683.22
5683.79
5684.37
5684.94
5685.63
5686.21
5686.82
5687.51
5688.12
5688.71
5689.39
5689.99
5690.62
5691.29
5691.92
5692.56
5693.19
5693.81
5694.45
5695.06
5695.74
5696.34
5697.03
5697.63
5698.32
5698.93
5699.62
5700.24
5700.94
5701.57
5702.29
5702.95
5703.69
5704.34
5705.06
5705.71
5706.42
5707.06
5707.78
5708.43
5709.15
5709.81
5710.54
5711.22
5711.96
5712.66
5713.41
5714.14
5714.96
5715.71
5716.55
5717.33
5718.2
5719.01
5719.9
5720.73
5721.61
5722.45
5723.38
5724.24
5725.19
5726.05
5727.01
5727.89
5728.85
5729.73
5730.67
5731.56
5732.54
5733.43
5734.38
5735.34
5736.29
5737.26
5738.22
5739.19
5740.16
5741.15
5742.13
5743.12
5744.11
5745.12
5746.13
5747.15
5748.16
5749.2
5750.22
5751.27
5752.3
5753.35
5754.38
5755.44
5756.47
5757.53
5758.56
5759.62
5760.65
5761.67
5762.71
5763.77
5764.82
5765.83
5766.96
5767.97
5769.03
5770.13
5771.17
5772.32
5773.36
5774.32
5775.58
5776.54
5777.47
5778.37
5779.41
5780.29
5781.21
5782.14
5783.02
5783.84
5784.79
5785.59
5786.44
5787.3
5788.14
5788.92
5789.83
5790.59
5791.41
5792.26
5793.07
5793.82
5794.72
5795.47
5796.28
5797.11
5797.92
5798.68
5799.58
5800.34
5801.16
5801.99
5802.8
5803.54
5804.2
5804.7
5805.3
5805.9
5806.54
5807.2
5808.07
5808.61
5809.23
5809.85
5810.55
5811.08
5811.87
5812.41
5813
5813.78
5814.35
5814.91
5815.74
5816.29
5816.87
5817.68
5818.26
5818.81
5819.58
5820.25
5820.91
5821.81
5822.46
5823.08
5823.74
5824.58
5825.23
5825.85
5826.5
5827.25
5827.89
5828.43
5829.03
5829.82
5830.4
5830.94
5831.52
5832.08
5832.91
5833.45
5834.03
5834.57
5835.16
5835.76
5836.35
5836.99
5837.57
5838.13
5838.76
5839.34
5839.94
5840.52
5841.12
5841.7
5842.28
5842.85
5843.43
5844
5844.56
5845.13
5845.68
5846.25
5846.79
5847.31
5847.87
5848.37
5848.93
5849.42
5849.95
5850.47
5850.95
5851.46
5851.93
5852.44
5852.9
5853.39
5853.85
5854.33
5854.78
5855.25
5855.69
5856.15
5856.58
5857.03
5857.45
5857.9
5858.3
5858.74
5859.14
5859.57
5859.96
5860.39
5860.78
5861.2
5861.58
5861.99
5862.37
5862.78
5863.15
5863.56
5863.92
5864.33
5864.69
5865.09
5865.44
5865.84
5866.19
5866.6
5866.94
5867.34
5867.68
5868.09
5868.43
5868.84
5869.17
5869.59
5869.92
5870.34
5870.67
5871.1
5871.43
5871.86
5872.19
5872.64
5872.96
5873.41
5873.74
5874.2
5874.53
5875
5875.33
5875.81
5876.14
5876.63
5876.96
5877.47
5877.79
5878.31
5878.64
5879.17
5879.5
5880.04
5880.37
5880.92
5881.25
5881.81
5882.15
5882.71
5883.05
5883.62
5883.96
5884.54
5884.88
5885.47
5885.81
5886.4
5886.74
5887.33
5887.68
5888.27
5888.62
5889.22
5889.56
5890.16
5890.51
5891.11
5891.46
5892.06
5892.41
5893.01
5893.36
5893.96
5894.31
5894.9
5895.26
5895.85
5896.2
5896.79
5897.14
5897.72
5898.08
5898.66
5899.01
5899.58
5899.94
5900.5
5900.86
5901.41
5901.77
5902.32
5902.68
5903.21
5903.58
5904.1
5904.46
5904.98
5905.34
5905.85
5906.21
5906.71
5907.07
5907.55
5907.92
5908.39
5908.76
5909.22
5909.59
5910.04
5910.42
5910.86
5911.24
5911.69
5912.06
5912.5
5912.89
5913.33
5913.72
5914.15
5914.54
5914.99
5915.38
5915.82
5916.22
5916.66
5917.06
5917.5
5917.91
5918.36
5918.76
5919.21
5919.87
5920.52
5921.25
5921.98
5922.65
5923.4
5924.08
5924.81
5925.48
5926.15
5926.87
5927.51
5928.19
5928.85
5929.52
5930.17
5930.81
5931.47
5932.1
5932.72
5933.35
5933.99
5934.61
5935.22
5935.83
5936.44
5937.04
5937.66
5938.24
5938.98
5939.57
5940.14
5940.73
5941.43
5942.02
5942.6
5943.21
5943.89
5944.5
5945.09
5945.79
5946.38
5947.01
5947.69
5948.32
5948.94
5949.64
5950.26
5950.93
5951.57
5952.23
5952.93
5953.59
5954.29
5954.95
5955.65
5956.33
5957.03
5957.71
5958.42
5959.1
5959.82
5960.51
5961.24
5961.94
5962.67
5963.38
5964.11
5964.83
5965.57
5966.3
5967.02
5967.77
5968.48
5969.25
5969.96
5970.78
5971.49
5972.33
5973.04
5973.86
5974.59
5975.42
5976.15
5977
5977.75
5978.62
5979.41
5980.31
5981.12
5982.06
5982.9
5983.88
5984.76
5985.77
5986.69
5987.74
5988.68
5989.76
5990.73
5991.83
5992.82
5993.94
5994.95
5996.08
5997.1
5998.24
5999.27
6000.41
6001.45
6002.61
6003.66
6004.81
6005.87
6006.97
6008.11
6009.22
6010.29
6011.49
6012.56
6013.69
6014.85
6015.98
6017.07
6018.29
6019.4
6020.56
6021.77
6022.96
6024.1
6025.39
6026.53
6027.86
6028.99
6030.2
6031.29
6032.67
6033.69
6034.76
6035.87
6036.94
6037.94
6039.06
6040.03
6041.04
6042.08
6043.08
6044.02
6045.09
6046.01
6046.99
6048
6048.97
6049.88
6050.93
6051.84
6052.8
6053.79
6054.75
6055.66
6056.7
6057.61
6058.58
6059.58
6060.55
6061.47
6062.51
6063.42
6064.37
6065.36
6066.09
6066.76
6067.61
6068.43
6069.23
6070.14
6070.88
6071.7
6072.51
6073.34
6074.07
6074.87
6075.75
6076.46
6077.31
6078.18
6078.94
6079.75
6080.68
6081.41
6082.25
6083.16
6083.92
6084.8
6085.68
6086.5
6087.54
6088.34
6089.25
6090.05
6091.09
6091.87
6092.7
6093.49
6094.52
6095.29
6096.04
6096.74
6097.52
6098.24
6099.12
6099.8
6100.53
6101.22
6102.03
6102.72
6103.46
6104.24
6104.97
6105.65
6106.45
6107.12
6107.91
6108.58
6109.34
6110.02
6110.78
6111.44
6112.2
6112.86
6113.6
6114.24
6114.97
6115.6
6116.32
6116.94
6117.61
6118.25
6118.89
6119.5
6120.13
6120.74
6121.36
6121.94
6122.55
6123.12
6123.72
6124.27
6124.85
6125.39
6125.97
6126.5
6127.06
6127.58
6128.14
6128.65
6129.19
6129.69
6130.23
6130.73
6131.26
6131.75
6132.28
6132.76
6133.29
6133.76
6134.29
6134.76
6135.29
6135.73
6136.27
6136.7
6137.23
6137.66
6138.19
6138.6
6139.14
6139.54
6140.07
6140.46
6140.98
6141.37
6141.88
6142.26
6142.75
6143.13
6143.61
6143.98
6144.45
6144.82
6145.28
6145.64
6146.09
6146.44
6146.88
6147.23
6147.66
6148
6148.43
6148.77
6149.19
6149.52
6149.94
6150.27
6150.68
6151.01
6151.42
6151.74
6152.15
6152.47
6152.88
6153.2
6153.6
6153.92
6154.33
6154.65
6155.06
6155.37
6155.78
6156.1
6156.52
6156.83
6157.25
6157.56
6157.99
6158.3
6158.74
6159.05
6159.49
6159.8
6160.25
6160.56
6161.01
6161.32
6161.78
6162.09
6162.55
6162.86
6163.32
6163.64
6164.1
6164.42
6164.88
6165.2
6165.67
6165.98
6166.46
6166.77
6167.25
6167.56
6168.04
6168.35
6168.83
6169.15
6169.62
6169.94
6170.42
6170.74
6171.22
6171.53
6172.01
6172.33
6172.81
6173.13
6173.6
6173.92
6174.4
6174.72
6175.2
6175.52
6175.99
6176.31
6176.79
6177.11
6177.58
6177.9
6178.37
6178.69
6179.17
6179.49
6179.96
6180.28
6180.74
6181.07
6181.53
6181.86
6182.32
6182.65
6183.11
6183.44
6183.89
6184.22
6184.68
6185.01
6185.46
6185.79
6186.24
6186.57
6187.02
6187.35
6188.42
6189.03
6189.7
6190.37
6191.05
6191.74
6192.35
6193.04
6193.66
6194.36
6194.96
6195.59
6196.24
6196.84
6197.47
6198.09
6198.7
6199.32
6199.94
6200.56
6201.17
6201.79
6202.4
6203.02
6203.65
6204.23
6205.02
6205.58
6206.16
6206.74
6207.5
6208.06
6208.65
6209.38
6209.98
6210.57
6211.31
6211.91
6212.54
6213.27
6213.91
6214.54
6215.29
6215.92
6216.59
6217.32
6217.99
6218.66
6219.41
6220.06
6220.81
6221.47
6222.23
6222.9
6223.66
6224.33
6225.1
6225.78
6226.56
6227.25
6228.03
6228.73
6229.53
6230.23
6231.03
6231.75
6232.56
6233.29
6234.11
6234.85
6235.69
6236.43
6237.29
6238.05
6238.92
6239.7
6240.59
6241.39
6242.29
6243.13
6244.07
6244.91
6245.89
6246.76
6247.79
6248.68
6249.71
6250.62
6251.66
6252.59
6253.65
6254.59
6255.68
6256.65
6257.73
6258.74
6259.9
6260.95
6262.1
6263.3
6264.52
6265.7
6267.16
6268.36
6269.66
6271.12
6272.45
6273.85
6275.34
6276.92
6278.34
6279.85
6281.57
6283.03
6284.89
6286.38
6288.19
6289.79
6291.61
6293.16
6294.77
6296.64
6298.08
6299.62
6301.48
6302.86
6304.38
6305.85
6307.42
6308.91
6310.73
6312.1
6313.6
6314.98
6316.48
6318
6319.5
6320.92
6322.75
6324.13
6325.56
6327.03
6328.47
6329.99
6331.51
6332.92
6334.6
6336.09
6337.55
6338.97
6340.52
6341.98
6343.45
6345.1
6346.55
6347.96
6349.26
6350.58
6352.06
6353.38
6354.87
6356.06
6357.41
6358.6
6359.97
6361.14
6362.46
6363.67
6364.88
6366.28
6367.47
6368.65
6370
6371.2
6372.39
6373.6
6374.82
6376.01
6377.39
6378.65
6379.87
6381.09
6382.36
6383.58
6384.99
6386.18
6387.37
6388.55
6389.74
6391
6392.16
6393.26
6394.38
6395.53
6396.63
6397.75
6398.87
6399.99
6401.09
6402.2
6403.3
6404.39
6405.49
6406.58
6407.68
6408.74
6409.86
6410.9
6412
6413.02
6414.12
6415.13
6416.21
6417.22
6418.28
6419.26
6420.32
6421.31
6422.31
6423.29
6424.27
6425.23
6426.2
6427.11
6428.09
6428.97
6429.89
6430.8
6431.67
6432.55
6433.4
6434.27
6435.1
6435.94
6436.75
6437.58
6438.37
6439.18
6439.95
6440.75
6441.5
6442.27
6443.01
6443.78
6444.5
6445.24
6445.95
6446.68
6447.41
6448.08
6448.79
6449.44
6450.14
6450.78
6451.48
6452.15
6452.78
6453.46
6454.07
6454.74
6455.33
6456.02
6456.62
6457.3
6457.86
6458.56
6459.11
6459.8
6460.33
6461.02
6461.55
6462.24
6462.75
6463.45
6463.95
6464.62
6465.12
6465.79
6466.3
6466.95
6467.41
6468.09
6468.55
6469.18
6469.64
6470.27
6470.7
6471.29
6471.71
6472.29
6472.7
6473.25
6473.65
6474.19
6474.58
6475.1
6475.49
6475.99
6476.37
6476.86
6477.24
6477.72
6478.09
6478.55
6478.91
6479.37
6479.73
6480.17
6480.53
6480.96
6481.31
6481.74
6482.08
6482.5
6482.84
6483.25
6483.59
6483.99
6484.32
6484.73
6485.06
6485.45
6485.78
6486.18
6486.5
6486.9
6487.22
6487.61
6487.94
6488.32
6488.64
6489.03
6489.34
6489.72
6490.04
6490.4
6490.71
6491.08
6491.38
6491.77
6492.09
6492.63
6492.96
6493.43
6493.78
6494.14
6494.52
6494.89
6495.27
6495.67
6496.06
6496.46
6496.88
6497.29
6497.69
6498.13
6498.53
6498.99
6499.39
6499.86
6500.25
6500.68
6501.12
6501.66
6502.08
6502.52
6502.94
6503.36
6504.15
6504.52
6504.89
6505.26
6505.86
6506.25
6506.64
6507.06
6507.7
6508.15
6508.54
6509.08
6509.56
6510.29
6510.69
6511.12
6511.87
6512.33
6513.12
6513.55
6514.24
6515.01
6515.47
6515.94
6517.01
6517.46
6517.91
6518.54
6519.25
6520.13
6520.6
6521.1
6522.22
6522.71
6523.21
6523.83
6524.76
6525.28
6526.26
6526.77
6527.52
6528.12
6529.14
6529.67
6530.44
6531.03
6532.1
6532.67
6533.49
6534.12
6535.26
6535.87
6536.74
6537.41
6538.62
6539.29
6540.22
6540.94
6542.23
6542.97
6543.98
6544.76
6545.64
6547.04
6548.12
6548.96
6549.83
6550.75
6552.34
6553.27
6554.21
6555.2
6556.36
6557.46
6558.58
6559.97
6561.09
6562.24
6563.39
6564.59
6566.03
6567.22
6568.42
6569.65
6570.9
6572.43
6573.68
6574.95
6576.22
6577.51
6578.87
6580.16
6581.48
6582.88
6584.18
6585.5
6586.86
6588.2
6589.58
6590.92
6592.29
6593.64
6595.03
6596.39
6597.77
6599.13
6600.52
6601.87
6603.24
6604.6
6605.99
6607.34
6608.71
6609.9
6611.09
6612.28
6613.5
6614.7
6616.14
6617.43
6618.75
6620.03
6621.3
6622.58
6623.8
6625.04
6626.22
6627.43
6628.59
6629.8
6630.94
6632.11
6633.25
6634.4
6635.53
6636.67
6637.79
6638.91
6640.03
6641.16
6642.29
6643.44
6644.75
6645.91
6647.15
6648.33
6649.52
6650.69
6651.84
6652.98
6654.11
6655.24
6656.36
6657.52
6658.64
6659.8
6660.94
6662.11
6663.24
6664.42
6665.55
6666.71
6667.84
6669.01
6670.21
6671.4
6672.6
6673.82
6675.02
6676.29
6677.5
6678.81
6679.99
6681.33
6682.48
6683.58
6685.07
6686.13
6687.66
6688.71
6689.86
6691.17
6692.31
6693.33
6694.44
6696.05
6697.13
6698.13
6699.2
6700.28
6701.55
6702.56
6703.9
6704.97
6706.67
6707.65
6708.67
6709.65
6711.84
6712.75
6713.76
6714.65
6715.7
6717.96
6718.95
6719.84
6720.77
6721.74
6724.27
6725.1
6725.99
6726.81
6727.75
6729.71
6730.57
6731.41
6732.5
6735.17
6736.07
6736.88
6737.75
6738.59
6739.78
6740.87
6742
6743.09
6744.17
6745.3
6746.27
6747.34
6748.32
6749.32
6750.27
6751.13
6752.04
6752.86
6753.73
6754.51
6755.34
6756.1
6756.93
6757.71
6758.37
6759.02
6759.88
6760.51
6761.37
6761.96
6762.56
6763.24
6763.83
6764.51
6765.15
6765.8
6766.41
6767.02
6767.63
6768.24
6768.85
6769.47
6770.09
6770.72
6771.35
6771.99
6772.64
6773.29
6773.94
6774.58
6775.22
6775.87
6776.6
6777.41
6778.2
6779.08
6779.92
6780.82
6781.64
6782.46
6783.21
6784.01
6784.73
6785.44
6786.14
6786.82
6787.55
6788.22
6788.9
6789.76
6790.4
6790.99
6791.61
6792.2
6793.08
6793.63
6794.23
6794.78
6795.65
6796.18
6796.79
6797.36
6798.27
6798.81
6799.41
6799.95
6800.86
6801.33
6802.19
6802.65
6803.49
6803.93
6804.42
6805.22
6806.08
6806.49
6806.95
6807.43
6808.64
6809.04
6809.5
6809.95
6810.9
6811.63
6812.09
6812.53
6813.46
6813.9
6814.62
6815.05
6816.05
6816.46
6817.39
6817.83
6818.77
6819.22
6819.72
6820.53
6821.54
6822.03
6822.53
6823.1
6824
6825.08
6825.61
6826.16
6826.78
6827.42
6828.88
6829.44
6830.01
6830.59
6831.3
6832.49
6833.4
6834.07
6834.72
6835.61
6836.34
6837.2
6838.19
6839.02
6839.68
6840.48
6841.28
6842.06
6842.79
6843.67
6844.35
6845.14
6845.92
6846.65
6847.68
6848.39
6849.07
6849.79
6850.52
6851.35
6852.03
6853.05
6853.78
6854.43
6855.15
6855.88
6856.9
6857.6
6858.26
6859.03
6859.7
6860.72
6861.36
6862.19
6862.87
6863.49
6864.44
6865.14
6865.88
6866.5
6867.13
6868.09
6868.69
6869.47
6870.06
6870.66
6871.37
6871.97
6872.75
6873.68
6874.24
6874.81
6875.38
6876.14
6876.72
6877.42
6877.96
6878.57
6879.39
6879.96
6880.53
6881.14
6881.73
6882.53
6883.08
6883.67
6884.26
6884.87
6885.65
6886.19
6886.7
6887.23
6887.77
6888.46
6888.96
6889.45
6889.94
6890.45
6891.12
6891.59
6892.06
6892.53
6893.02
6893.67
6894.14
6894.61
6895.29
6896.07
6896.84
6897.65
6898.44
6899.22
6899.93
6900.71
6901.38
6902.12
6902.77
6903.47
6904.18
6904.9
6905.65
6906.41
6907.18
6907.96
6908.74
6909.54
6910.35
6911.17
6911.98
6912.8
6913.62
6914.44
6915.26
6916.09
6916.92
6917.75
6918.59
6919.44
6920.29
6921.14
6922.01
6922.88
6923.75
6924.64
6925.54
6926.45
6927.37
6928.3
6929.24
6930.19
6931.16
6932.12
6933.15
6934.08
6935.01
6936.03
6936.96
6937.89
6938.95
6939.91
6940.93
6942.07
6943.16
6944.29
6945.59
6946.8
6948.04
6949.39
6950.65
6951.9
6953.28
6954.57
6955.87
6957.27
6958.57
6959.85
6961.34
6962.61
6963.98
6965.4
6966.78
6968.08
6969.5
6970.85
6972.28
6973.64
6975.09
6976.45
6977.89
6979.26
6980.66
6982.05
6983.53
6984.92
6986.35
6987.75
6989.24
6990.65
6992.07
6993.51
6994.98
6996.47
6998.09
6999.67
7001.27
7002.95
7004.55
7006.16
7007.85
7009.46
7011.08
7012.75
7014.35
7015.93
7017.61
7019.16
7020.74
7022.32
7023.98
7025.39
7027.01
7028.41
7030.26
7031.71
7033.09
7034.44
7035.88
7037.26
7038.68
7040.09
7041.46
7042.79
7044.22
7045.55
7046.89
7048.29
7049.63
7050.95
7052.36
7053.69
7055.03
7056.44
7057.79
7059.14
7060.59
7061.95
7063.34
7064.82
7066.28
7067.78
7069.45
7071.1
7072.83
7074.55
7076.24
7077.89
7079.57
7081.15
7082.69
7084.22
7085.72
7087.17
7088.63
7090.03
7091.43
7092.81
7094.14
7095.47
7096.77
7098.06
7099.32
7100.62
7101.87
7103.1
7104.34
7105.57
7106.77
7107.98
7109.16
7110.35
7111.51
7112.71
7113.87
7115
7116.17
7117.3
7118.41
7119.55
7120.67
7121.74
7122.87
7123.95
7124.97
7126.03
7127.04
7127.99
7128.96
7129.88
7130.75
7131.63
7132.48
7133.28
7134.08
7134.85
7135.61
7136.35
7137.07
7137.78
7138.47
7139.15
7139.82
7140.47
7141.12
7141.76
7142.39
7143.01
7143.41
7143.89
7144.35
7144.77
7145.19
7145.65
7146.05
7146.47
7146.91
7147.45
7147.89
7148.31
7148.99
7149.42
7149.92
7150.4
7151.08
7151.54
7152.05
7152.55
7153.07
7153.54
7154.05
7154.55
7155.01
7155.51
7155.96
7156.46
7156.91
7157.39
7157.84
7158.33
7158.84
7159.41
7159.92
7160.48
7161
7161.53
7162.07
7162.87
7163.49
7164.09
7164.8
7165.49
7166.27
7167.01
7167.79
7168.57
7169.35
7170.14
7170.93
7171.74
7172.55
7173.38
7174.23
7175.08
7176.03
7176.86
7177.73
7178.8
7179.6
7180.4
7181.47
7182.25
7183.07
7184.18
7184.98
7186.14
7186.97
7188.15
7189.02
7190.24
7191.05
7192.34
7193.22
7194.57
7195.6
7196.94
7197.83
7199.16
7200.26
7201.61
7202.5
7203.87
7204.93
7206.33
7207.16
7208.57
7209.63
7211.04
7211.86
7213.3
7214.35
7215.75
7216.51
7217.88
7218.86
7219.94
7220.7
7222.07
7222.91
7224.29
7225.02
7225.89
7227.33
7228.34
7229.61
7230.39
7231.87
7232.7
7233.58
7235.11
7236.19
7237.04
7238.57
7239.39
7240.27
7242.08
7242.9
7243.74
7245.25
7246.09
7247.19
7248.18
7249.43
7250.24
7251.15
7252.92
7253.71
7254.49
7255.33
7256.83
7257.89
7258.66
7259.46
7260.92
7261.71
7262.76
7263.54
7264.42
7265.46
7266.26
7267.53
7268.32
7269.67
7270.41
7271.18
7272.23
7273.03
7274.07
7274.82
7275.63
7276.86
7277.62
7278.48
7279.29
7280.18
7281.27
7282.13
7282.92
7283.75
7284.59
7285.72
7286.52
7287.33
7288.13
7288.98
7290.08
7290.88
7291.68
7292.48
7293.31
7294.37
7295.14
7295.91
7296.7
7297.89
7298.66
7299.42
7300.18
7301
7301.87
7302.71
7303.48
7304.56
7305.36
7306.1
7306.87
7307.75
7308.63
7309.37
7310.15
7311.35
7312.08
7312.82
7313.55
7314.35
7315.56
7316.29
7317.01
7317.74
7318.55
7319.62
7320.49
7321.2
7321.92
7322.68
7323.9
7324.61
7325.32
7326.04
7326.94
7328
7328.7
7329.42
7330.28
7331.02
7332.08
7332.79
7333.66
7334.36
7335.09
