distance
0
-1.08216e-07
-4.10136e-07
-7.64601e-07
-1.28871e-06
-1.94394e-06
-2.80363e-06
-3.82713e-06
-5.08728e-06
-6.54542e-06
-8.27056e-06
-1.02259e-05
-1.24749e-05
-1.49834e-05
-1.78089e-05
-2.09308e-05
-2.44041e-05
-2.82071e-05
-3.23847e-05
-3.69201e-05
-4.18495e-05
-4.71271e-05
-5.28469e-05
-5.90395e-05
-6.57704e-05
-7.3045e-05
-8.09133e-05
-8.93567e-05
-9.84367e-05
-0.00010817
-0.000118595
-0.000129704
-0.000141542
-0.000154074
-0.000167181
-0.000180734
-0.000194479
-0.000208614
-0.000222997
-0.000237387
-0.000252087
-0.000266893
-0.000281595
-0.000296363
-1.47653e-05
-2.9378e-05
-4.41084e-05
-5.87486e-05
-7.31532e-05
-8.74893e-05
-0.000101635
-0.000115427
-0.000129252
-0.000142901
-0.000156259
-0.000169197
-0.000182152
-0.000194874
-0.000207276
-0.000219165
-0.000231184
-0.000243095
-0.000254575
-0.0002656
-0.000276577
-0.000287219
-0.000297747
-0.00030787
-0.000317875
-0.00032739
-0.000336129
-0.000344423
-0.000352616
-0.000360382
-0.000367358
-0.000373438
-0.00037822
-0.000382891
-0.000387047
-0.000390362
-0.000392396
-0.000393558
-0.000393542
-0.000392208
-0.000389189
-0.000385089
-0.000379624
-0.000372587
-0.000363646
-0.000353378
-0.00034151
-0.000327831
-0.00031196
-0.000294523
-0.000275231
-0.000253823
-0.000229979
-0.000204062
-0.000175836
-0.000144987
-0.000111512
-7.52213e-05
-3.67215e-05
4.29913e-06
4.81219e-05
9.49895e-05
0.000144947
0.000198041
0.00025374
0.000312232
0.000373785
0.000438554
0.000506004
0.000576289
0.00064958
0.000725319
0.000803748
0.000884915
0.000968359
0.0010542
0.00114261
0.00123312
0.00132585
0.00142085
0.00151782
0.00161676
0.00171774
0.00182039
0.00192482
0.002031
0.00213864
0.00224786
0.00235905
0.00246957
0.00258049
0.00269201
0.00280387
0.0029161
0.00302882
0.00314188
0.00325555
0.00336996
0.00348509
0.0036012
0.0037186
0.00383731
0.00395767
0.00408001
0.00420445
0.00433115
0.00446022
0.0045914
0.00472481
0.0048604
0.004998
0.00513763
0.00527936
0.005423
0.00556859
0.00571615
0.0058656
0.00601695
0.00617025
0.00632535
0.00648239
0.00664137
0.0068022
0.00696496
0.00712974
0.00729642
0.00746513
0.00763589
0.00780869
0.00798359
0.00816069
0.00833994
0.00852149
0.00870534
0.00889156
0.0090802
0.00927127
0.00946485
0.00966104
0.00985986
0.0100614
0.0102657
0.0104728
0.0106827
0.0108955
0.0111113
0.0113301
0.011552
0.011777
0.0120051
0.0122365
0.0124711
0.0127089
0.0129501
0.0131946
0.0134425
0.0136938
0.0139486
0.0142068
0.0144686
0.0147339
0.0150028
0.0152753
0.0155515
0.0158314
0.0161149
0.0164023
0.0166934
0.0169883
0.0172871
0.0175896
0.017896
0.0182062
0.0185202
0.018838
0.0191598
0.0194854
0.0198149
0.0201483
0.0204857
0.0208269
0.0211721
0.0215213
0.0218746
0.0222319
0.0225933
0.0229587
0.0233282
0.0237018
0.0240796
0.0244615
0.0248477
0.025238
0.0256326
0.0260314
0.0264345
0.0268418
0.0272534
0.0276693
0.0280895
0.028514
0.0289428
0.0293759
0.0298134
0.0302552
0.0307013
0.0311518
0.0316066
0.0320656
0.032529
0.0329967
0.0334685
0.0339446
0.0344249
0.0349093
0.0353977
0.0358903
0.0363867
0.0368872
0.0373916
0.0378999
0.0384121
0.038928
0.0394477
0.0399709
0.040498
0.0410286
0.0415628
0.0421005
0.0426415
0.0431859
0.0437336
0.0442846
0.0448389
0.0453965
0.045957
0.0465208
0.0470876
0.0476574
0.04823
0.0488056
0.049384
0.0499652
0.0505489
0.0511354
0.0517245
0.052316
0.05291
0.0535064
0.0541052
0.0547062
0.0553096
0.0559151
0.0565228
0.0571325
0.0577443
0.0583582
0.0589739
0.0595916
0.0602111
0.0608325
0.0614556
0.0620804
0.0627068
0.0633349
0.0639646
0.0645958
0.0652285
0.0658627
0.0664983
0.0671353
0.0677736
0.0684133
0.0690543
0.0696965
0.0703399
0.0709846
0.0716305
0.0722775
0.0729255
0.0735747
0.074225
0.0748763
0.0755287
0.076182
0.0768364
0.0774916
0.0781479
0.0788051
0.0794632
0.0801222
0.0807821
0.0814428
0.0821044
0.0827669
0.0834301
0.0840942
0.0847591
0.0854248
0.0860913
0.0867585
0.0874266
0.0880954
0.0887649
0.0894352
0.0901063
0.0907776
0.0914486
0.0921188
0.0927879
0.0934555
0.0941217
0.0947864
0.0954497
0.0961117
0.0967727
0.0974328
0.0980923
0.0987515
0.0994104
0.100069
0.100728
0.101388
0.102048
0.102708
0.103369
0.104031
0.104694
0.105358
0.106022
0.106687
0.107354
0.108021
0.108689
0.109358
0.110027
0.110698
0.11137
0.112042
0.112715
0.113389
0.114064
0.11474
0.115417
0.116095
0.116774
0.117453
0.118133
0.118815
0.119497
0.12018
0.120864
0.121549
0.122234
0.122921
0.123609
0.124297
0.124986
0.125676
0.126367
0.127059
0.127752
0.128446
0.129141
0.129836
0.130532
0.13123
0.131928
0.132627
0.133327
0.134028
0.13473
0.135432
0.136136
0.13684
0.137546
0.138252
0.138959
0.139668
0.140377
0.141087
0.141798
0.14251
0.143223
0.143937
0.144651
0.145367
0.146084
0.146802
0.147521
0.148241
0.148962
0.149684
0.150408
0.151132
0.151858
0.152584
0.153312
0.154041
0.154771
0.155502
0.156235
0.156968
0.157703
0.158439
0.159176
0.159915
0.160654
0.161395
0.162137
0.162881
0.163626
0.164372
0.165119
0.165868
0.166618
0.167369
0.168122
0.168876
0.169631
0.170388
0.171146
0.171906
0.172667
0.17343
0.174194
0.174959
0.175726
0.176495
0.177265
0.178036
0.17881
0.179584
0.180361
0.181139
0.181918
0.182699
0.183482
0.184267
0.185053
0.185841
0.186631
0.187422
0.188215
0.18901
0.189807
0.190605
0.191406
0.192208
0.193012
0.193818
0.194626
0.195436
0.196248
0.197061
0.197877
0.198695
0.199515
0.200337
0.20116
0.201986
0.202814
0.203645
0.204477
0.205312
0.206148
0.206987
0.207828
0.208672
0.209517
0.210365
0.211215
0.212068
0.212923
0.21378
0.21464
0.215502
0.216367
0.217234
0.218103
0.218975
0.21985
0.220727
0.221607
0.222489
0.223374
0.224261
0.225152
0.226045
0.22694
0.227838
0.228739
0.229643
0.23055
0.231459
0.232371
0.233286
0.234204
0.235125
0.236049
0.236975
0.237905
0.238837
0.239773
0.240711
0.241653
0.242597
0.243545
0.244496
0.24545
0.246407
0.247367
0.24833
0.249297
0.250267
0.251239
0.252214
0.253193
0.254175
0.25516
0.256148
0.25714
0.258135
0.259133
0.260134
0.261138
0.262146
0.263157
0.264172
0.26519
0.266211
0.267236
0.268264
0.269296
0.270326
0.271357
0.27239
0.273426
0.274466
0.27551
0.276558
0.277609
0.278665
0.279725
0.280789
0.281857
0.282928
0.284003
0.285082
0.286164
0.287249
0.288337
0.289429
0.290523
0.29162
0.29272
0.293822
0.294926
0.296033
0.297142
0.298252
0.299365
0.300479
0.301594
0.302711
0.303829
0.304949
0.306069
0.30719
0.308312
0.309434
0.310557
0.311681
0.312804
0.313928
0.315052
0.316176
0.3173
0.318423
0.319546
0.320669
0.321791
0.322912
0.324033
0.325152
0.326271
0.327389
0.328505
0.32962
0.330733
0.331845
0.332955
0.334063
0.33517
0.336274
0.337376
0.338477
0.339575
0.34067
0.341764
0.342855
0.343943
0.345029
0.346113
0.347193
0.348272
0.349347
0.350419
0.351489
0.352556
0.35362
0.354681
0.355739
0.356794
0.357846
0.358895
0.359941
0.360985
0.362025
0.363062
0.364097
0.365129
0.366158
0.367184
0.368207
0.369228
0.370246
0.371261
0.372273
0.373283
0.37429
0.375294
0.376295
0.377293
0.378288
0.37928
0.38027
0.381257
0.382242
0.383225
0.384204
0.385182
0.386157
0.38713
0.3881
0.389068
0.390034
0.390998
0.39196
0.392919
0.393876
0.394831
0.395785
0.396736
0.397685
0.398632
0.399577
0.400521
0.401462
0.402402
0.40334
0.404277
0.405211
0.406144
0.407076
0.408005
0.408934
0.40986
0.410785
0.411709
0.412631
0.413552
0.414472
0.41539
0.416307
0.417223
0.418137
0.419051
0.419963
0.420875
0.421785
0.422695
0.423604
0.424511
0.425419
0.426325
0.427231
0.428136
0.42904
0.429944
0.430848
0.431751
0.432654
0.433556
0.434459
0.435361
0.436263
0.437165
0.438066
0.438968
0.43987
0.440772
0.441673
0.442575
0.443478
0.44438
0.445282
0.446185
0.447088
0.447992
0.448896
0.4498
0.450705
0.45161
0.452516
0.453422
0.454329
0.455236
0.456144
0.457053
0.457962
0.458872
0.459783
0.460695
0.461607
0.46252
0.463434
0.464349
0.465265
0.466181
0.467099
0.468017
0.468936
0.469857
0.470778
0.4717
0.472623
0.473547
0.474473
0.475399
0.476326
0.477254
0.478183
0.479114
0.480045
0.480978
0.481911
0.482846
0.483782
0.484718
0.485656
0.486595
0.487535
0.488477
0.489419
0.490362
0.491307
0.492252
0.493199
0.494147
0.495096
0.496046
0.496997
0.497949
0.498902
0.499856
0.500812
0.501768
0.502726
0.503685
0.504645
0.505606
0.506567
0.50753
0.508495
0.50946
0.510426
0.511393
0.51236
0.513329
0.514299
0.51527
0.516241
0.517214
0.518187
0.519161
0.520136
0.521111
0.522088
0.523065
0.524043
0.525021
0.526001
0.52698
0.527961
0.528942
0.529924
0.530907
0.53189
0.532873
0.533857
0.534842
0.535827
0.536813
0.537799
0.538786
0.539773
0.540761
0.541748
0.542737
0.543725
0.544714
0.545704
0.546693
0.547683
0.548673
0.549664
0.550654
0.551645
0.552636
0.553627
0.554615
0.555598
0.556575
0.557547
0.558512
0.559473
0.56043
0.561384
0.562335
0.563285
0.564232
0.565178
0.566123
0.567067
0.568009
0.56895
0.569889
0.570828
0.571766
0.572703
0.57364
0.574576
0.575513
0.576449
0.577386
0.578323
0.579259
0.580196
0.581133
0.58207
0.583006
0.583943
0.58488
0.585816
0.586752
0.587689
0.588625
0.589561
0.590497
0.591433
0.592368
0.593304
0.594239
0.595174
0.596109
0.597044
0.597979
0.598913
0.599847
0.600781
0.601715
0.602648
0.603581
0.604514
0.605447
0.606379
0.607312
0.608244
0.609175
0.610107
0.611038
0.611969
0.612899
0.61383
0.61476
0.61569
0.616619
0.617549
0.618478
0.619407
0.620335
0.621264
0.622192
0.62312
0.624048
0.624975
0.625903
0.62683
0.627757
0.628684
0.629611
0.630538
0.631465
0.632391
0.633318
0.634245
0.635171
0.636098
0.637025
0.637951
0.638878
0.639805
0.640731
0.641658
0.642585
0.643512
0.644439
0.645366
0.646294
0.647221
0.648149
0.649076
0.650004
0.650932
0.651861
0.652789
0.653718
0.654647
0.655576
0.656505
0.657435
0.658365
0.659295
0.660226
0.661156
0.662088
0.663019
0.663951
0.664883
0.665816
0.666749
0.667683
0.668617
0.669551
0.670486
0.671422
0.672358
0.673294
0.674231
0.675169
0.676107
0.677046
0.677986
0.678927
0.679868
0.680809
0.681752
0.682695
0.683639
0.684584
0.68553
0.686477
0.687424
0.688373
0.689322
0.690272
0.691224
0.692176
0.69313
0.694084
0.69504
0.695996
0.696954
0.697913
0.698873
0.699834
0.700797
0.701761
0.702726
0.703692
0.70466
0.705629
0.7066
0.707572
0.708545
0.70952
0.710496
0.711474
0.712453
0.713434
0.714417
0.715401
0.716386
0.717374
0.718363
0.719354
0.720346
0.721341
0.722337
0.723335
0.724334
0.725336
0.72634
0.727345
0.728352
0.729362
0.730373
0.731387
0.732402
0.73342
0.734439
0.735461
0.736485
0.737511
0.73854
0.73957
0.740603
0.741638
0.742676
0.743716
0.744758
0.745803
0.74685
0.7479
0.748952
0.750006
0.751063
0.752123
0.753185
0.75425
0.755318
0.756388
0.757461
0.758537
0.759615
0.760697
0.761781
0.762867
0.763957
0.76505
0.766145
0.767244
0.768345
0.76945
0.770557
0.771667
0.772781
0.773897
0.775017
0.77614
0.777266
0.778395
0.779527
0.780662
0.781801
0.782943
0.784088
0.785236
0.786388
0.787543
0.788701
0.789863
0.791028
0.792196
0.793368
0.794543
0.795722
0.796904
0.79809
0.799279
0.800471
0.801667
0.802867
0.80407
0.805276
0.806486
0.8077
0.808917
0.810138
0.811362
0.81259
0.813822
0.815057
0.816296
0.817538
0.818784
0.820034
0.821287
0.822544
0.823805
0.825069
0.826337
0.827608
0.828884
0.830163
0.831445
0.832731
0.834021
0.835315
0.836612
0.837912
0.839217
0.840525
0.841837
0.843152
0.844471
0.845794
0.84712
0.848449
0.849783
0.85112
0.85246
0.853804
0.855152
0.856503
0.857857
0.859215
0.860577
0.861942
0.86331
0.864682
0.866058
0.867436
0.868819
0.870204
0.871593
0.872985
0.874381
0.87578
0.877182
0.878588
0.879996
0.881409
0.882824
0.884243
0.885665
0.88709
0.888518
0.88995
0.891384
0.892822
0.894263
0.895708
0.897155
0.898605
0.900059
0.901516
0.902975
0.904438
0.905904
0.90737
0.908837
0.910305
0.911773
0.913241
0.91471
0.916179
0.917649
0.919119
0.92059
0.922062
0.923535
0.925009
0.926484
0.927962
0.929441
0.930923
0.932406
0.933892
0.93538
0.93687
0.938362
0.939857
0.941352
0.94285
0.944349
0.94585
0.947352
0.948855
0.95036
0.951865
0.953372
0.954879
0.956387
0.957896
0.959405
0.960914
0.962425
0.963935
0.965446
0.966956
0.968467
0.969978
0.971489
0.973
0.974511
0.976021
0.977532
0.979042
0.980552
0.982062
0.983571
0.98508
0.986588
0.988094
0.9896
0.991101
0.992598
0.994091
0.995581
0.997068
0.998553
1.00003
1.00151
1.00299
1.00447
1.00594
1.00741
1.00888
1.01034
1.0118
1.01326
1.01472
1.01618
1.01763
1.01909
1.02054
1.02198
1.02343
1.02487
1.02632
1.02776
1.0292
1.03063
1.03207
1.0335
1.03493
1.03636
1.03778
1.03921
1.04063
1.04204
1.04346
1.04487
1.04628
1.04768
1.04908
1.05048
1.05188
1.05327
1.05465
1.05603
1.05741
1.05879
1.06016
1.06152
1.06289
1.06424
1.0656
1.06695
1.0683
1.06964
1.07098
1.07231
1.07365
1.07497
1.0763
1.07762
1.07894
1.08025
1.08156
1.08287
1.08417
1.08548
1.08677
1.08807
1.08936
1.09065
1.09193
1.09322
1.09449
1.09577
1.09704
1.09831
1.09958
1.10084
1.1021
1.10336
1.10462
1.10587
1.10712
1.10836
1.10961
1.11085
1.11209
1.11332
1.11455
1.11578
1.11701
1.11823
1.11946
1.12068
1.12189
1.12311
1.12432
1.12553
1.12674
1.12794
1.12914
1.13034
1.13154
1.13274
1.13393
1.13513
1.13632
1.1375
1.13869
1.13988
1.14106
1.14224
1.14342
1.1446
1.14577
1.14695
1.14812
1.14929
1.15046
1.15163
1.1528
1.15397
1.15514
1.1563
1.15747
1.15863
1.1598
1.16096
1.16212
1.16328
1.16445
1.16561
1.16677
1.16793
1.16909
1.17025
1.17141
1.17257
1.17374
1.1749
1.17606
1.17722
1.17838
1.17954
1.1807
1.18187
1.18303
1.18419
1.18535
1.18652
1.18768
1.18884
1.19001
1.19117
1.19233
1.1935
1.19466
1.19583
1.19699
1.19816
1.19933
1.20049
1.20166
1.20283
1.204
1.20516
1.20633
1.2075
1.20867
1.20984
1.21101
1.21218
1.21335
1.21453
1.2157
1.21687
1.21804
1.21922
1.22039
1.22157
1.22274
1.22392
1.22509
1.22627
1.22744
1.22862
1.2298
1.23098
1.23215
1.23333
1.23451
1.23569
1.23687
1.23805
1.23923
1.24041
1.24159
1.24277
1.24395
1.24513
1.24631
1.24749
1.24868
1.24986
1.25104
1.25222
1.25341
1.25459
1.25578
1.25696
1.25814
1.25933
1.26051
1.2617
1.26288
1.26407
1.26526
1.26644
1.26763
1.26882
1.27
1.27119
1.27238
1.27356
1.27475
1.27594
1.27713
1.27832
1.27951
1.2807
1.28189
1.28308
1.28427
1.28546
1.28665
1.28784
1.28902
1.29021
1.2914
1.29258
1.29376
1.29494
1.29612
1.2973
1.29847
1.29965
1.30082
1.302
1.30317
1.30434
1.30551
1.30669
1.30786
1.30903
1.3102
1.31137
1.31255
1.31372
1.31489
1.31606
1.31724
1.31841
1.31958
1.32076
1.32193
1.3231
1.32428
1.32545
1.32663
1.3278
1.32898
1.33015
1.33133
1.33251
1.33368
1.33486
1.33604
1.33721
1.33839
1.33957
1.34075
1.34192
1.3431
1.34428
1.34546
1.34664
1.34781
1.34899
1.35017
1.35135
1.35253
1.35371
1.35489
1.35607
1.35725
1.35843
1.35961
1.36079
1.36197
1.36315
1.36433
1.36552
1.3667
1.36788
1.36906
1.37024
1.37142
1.37261
1.37379
1.37497
1.37615
1.37734
1.37852
1.3797
1.38089
1.38207
1.38326
1.38444
1.38563
1.38681
1.388
1.38918
1.39037
1.39155
1.39274
1.39393
1.39512
1.3963
1.39749
1.39868
1.39987
1.40106
1.40225
1.40344
1.40463
1.40582
1.40701
1.4082
1.40939
1.41058
1.41177
1.41297
1.41416
1.41536
1.41655
1.41774
1.41894
1.42014
1.42133
1.42253
1.42373
1.42493
1.42612
1.42732
1.42852
1.42972
1.43093
1.43213
1.43333
1.43453
1.43574
1.43694
1.43815
1.43935
1.44056
1.44177
1.44297
1.44418
1.44539
1.4466
1.44781
1.44903
1.45024
1.45145
1.45267
1.45388
1.4551
1.45632
1.45754
1.45875
1.45997
1.4612
1.46242
1.46364
1.46486
1.46609
1.46731
1.46854
1.46977
1.471
1.47223
1.47346
1.47469
1.47593
1.47716
1.4784
1.47964
1.48087
1.48211
1.48336
1.4846
1.48585
1.48709
1.48834
1.48959
1.49084
1.49209
1.49335
1.4946
1.49586
1.49712
1.49838
1.49964
1.50091
1.50217
1.50344
1.50471
1.50598
1.50725
1.50853
1.5098
1.51108
1.51236
1.51364
1.51493
1.51621
1.5175
1.51879
1.52008
1.52137
1.52266
1.52396
1.52525
1.52655
1.52785
1.52916
1.53046
1.53177
1.53307
1.53438
1.53569
1.53701
1.53832
1.53964
1.54096
1.54228
1.5436
1.54492
1.54625
1.54757
1.5489
1.55023
1.55156
1.5529
1.55423
1.55557
1.55691
1.55825
1.55959
1.56094
1.56228
1.56363
1.56498
1.56633
1.56769
1.56904
1.5704
1.57175
1.57311
1.57448
1.57584
1.5772
1.57857
1.57994
1.58131
1.58268
1.58405
1.58543
1.58681
1.58818
1.58956
1.59095
1.59233
1.59371
1.5951
1.59649
1.59788
1.59927
1.60066
1.60206
1.60345
1.60485
1.60625
1.60765
1.60906
1.61046
1.61187
1.61327
1.61468
1.61609
1.61751
1.61892
1.62034
1.62175
1.62317
1.62459
1.62602
1.62744
1.62887
1.63029
1.63172
1.63315
1.63458
1.63602
1.63745
1.63889
1.64033
1.64177
1.64321
1.64465
1.6461
1.64754
1.64899
1.65044
1.65189
1.65334
1.6548
1.65625
1.65771
1.65917
1.66063
1.66209
1.66356
1.66502
1.66649
1.66796
1.66943
1.6709
1.67237
1.67385
1.67533
1.67681
1.67829
1.67977
1.68125
1.68274
1.68422
1.68571
1.6872
1.68869
1.69018
1.69167
1.69315
1.69464
1.69613
1.69761
1.69909
1.70057
1.70204
1.70352
1.70499
1.70646
1.70793
1.7094
1.71087
1.71233
1.7138
1.71527
1.71673
1.7182
1.71967
1.72114
1.72261
1.72408
1.72555
1.72702
1.72849
1.72996
1.73144
1.73291
1.73438
1.73585
1.73733
1.7388
1.74027
1.74174
1.74321
1.74469
1.74616
1.74763
1.7491
1.75057
1.75204
1.75351
1.75497
1.75644
1.75791
1.75938
1.76084
1.7623
1.76376
1.76522
1.76667
1.76812
1.76957
1.77102
1.77246
1.7739
1.77534
1.77677
1.7782
1.77963
1.78106
1.78248
1.7839
1.78532
1.78674
1.78815
1.78956
1.79097
1.79238
1.79379
1.7952
1.7966
1.798
1.79941
1.80081
1.8022
1.8036
1.805
1.80639
1.80778
1.80917
1.81056
1.81195
1.81334
1.81472
1.8161
1.81749
1.81887
1.82024
1.82162
1.82299
1.82437
1.82574
1.8271
1.82847
1.82983
1.8312
1.83256
1.83391
1.83527
1.83662
1.83798
1.83933
1.84068
1.84202
1.84337
1.84471
1.84605
1.84739
1.84873
1.85006
1.8514
1.85273
1.85406
1.85539
1.85672
1.85804
1.85937
1.86069
1.86201
1.86333
1.86465
1.86596
1.86728
1.86859
1.86991
1.87122
1.87253
1.87384
1.87515
1.87645
1.87776
1.87906
1.88037
1.88167
1.88297
1.88427
1.88557
1.88687
1.88817
1.88946
1.89076
1.89206
1.89335
1.89465
1.89594
1.89723
1.89853
1.89982
1.90111
1.90241
1.9037
1.90499
1.90629
1.90758
1.90887
1.91016
1.91146
1.91275
1.91404
1.91534
1.91663
1.91793
1.91922
1.92052
1.92181
1.92311
1.9244
1.9257
1.927
1.9283
1.92959
1.93089
1.93219
1.9335
1.9348
1.9361
1.9374
1.93871
1.94001
1.94131
1.94262
1.94393
1.94524
1.94654
1.94785
1.94916
1.95047
1.95179
1.9531
1.95441
1.95573
1.95704
1.95836
1.95967
1.96099
1.96231
1.96363
1.96495
1.96627
1.96759
1.96891
1.97024
1.97156
1.97288
1.97421
1.97554
1.97686
1.97819
1.97952
1.98085
1.98218
1.98351
1.98484
1.98618
1.98751
1.98885
1.99018
1.99152
1.99285
1.99419
1.99553
1.99687
1.99821
1.99955
2.00089
2.00223
2.00357
2.00492
2.00626
2.00761
2.00895
2.0103
2.01164
2.01299
2.01434
2.01569
2.01704
2.01839
2.01974
2.02109
2.02244
2.0238
2.02515
2.02651
2.02786
2.02922
2.03057
2.03193
2.03329
2.03464
2.036
2.03736
2.03871
2.04007
2.04142
2.04277
2.04412
2.04547
2.04681
2.04816
2.0495
2.05085
2.05219
2.05353
2.05488
2.05622
2.05757
2.05891
2.06026
2.0616
2.06295
2.06429
2.06564
2.06699
2.06834
2.06969
2.07104
2.07239
2.07374
2.0751
2.07645
2.07781
2.07916
2.08052
2.08188
2.08324
2.0846
2.08596
2.08732
2.08868
2.09004
2.0914
2.09277
2.09413
2.0955
2.09687
2.09824
2.0996
2.10097
2.10234
2.10372
2.10509
2.10646
2.10784
2.10921
2.11059
2.11196
2.11334
2.11472
2.1161
2.11748
2.11886
2.12024
2.12163
2.12301
2.1244
2.12578
2.12717
2.12856
2.12995
2.13134
2.13273
2.13412
2.13551
2.13691
2.1383
2.1397
2.14109
2.14249
2.14389
2.14529
2.14669
2.14809
2.14949
2.1509
2.1523
2.15371
2.15511
2.15652
2.15793
2.15934
2.16075
2.16216
2.16358
2.16499
2.16641
2.16782
2.16924
2.17066
2.17208
2.1735
2.17492
2.17634
2.17776
2.17919
2.18061
2.18204
2.18347
2.1849
2.18633
2.18776
2.18919
2.19062
2.19206
2.1935
2.19493
2.19637
2.19781
2.19925
2.20069
2.20213
2.20358
2.20502
2.20647
2.20792
2.20937
2.21081
2.21227
2.21372
2.21517
2.21663
2.21808
2.21954
2.221
2.22246
2.22392
2.22538
2.22684
2.22831
2.22977
2.23124
2.23271
2.23418
2.23565
2.23712
2.2386
2.24007
2.24155
2.24303
2.2445
2.24599
2.24747
2.24895
2.25044
2.25192
2.25341
2.2549
2.25639
2.25788
2.25937
2.26087
2.26237
2.26386
2.26536
2.26686
2.26837
2.26987
2.27138
2.27288
2.27439
2.2759
2.27742
2.27893
2.28045
2.28196
2.28348
2.285
2.28652
2.28805
2.28957
2.2911
2.29263
2.29416
2.2957
2.29723
2.29877
2.30031
2.30185
2.30339
2.30493
2.30648
2.30803
2.30958
2.31113
2.31268
2.31424
2.3158
2.31736
2.31892
2.32049
2.32205
2.32362
2.32519
2.32676
2.32834
2.32992
2.3315
2.33308
2.33466
2.33625
2.33784
2.33943
2.34102
2.34262
2.34422
2.34582
2.34742
2.34902
2.35063
2.35224
2.35386
2.35547
2.35709
2.35871
2.36033
2.36196
2.36358
2.36521
2.36685
2.36848
2.37012
2.37176
2.37341
2.37505
2.3767
2.37834
2.37998
2.38162
2.38325
2.38489
2.38652
2.38816
2.38979
2.39141
2.39303
2.39463
2.39623
2.39783
2.39943
2.40102
2.40262
2.40422
2.40581
2.40741
2.40902
2.41062
2.41223
2.41384
2.41546
2.41707
2.41869
2.42031
2.42193
2.42355
2.42517
2.42679
2.42841
2.43004
2.43166
2.43329
2.43491
2.43654
2.43817
2.43979
2.44142
2.44305
2.44467
2.4463
2.44793
2.44955
2.45118
2.45281
2.45443
2.45606
2.45768
2.45931
2.46093
2.46256
2.46418
2.4658
2.46742
2.46904
2.47065
2.47225
2.47385
2.47544
2.47703
2.47862
2.48021
2.48179
2.48337
2.48494
2.48651
2.48808
2.48965
2.49122
2.49278
2.49435
2.49591
2.49747
2.49903
2.50058
2.50214
2.50369
2.50524
2.50679
2.50834
2.50989
2.51143
2.51297
2.51451
2.51605
2.51759
2.51912
2.52065
2.52218
2.5237
2.52523
2.52675
2.52826
2.52978
2.53129
2.53279
2.5343
2.5358
2.5373
2.53879
2.54028
2.54177
2.54326
2.54474
2.54622
2.54769
2.54916
2.55063
2.5521
2.55356
2.55502
2.55647
2.55792
2.55937
2.56082
2.56226
2.5637
2.56514
2.56657
2.568
2.56942
2.57085
2.57227
2.57368
2.5751
2.57651
2.57791
2.57932
2.58072
2.58212
2.58351
2.58491
2.5863
2.58768
2.58907
2.59045
2.59183
2.5932
2.59458
2.59595
2.59732
2.59868
2.60005
2.60141
2.60276
2.60412
2.60547
2.60682
2.60817
2.60952
2.61086
2.6122
2.61354
2.61488
2.61621
2.61754
2.61887
2.6202
2.62153
2.62285
2.62417
2.62549
2.62681
2.62812
2.62944
2.63075
2.63206
2.63337
2.63468
2.63598
2.63729
2.63859
2.63989
2.64119
2.64249
2.64379
2.64509
2.64639
2.64768
2.64898
2.65027
2.65156
2.65286
2.65415
2.65544
2.65673
2.65803
2.65932
2.66061
2.6619
2.66319
2.66448
2.66577
2.66707
2.66836
2.66965
2.67094
2.67223
2.67353
2.67482
2.67612
2.67741
2.67871
2.68
2.6813
2.68259
2.68389
2.68519
2.68649
2.68779
2.68909
2.6904
2.6917
2.693
2.69431
2.69561
2.69692
2.69823
2.69954
2.70085
2.70216
2.70347
2.70478
2.7061
2.70742
2.70873
2.71005
2.71137
2.71269
2.71401
2.71533
2.71666
2.71798
2.71931
2.72063
2.72196
2.72329
2.72462
2.72595
2.72728
2.72861
2.72994
2.73128
2.73261
2.73395
2.73528
2.73662
2.73796
2.73929
2.74063
2.74197
2.74331
2.74465
2.74599
2.74733
2.74868
2.75002
2.75136
2.7527
2.75405
2.75539
2.75673
2.75808
2.75942
2.76077
2.76211
2.76346
2.7648
2.76615
2.76749
2.76884
2.77018
2.77152
2.77286
2.77419
2.77551
2.77682
2.77813
2.77944
2.78074
2.78204
2.78334
2.78463
2.78593
2.78722
2.78851
2.78981
2.7911
2.79239
2.79367
2.79496
2.79625
2.79753
2.79882
2.8001
2.80139
2.80267
2.80395
2.80523
2.80651
2.80779
2.80907
2.81034
2.81162
2.8129
2.81418
2.81545
2.81673
2.81801
2.81929
2.82056
2.82184
2.82312
2.82439
2.82567
2.82695
2.82822
2.8295
2.83077
2.83205
2.83332
2.8346
2.83587
2.83715
2.83842
2.83969
2.84097
2.84224
2.84351
2.84478
2.84606
2.84733
2.8486
2.84987
2.85114
2.85241
2.85368
2.85495
2.85622
2.85749
2.85876
2.86003
2.8613
2.86256
2.86383
2.8651
2.86636
2.86763
2.8689
2.87016
2.87143
2.87269
2.87396
2.87522
2.87649
2.87775
2.87902
2.88028
2.88154
2.8828
2.88407
2.88533
2.88659
2.88785
2.88912
2.89038
2.89164
2.8929
2.89416
2.89542
2.89668
2.89794
2.8992
2.90046
2.90172
2.90298
2.90424
2.9055
2.90676
2.90802
2.90928
2.91053
2.91179
2.91305
2.91431
2.91557
2.91683
2.91808
2.91934
2.92059
2.92184
2.92309
2.92434
2.92559
2.92684
2.92809
2.92934
2.93059
2.93184
2.93309
2.93434
2.93559
2.93684
2.93809
2.93934
2.94059
2.94184
2.9431
2.94435
2.9456
2.94686
2.94811
2.94936
2.95062
2.95187
2.95313
2.95439
2.95565
2.9569
2.95816
2.95942
2.96068
2.96195
2.96321
2.96447
2.96574
2.967
2.96827
2.96953
2.9708
2.97207
2.97334
2.97461
2.97588
2.97716
2.97843
2.97971
2.98098
2.98226
2.98354
2.98482
2.9861
2.98739
2.98867
2.98995
2.99124
2.99253
2.99382
2.99511
2.9964
2.99769
2.99899
3.00029
3.00158
3.00288
3.00419
3.00549
3.00679
3.0081
3.00941
3.01072
3.01203
3.01334
3.01465
3.01597
3.01729
3.01861
3.01993
3.02125
3.02258
3.02391
3.02524
3.02657
3.0279
3.02924
3.03057
3.03191
3.03325
3.0346
3.03594
3.03729
3.03864
3.03999
3.04135
3.0427
3.04406
3.04543
3.04679
3.04816
3.04952
3.0509
3.05227
3.05365
3.05502
3.05641
3.05779
3.05918
3.06056
3.06196
3.06335
3.06475
3.06615
3.06755
3.06896
3.07037
3.07178
3.07319
3.07461
3.07603
3.07745
3.07888
3.08031
3.08174
3.08318
3.08462
3.08606
3.08751
3.08895
3.09041
3.09186
3.09332
3.09478
3.09625
3.09772
3.09919
3.10067
3.10214
3.10363
3.10511
3.1066
3.1081
3.1096
3.1111
3.1126
3.11411
3.11562
3.11714
3.11866
3.12017
3.12168
3.12319
3.1247
3.1262
3.1277
3.1292
3.13069
3.13219
3.13368
3.13517
3.13665
3.13814
3.13963
3.14112
3.14261
3.1441
3.14558
3.14707
3.14855
3.15003
3.1515
3.15297
3.15444
3.15591
3.15737
3.15883
3.16028
3.16173
3.16317
3.16461
3.16604
3.16748
3.16891
3.17034
3.17177
3.1732
3.17463
3.17607
3.1775
3.17893
3.18036
3.18179
3.18322
3.18465
3.18608
3.18751
3.18893
3.19036
3.19178
3.19321
3.19463
3.19605
3.19747
3.19889
3.20031
3.20172
3.20313
3.20454
3.20594
3.20733
3.20872
3.2101
3.21148
3.21285
3.21422
3.21558
3.21693
3.21828
3.21963
3.22097
3.22231
3.22364
3.22496
3.22629
3.22761
3.22892
3.23024
3.23155
3.23285
3.23416
3.23546
3.23675
3.23805
3.23934
3.24063
3.24192
3.24321
3.24449
3.24577
3.24705
3.24833
3.2496
3.25087
3.25214
3.2534
3.25466
3.25592
3.25718
3.25843
3.25968
3.26093
3.26217
3.26341
3.26464
3.26588
3.26711
3.26834
3.26956
3.27078
3.272
3.27321
3.27442
3.27563
3.27683
3.27803
3.27923
3.28042
3.28162
3.2828
3.28399
3.28517
3.28635
3.28752
3.2887
3.28987
3.29103
3.2922
3.29336
3.29452
3.29567
3.29682
3.29797
3.29912
3.30026
3.3014
3.30254
3.30368
3.30481
3.30594
3.30706
3.30819
3.30931
3.31043
3.31154
3.31266
3.31377
3.31487
3.31598
3.31708
3.31818
3.31928
3.32038
3.32147
3.32256
3.32365
3.32474
3.32582
3.32691
3.32799
3.32906
3.33014
3.33122
3.33229
3.33336
3.33443
3.3355
3.33656
3.33763
3.33869
3.33975
3.34081
3.34187
3.34292
3.34398
3.34503
3.34608
3.34713
3.34818
3.34923
3.35028
3.35133
3.35237
3.35341
3.35446
3.3555
3.35654
3.35758
3.35862
3.35966
3.3607
3.36173
3.36277
3.3638
3.36484
3.36587
3.3669
3.36794
3.36897
3.37
3.37103
3.37206
3.37309
3.37412
3.37514
3.37617
3.3772
3.37823
3.37925
3.38028
3.3813
3.38233
3.38335
3.38438
3.3854
3.38643
3.38745
3.38847
3.3895
3.39052
3.39154
3.39257
3.39359
3.39461
3.39564
3.39666
3.39768
3.39871
3.39973
3.40076
3.40178
3.4028
3.40383
3.40485
3.40587
3.4069
3.40792
3.40895
3.40997
3.411
3.41202
3.41305
3.41407
3.4151
3.41613
3.41715
3.41818
3.4192
3.42023
3.42126
3.42229
3.42331
3.42434
3.42537
3.4264
3.42742
3.42845
3.42948
3.43051
3.43154
3.43257
3.4336
3.43463
3.43566
3.43669
3.43772
3.43874
3.43977
3.4408
3.44183
3.44286
3.44389
3.44492
3.44595
3.44698
3.44801
3.44904
3.45007
3.4511
3.45213
3.45316
3.45419
3.45522
3.45625
3.45727
3.4583
3.45933
3.46036
3.46139
3.46241
3.46344
3.46447
3.46549
3.46652
3.46754
3.46856
3.46958
3.47059
3.4716
3.47261
3.47362
3.47462
3.47562
3.47663
3.47762
3.47862
3.47962
3.48062
3.48161
3.4826
3.48359
3.48456
3.48553
3.4865
3.48746
3.48842
3.48938
3.49034
3.49129
3.49225
3.4932
3.49415
3.49511
3.49606
3.49701
3.49796
3.49891
3.49986
3.50081
3.50176
3.50271
3.50366
3.50461
3.50555
3.5065
3.50745
3.50839
3.50934
3.51028
3.51123
3.51217
3.51311
3.51406
3.515
3.51594
3.51689
3.51783
3.51877
3.51971
3.52066
3.5216
3.52254
3.52348
3.52442
3.52536
3.52631
3.52725
3.52819
3.52913
3.53007
3.53101
3.53195
3.53289
3.53383
3.53477
3.53571
3.53665
3.53759
3.53853
3.53947
3.54041
3.54135
3.54229
3.54323
3.54417
3.54511
3.54606
3.547
3.54794
3.54888
3.54982
3.55076
3.5517
3.55265
3.55359
3.55453
3.55547
3.55641
3.55736
3.5583
3.55924
3.56019
3.56113
3.56208
3.56302
3.56397
3.56491
3.56586
3.5668
3.56775
3.5687
3.56964
3.57059
3.57154
3.57249
3.57344
3.57438
3.57533
3.57628
3.57723
3.57819
3.57914
3.58009
3.58104
3.58199
3.58294
3.5839
3.58485
3.58581
3.58676
3.58771
3.58867
3.58963
3.59058
3.59154
3.5925
3.59345
3.59441
3.59537
3.59633
3.59729
3.59825
3.59921
3.60017
3.60113
3.60209
3.60305
3.60402
3.60498
3.60594
3.60691
3.60787
3.60883
3.6098
3.61076
3.61173
3.6127
3.61366
3.61463
3.6156
3.61657
3.61753
3.6185
3.61947
3.62044
3.62141
3.62238
3.62335
3.62432
3.6253
3.62627
3.62724
3.62821
3.62919
3.63016
3.63113
3.6321
3.63307
3.63405
3.63502
3.63599
3.63696
3.63792
3.63889
3.63986
3.64083
3.6418
3.64276
3.64373
3.6447
3.64566
3.64663
3.64759
3.64856
3.64953
3.65049
3.65146
3.65243
3.65339
3.65436
3.65533
3.6563
3.65727
3.65823
3.6592
3.66017
3.66114
3.66211
3.66308
3.66405
3.66502
3.66599
3.66696
3.66793
3.6689
3.66987
3.67085
3.67182
3.67279
3.67376
3.67473
3.67571
3.67668
3.67765
3.67863
3.6796
3.68058
3.68155
3.68253
3.6835
3.68448
3.68545
3.68643
3.68741
3.68838
3.68936
3.69034
3.69132
3.6923
3.69328
3.69425
3.69523
3.69621
3.69719
3.69817
3.69916
3.70014
3.70112
3.7021
3.70308
3.70407
3.70505
3.70603
3.70702
3.708
3.70899
3.70997
3.71096
3.71194
3.71293
3.71392
3.71491
3.71589
3.71688
3.71787
3.71886
3.71985
3.72084
3.72184
3.72283
3.72382
3.72482
3.72581
3.7268
3.7278
3.72879
3.72979
3.73079
3.73179
3.73278
3.73378
3.73478
3.73578
3.73678
3.73778
3.73879
3.73979
3.74079
3.7418
3.7428
3.74381
3.74482
3.74582
3.74683
3.74784
3.74885
3.74986
3.75087
3.75188
3.75289
3.7539
3.75492
3.75593
3.75695
3.75796
3.75898
3.75999
3.76101
3.76203
3.76305
3.76407
3.76509
3.76611
3.76713
3.76815
3.76918
3.7702
3.77123
3.77225
3.77328
3.7743
3.77533
3.77636
3.77739
3.77842
3.77945
3.78048
3.78151
3.78255
3.78358
3.78462
3.78565
3.78669
3.78773
3.78877
3.78981
3.79085
3.79189
3.79293
3.79397
3.79502
3.79606
3.79711
3.79815
3.7992
3.80025
3.8013
3.80235
3.8034
3.80445
3.80551
3.80656
3.80762
3.80867
3.80973
3.81079
3.81185
3.81291
3.81397
3.81504
3.8161
3.81717
3.81823
3.8193
3.82037
3.82144
3.82251
3.82358
3.82465
3.82572
3.8268
3.82787
3.82894
3.83002
3.83109
3.83217
3.83325
3.83433
3.83541
3.83648
3.83757
3.83865
3.83973
3.84081
3.84189
3.84298
3.84406
3.84515
3.84623
3.84732
3.84841
3.84949
3.85058
3.85167
3.85277
3.85386
3.85495
3.85604
3.85714
3.85823
3.85933
3.86043
3.86153
3.86263
3.86373
3.86483
3.86594
3.86704
3.86815
3.86925
3.87036
3.87147
3.87258
3.8737
3.87481
3.87593
3.87704
3.87816
3.87928
3.8804
3.88152
3.88265
3.88377
3.8849
3.88603
3.88716
3.8883
3.88943
3.89057
3.89171
3.89285
3.89399
3.89513
3.89628
3.89743
3.89858
3.89973
3.90088
3.90203
3.90319
3.90435
3.90551
3.90667
3.90783
3.90899
3.91015
3.91131
3.91247
3.91363
3.91479
3.91595
3.91711
3.91827
3.91942
3.92058
3.92173
3.92288
3.92403
3.92518
3.92633
3.92748
3.92862
3.92977
3.93091
3.93205
3.93319
3.93433
3.93547
3.9366
3.93774
3.93887
3.94
3.94114
3.94227
3.94339
3.94452
3.94565
3.94677
3.9479
3.94902
3.95015
3.95127
3.95239
3.95351
3.95463
3.95575
3.95688
3.958
3.95912
3.96025
3.96138
3.96251
3.96364
3.96478
3.96591
3.96705
3.96819
3.96934
3.97048
3.97163
3.97279
3.97394
3.9751
3.97626
3.97742
3.97859
3.97976
3.98093
3.9821
3.98328
3.98446
3.98564
3.98682
3.988
3.98919
3.99038
3.99156
3.99275
3.99394
3.99513
3.99632
3.99751
3.9987
3.99989
4.00108
4.00227
4.00346
4.00465
4.00583
4.00701
4.0082
4.00937
4.01055
4.01173
4.0129
4.01407
4.01524
4.01641
4.01758
4.01874
4.0199
4.02106
4.02222
4.02338
4.02453
4.02568
4.02683
4.02798
4.02913
4.03028
4.03142
4.03256
4.03371
4.03485
4.03599
4.03713
4.03827
4.03941
4.04055
4.04168
4.04282
4.04396
4.0451
4.04624
4.04738
4.04852
4.04966
4.0508
4.05194
4.05308
4.05423
4.05537
4.05652
4.05766
4.05881
4.05996
4.06111
4.06227
4.06342
4.06458
4.06574
4.0669
4.06806
4.06923
4.0704
4.07157
4.07274
4.07391
4.07509
4.07627
4.07745
4.07864
4.07983
4.08102
4.08221
4.0834
4.0846
4.0858
4.08701
4.08821
4.08942
4.09064
4.09185
4.09307
4.09429
4.09551
4.09674
4.09797
4.0992
4.10044
4.10168
4.10292
4.10416
4.10541
4.10666
4.10791
4.10917
4.11043
4.11169
4.11295
4.11422
4.11549
4.11676
4.11804
4.11932
4.1206
4.12188
4.12317
4.12446
4.12575
4.12705
4.12835
4.12965
4.13095
4.13226
4.13357
4.13488
4.13619
4.13751
4.13883
4.14016
4.14148
4.14281
4.14414
4.14547
4.14681
4.14815
4.14949
4.15083
4.15218
4.15353
4.15488
4.15623
4.15759
4.15895
4.16031
4.16168
4.16304
4.16441
4.16578
4.16716
4.16853
4.16991
4.17129
4.17268
4.17406
4.17545
4.17684
4.17823
4.17963
4.18103
4.18243
4.18383
4.18524
4.18664
4.18805
4.18946
4.19088
4.1923
4.19371
4.19514
4.19656
4.19799
4.19941
4.20084
4.20228
4.20371
4.20515
4.20659
4.20803
4.20947
4.21092
4.21237
4.21382
4.21527
4.21673
4.21818
4.21964
4.2211
4.22257
4.22403
4.2255
4.22697
4.22844
4.22992
4.2314
4.23287
4.23436
4.23584
4.23732
4.23881
4.2403
4.24179
4.24328
4.24478
4.24628
4.24778
4.24928
4.25078
4.25229
4.25379
4.2553
4.25681
4.25833
4.25984
4.26136
4.26287
4.2644
4.26592
4.26744
4.26897
4.27049
4.27202
4.27355
4.27508
4.27662
4.27815
4.27969
4.28123
4.28277
4.28431
4.28585
4.28739
4.28894
4.29049
4.29203
4.29358
4.29513
4.29669
4.29824
4.2998
4.30135
4.30291
4.30447
4.30603
4.30759
4.30915
4.31072
4.31228
4.31385
4.31542
4.31699
4.31856
4.32013
4.3217
4.32328
4.32485
4.32643
4.32801
4.32959
4.33117
4.33275
4.33433
4.33592
4.3375
4.33909
4.34068
4.34227
4.34386
4.34545
4.34704
4.34863
4.35023
4.35182
4.35342
4.35502
4.35661
4.35821
4.35981
4.36141
4.36301
4.36461
4.36622
4.36782
4.36943
4.37103
4.37264
4.37425
4.37586
4.37747
4.37908
4.38069
4.38231
4.38392
4.38554
4.38715
4.38877
4.39039
4.39201
4.39363
4.39526
4.39688
4.39851
4.40014
4.40177
4.4034
4.40503
4.40666
4.4083
4.40993
4.41157
4.41321
4.41486
4.4165
4.41815
4.41979
4.42144
4.42309
4.42474
4.4264
4.42805
4.42971
4.43137
4.43303
4.43469
4.43636
4.43802
4.43969
4.44136
4.44303
4.44471
4.44638
4.44806
4.44974
4.45142
4.4531
4.45479
4.45647
4.45816
4.45985
4.46155
4.46324
4.46494
4.46664
4.46834
4.47004
4.47174
4.47345
4.47516
4.47687
4.47859
4.4803
4.48202
4.48375
4.48547
4.4872
4.48893
4.49066
4.4924
4.49414
4.49588
4.49763
4.49938
4.50113
4.50289
4.50464
4.50641
4.50817
4.50994
4.51172
4.51349
4.51527
4.51706
4.51885
4.52064
4.52243
4.52423
4.52604
4.52784
4.52965
4.53147
4.53328
4.5351
4.53692
4.53875
4.54057
4.5424
4.54424
4.54607
4.54791
4.54975
4.55159
4.55343
4.55528
4.55712
4.55897
4.56082
4.56266
4.56451
4.56636
4.56822
4.57007
4.57192
4.57378
4.57563
4.57749
4.57934
4.5812
4.58305
4.58491
4.58677
4.58863
4.59049
4.59235
4.5942
4.59606
4.59792
4.59977
4.60163
4.60348
4.60534
4.60719
4.60905
4.6109
4.61275
4.61461
4.61646
4.61832
4.62017
4.62203
4.62388
4.62574
4.62759
4.62945
4.6313
4.63316
4.63501
4.63687
4.63872
4.64058
4.64243
4.64428
4.64614
4.64799
4.64985
4.6517
4.65355
4.6554
4.65726
4.65911
4.66096
4.66281
4.66466
4.66651
4.66836
4.67021
4.67206
4.67391
4.67576
4.6776
4.67945
4.6813
4.68314
4.68499
4.68683
4.68868
4.69052
4.69237
4.69421
4.69605
4.69789
4.69973
4.70157
4.70341
4.70525
4.70709
4.70893
4.71077
4.7126
4.71444
4.71627
4.71811
4.71994
4.72178
4.72361
4.72544
4.72727
4.7291
4.73093
4.73276
4.73459
4.73641
4.73824
4.74007
4.74189
4.74372
4.74554
4.74736
4.74919
4.75101
4.75283
4.75465
4.75647
4.75829
4.7601
4.76192
4.76374
4.76555
4.76737
4.76918
4.77099
4.77281
4.77462
4.77643
4.77824
4.78005
4.78186
4.78367
4.78548
4.78728
4.78909
4.79089
4.7927
4.7945
4.7963
4.7981
4.7999
4.8017
4.8035
4.8053
4.80709
4.80889
4.81068
4.81248
4.81427
4.81606
4.81785
4.81964
4.82143
4.82322
4.82501
4.8268
4.82859
4.83037
4.83216
4.83394
4.83573
4.83752
4.8393
4.84108
4.84287
4.84465
4.84643
4.84821
4.84999
4.85177
4.85355
4.85533
4.85711
4.85888
4.86066
4.86244
4.86421
4.86599
4.86777
4.86954
4.87131
4.87309
4.87486
4.87663
4.8784
4.88017
4.88193
4.8837
4.88547
4.88723
4.88899
4.89076
4.89252
4.89428
4.89603
4.89779
4.89955
4.9013
4.90305
4.90481
4.90656
4.90831
4.91005
4.9118
4.91355
4.91529
4.91703
4.91878
4.92052
4.92226
4.924
4.92574
4.92748
4.92922
4.93095
4.93269
4.93443
4.93616
4.9379
4.93964
4.94137
4.94311
4.94484
4.94658
4.94831
4.95005
4.95178
4.95352
4.95525
4.95699
4.95872
4.96046
4.9622
4.96394
4.96568
4.96743
4.96918
4.97094
4.97269
4.97445
4.97622
4.97798
4.97975
4.98152
4.9833
4.98508
4.98686
4.98865
4.99043
4.99222
4.99402
4.99582
4.99762
4.99942
5.00123
5.00304
5.00485
5.00667
5.00848
5.01031
5.01213
5.01396
5.01579
5.01762
5.01945
5.02128
5.02312
5.02495
5.02678
5.02861
5.03044
5.03228
5.03411
5.03594
5.03777
5.03961
