energy
0.0197392
0.185046
0.895438
1.07752
1.31589
1.50634
1.75915
1.9577
2.2221
2.42682
2.70017
2.90949
3.18972
3.40242
3.6879
3.90304
4.19251
4.40937
4.70182
4.91993
5.21487
5.46003
5.68893
5.94141
6.17189
6.42897
6.66293
6.9261
7.16163
7.42979
7.6655
7.93019
8.17159
8.44006
8.68143
8.95637
9.37496
9.65862
9.89914
10.2532
10.4606
10.6213
11.0396
11.2136
0.35928
1.08834
1.56922
2.116
2.62484
3.54271
4.04873
4.54253
5.20546
6.1267
6.82075
7.30827
7.88419
8.97602
9.67487
10.198
10.7754
11.5998
12.7908
13.3388
14.1907
14.69
15.3264
16.9678
17.5008
18.0632
18.7252
19.57
20.5391
21.2054
22.5581
23.2553
24.1869
24.8408
25.6277
27.0231
27.9622
28.6458
29.424
30.1659
31.9196
32.6461
33.3579
34.0819
34.9398
36.617
37.3642
38.1575
38.9064
39.6787
40.7911
41.5795
43.3969
44.1073
44.857
45.6014
46.7307
47.5371
49.3244
50.043
50.8199
52.0743
52.8696
54.4292
55.2107
56.0466
57.4593
58.2569
59.1035
60.3835
61.2398
62.0381
63.3431
64.1238
64.9707
66.1755
67.0164
67.8361
69.1668
69.9523
70.9573
72.2438
73.2227
73.9898
75.0542
75.9232
76.8658
77.9928
79.0903
80.2196
81.5786
82.8243
84.0813
85.4864
86.7841
88.1834
89.7186
91.4233
93.2687
95.4419
97.3989
99.4527
101.509
103.499
105.392
107.44
109.272
111.166
113.041
114.834
116.622
118.464
120.228
121.985
123.817
125.54
127.256
129.009
130.679
132.306
134.017
135.594
137.18
138.808
140.362
141.871
143.476
144.965
146.468
148.016
149.504
150.967
152.507
153.951
155.42
156.864
158.404
159.826
161.273
162.693
164.155
165.555
166.992
168.38
169.793
171.162
172.589
173.934
175.302
176.643
178.022
179.334
180.684
181.985
183.342
184.632
185.977
187.239
188.567
189.816
191.12
192.359
193.641
194.625
195.703
196.662
197.648
198.592
199.551
200.484
201.45
202.379
203.356
204.291
205.261
206.207
207.175
208.106
209.081
210.003
210.953
211.878
212.813
213.701
214.617
215.501
216.379
217.207
218.056
218.859
219.716
220.528
221.294
222.086
222.839
223.63
224.404
225.136
225.901
226.628
227.422
228.151
228.975
229.709
230.593
231.332
232.263
232.987
233.959
234.658
235.359
236.374
237.045
237.72
238.785
239.434
240.076
241.174
241.803
242.426
243.248
243.876
244.999
245.6
246.194
246.849
247.966
248.55
249.14
249.763
250.854
251.422
251.995
252.604
253.668
254.227
254.789
255.386
256.398
256.95
257.5
258.061
259.026
259.569
260.111
260.659
261.249
261.806
262.401
262.944
263.511
264.063
264.626
265.173
265.731
266.275
266.828
267.371
267.921
268.462
269.012
269.551
270.1
270.635
271.184
271.716
272.264
272.791
273.336
273.86
274.403
274.923
275.462
275.979
276.515
277.029
277.559
278.071
278.601
279.108
279.629
280.137
280.662
281.165
281.68
282.186
282.704
283.205
283.72
284.22
284.736
285.235
285.748
286.248
286.764
287.263
287.777
288.279
288.795
289.297
289.814
290.318
290.837
291.343
291.863
292.371
292.893
293.402
293.926
294.437
294.962
295.476
296.003
296.518
297.046
297.564
298.093
298.613
299.143
299.664
300.195
300.718
301.25
301.775
302.308
302.835
303.368
303.897
304.431
304.962
305.497
306.029
306.565
307.099
307.637
308.172
308.711
309.249
309.789
310.328
310.87
311.412
311.955
312.499
313.044
313.59
314.137
314.685
315.234
315.784
316.336
316.888
317.442
317.997
318.553
319.11
319.669
320.228
320.789
321.352
321.915
322.48
323.046
323.614
324.451
325.256
326.065
326.852
327.621
328.375
329.119
329.853
330.58
331.304
332.028
332.752
333.479
334.208
334.939
335.673
336.413
337.161
337.911
338.664
339.42
340.181
340.945
341.713
342.485
343.275
344.047
344.928
345.643
346.879
347.582
348.305
349.023
349.879
350.813
351.581
352.955
353.702
354.439
355.228
356.702
357.46
358.211
359.047
360.628
361.401
362.164
363.03
364.731
365.513
366.29
367.175
369.013
369.811
370.605
371.494
373.49
374.31
375.127
376.023
378.199
379.043
379.886
380.797
381.925
383.397
384.358
385.812
386.82
388.343
389.356
390.726
391.888
393.28
394.48
395.919
397.16
398.605
399.813
401.382
402.596
404.201
405.442
407.063
408.247
409.924
411.122
412.7
414
415.514
416.793
418.337
419.613
421.148
422.443
423.96
425.27
426.784
428.105
429.619
430.95
432.469
433.808
435.339
436.682
438.241
439.557
441.209
442.444
444.42
445.557
446.905
449.107
450.364
451.496
452.807
454.711
455.979
457.141
458.504
460.165
461.464
462.719
463.917
465.575
466.904
468.027
469.4
470.991
472.182
473.515
474.916
476.286
477.695
479.068
480.301
481.88
483.311
484.543
485.966
487.576
488.847
490.299
491.787
493.349
494.555
495.769
496.981
498.26
499.507
500.721
502.078
503.444
505.295
506.636
508.055
509.547
511.012
512.858
514.29
515.769
517.212
518.675
520.514
522.018
523.471
524.894
526.39
528.273
529.738
531.19
532.686
534.21
535.978
537.44
538.922
540.47
541.978
543.717
545.196
546.709
548.178
549.658
551.241
552.728
554.236
555.827
557.31
558.752
560.248
561.714
563.179
564.488
565.757
567.017
568.351
569.685
571.085
572.41
573.743
575.272
576.612
577.997
579.525
580.899
582.252
583.641
585.185
586.544
587.871
589.22
590.578
591.912
593.264
594.552
595.806
597.109
598.355
599.649
600.867
602.129
603.332
604.572
605.753
606.967
608.129
609.317
610.458
611.619
612.736
613.888
614.978
616.094
617.178
618.261
619.32
620.379
621.415
622.46
623.506
624.488
625.513
626.474
627.487
628.431
629.413
630.336
631.307
632.213
633.149
634.064
634.982
635.861
636.785
637.661
638.589
639.446
640.4
641.247
642.222
643.058
644.079
644.903
645.941
646.754
647.84
648.642
649.454
650.577
651.359
652.151
653.317
654.08
654.842
656.042
656.785
657.525
658.749
659.472
660.192
661.431
662.134
662.833
664.065
664.75
665.43
666.65
667.32
667.98
669.18
669.825
670.473
671.648
672.274
672.898
674.049
674.658
675.265
676.378
676.978
677.569
678.648
679.228
679.813
680.858
681.426
681.992
682.774
683.337
683.914
684.902
685.466
686.037
686.61
687.275
687.839
688.422
689.077
689.635
690.205
690.826
691.384
691.959
692.543
693.11
693.69
694.25
694.825
695.381
695.95
696.502
697.065
697.611
698.169
698.71
699.264
699.799
700.349
700.878
701.424
701.947
702.489
703.006
703.544
704.057
704.59
705.098
705.627
706.131
706.656
707.155
707.677
708.172
708.69
709.181
709.698
710.184
710.69
711.178
711.701
712.18
712.664
713.188
713.664
714.146
714.665
715.142
715.626
716.157
716.634
717.115
717.624
718.107
718.623
719.105
719.602
720.103
720.599
721.111
721.598
722.125
722.609
723.101
723.644
724.128
724.615
725.123
725.616
726.157
726.641
727.127
727.64
728.129
728.662
729.145
729.633
730.163
730.645
731.135
731.676
732.157
732.641
733.149
733.638
734.17
734.649
735.132
735.635
736.124
736.632
737.118
737.625
738.114
738.621
739.111
739.619
740.111
740.62
741.114
741.624
742.12
742.63
743.129
743.639
744.141
744.652
745.157
745.668
746.176
746.688
747.199
747.713
748.227
748.742
749.259
749.777
750.296
750.817
751.339
751.862
752.387
752.914
753.443
753.973
754.505
755.039
755.575
756.113
756.652
757.194
757.737
758.281
758.828
759.376
759.926
760.477
761.03
761.584
762.14
762.697
763.256
763.816
764.378
764.941
765.506
766.072
766.639
767.208
767.779
768.351
768.925
769.5
770.077
770.655
771.235
771.817
772.4
772.985
773.572
774.16
774.75
775.342
775.936
776.531
777.129
777.728
778.328
778.931
779.535
780.141
780.749
781.358
781.969
782.582
783.197
783.813
784.431
785.051
785.673
786.296
786.922
787.548
788.177
788.808
789.44
790.074
790.71
791.347
791.987
792.628
793.494
794.295
795.081
795.878
796.641
797.405
798.194
798.958
799.729
800.541
801.335
802.139
802.96
803.797
804.627
805.493
806.32
807.151
807.999
808.856
809.7
810.593
811.449
812.308
813.185
814.08
814.973
815.912
816.811
817.734
818.699
819.64
820.578
821.595
822.528
823.624
824.499
826.026
826.762
827.582
829.075
829.935
830.867
832.653
833.482
834.401
836.816
837.645
838.556
840.84
841.787
843.91
844.854
845.91
847.765
848.706
850.402
851.325
852.329
853.874
854.791
856.244
857.163
858.143
859.5
860.454
861.76
862.733
863.75
865.027
866.026
867.275
868.302
869.364
870.613
871.673
872.919
874.013
875.114
876.404
877.543
878.82
879.984
881.154
882.465
883.632
884.954
886.153
887.348
888.689
889.895
891.149
892.488
893.759
895.029
896.477
897.764
899.032
900.433
901.731
903.182
904.616
905.945
907.312
908.862
910.239
911.602
913.084
914.596
915.982
917.486
918.886
920.419
921.909
923.35
924.793
926.388
927.838
929.263
930.795
932.331
933.795
935.318
936.766
938.328
939.826
941.268
942.688
944.327
945.768
947.181
948.692
950.213
951.775
953.326
955.01
956.713
958.269
959.843
961.423
962.978
964.466
966.088
967.504
969.044
970.549
971.882
973.323
974.733
976.408
977.836
979.302
980.756
982.457
983.622
984.782
986.121
987.449
988.583
989.947
991.111
992.483
993.875
995.049
996.22
997.779
998.922
1000.07
1001.44
1002.78
1003.83
1004.94
1006.37
1007.88
1009.08
1010.3
1011.8
1013.15
1014.32
1015.55
1017.34
1018.49
1019.61
1020.59
1022.05
1023.32
1024.2
1025.09
1026
1027.21
1028.11
1029.07
1029.93
1030.92
1032.12
1033.03
1033.91
1034.83
1035.7
1036.69
1037.58
1038.64
1039.5
1040.44
1041.37
1042.34
1043.3
1044.28
1045.24
1046.27
1047.24
1048.32
1049.27
1050.36
1051.3
1052.42
1053.34
1054.49
1055.41
1056.59
1057.5
1058.73
1059.64
1061.27
1062.4
1063.55
1064.71
1066.11
1067.5
1068.9
1070.22
1071.53
1072.96
1074.21
1075.69
1076.97
1078.29
1079.77
1081.05
1082.34
1083.64
1084.94
1086.23
1087.52
1088.8
1090.07
1091.32
1092.58
1093.82
1095.05
1096.28
1097.5
1098.73
1099.95
1101.16
1102.37
1103.58
1104.77
1105.98
1107.18
1108.38
1109.56
1110.74
1111.93
1113.1
1114.29
1115.43
1116.67
1117.59
1118.62
1119.71
1120.87
1121.93
1123.02
1124.05
1125.1
1126.12
1127.15
1128.14
1129.14
1130.14
1131.13
1132.11
1133.11
1134.06
1135.11
1136.03
1136.98
1138.19
1139.11
1140.27
1141.19
1142.32
1143.24
1144.34
1145.27
1146.33
1147.24
1148.28
1149.21
1150.22
1151.17
1152.16
1153.04
1154.24
1155.13
1156.31
1157.19
1158.36
1159.22
1160.41
1161.24
1162.26
1163.09
1164.24
1165.02
1166.16
1166.98
1168.03
1168.82
1169.87
1170.64
1171.5
1172.28
1173.37
1174.06
1175.18
1175.98
1176.96
1177.79
1178.77
1179.63
1180.56
1181.46
1182.38
1183.33
1184.24
1185.24
1186.12
1186.75
1188.16
1188.71
1189.78
1190.44
1191.85
1192.36
1193.39
1194.6
1195.25
1195.74
1197.23
1197.69
1198.38
1199.67
1200.31
1200.69
1202.16
1202.48
1203.04
1203.38
1204.8
1205.1
1205.64
1205.93
1206.48
1206.87
1207.53
1207.86
1208.48
1208.75
1209.04
1209.35
1209.86
1210.12
1210.42
1210.74
1211.08
1211.4
1211.71
1212.05
1212.37
1212.63
1212.93
1213.25
1213.53
1213.79
1214.1
1214.35
1214.66
1214.9
1215.2
1215.44
1215.72
1215.96
1216.23
1216.47
1216.73
1216.97
1217.22
1217.46
1217.7
1217.94
1218.18
1218.42
1218.66
1218.9
1219.14
1219.37
1219.61
1219.84
1220.09
1220.31
1220.55
1220.78
1221.02
1221.24
1221.48
1221.7
1221.94
1222.15
1222.38
1222.61
1222.85
1223.06
1223.29
1223.51
1223.75
1223.96
1224.2
1224.42
1224.67
1224.88
1225.1
1225.36
1225.57
1225.79
1226.06
1226.27
1226.5
1226.75
1226.97
1227.21
1227.45
1227.68
1227.95
1228.17
1228.4
1228.68
1228.9
1229.13
1229.39
1229.63
1229.88
1230.12
1230.37
1230.62
1230.87
1231.12
1231.38
1231.64
1231.9
1232.17
1232.44
1232.71
1232.99
1233.27
1233.55
1233.84
1234.13
1234.42
1234.71
1235.01
1235.32
1235.62
1235.93
1236.24
1236.55
1236.86
1237.18
1237.49
1237.81
1238.14
1238.46
1238.79
1239.12
1239.45
1239.78
1240.12
1240.45
1240.8
1241.14
1241.48
1241.83
1242.18
1242.53
1242.89
1243.25
1243.61
1243.97
1244.33
1244.69
1245.06
1245.43
1245.79
1246.16
1246.54
1246.91
1247.28
1247.66
1248.03
1248.41
1248.79
1249.17
1249.55
1249.94
1250.32
1250.71
1251.09
1251.48
1251.87
1252.26
1252.65
1253.04
1253.43
1253.82
1254.22
1254.61
1255.01
1255.4
1255.8
1256.2
1256.59
1256.99
1257.39
1257.79
1258.19
1258.59
1258.99
1259.4
1259.8
1260.2
1260.6
1261.01
1261.41
1261.82
1262.22
1262.63
1263.03
1263.44
1263.84
1264.25
1264.66
1265.07
1265.48
1266.13
1266.77
1267.42
1268.07
1268.78
1269.42
1270.09
1270.74
1271.44
1272.09
1272.79
1273.46
1274.17
1274.83
1275.53
1276.2
1276.89
1277.66
1278.53
1279.33
1280.42
1281.17
1282.09
1283.67
1284.55
1285.24
1286.37
1287.12
1288.76
1289.5
1290.58
1291.35
1292.17
1293.43
1294.45
1295.44
1296.54
1297.55
1298.73
1299.72
1300.67
1301.79
1302.71
1303.62
1304.64
1305.51
1306.35
1307.31
1308.12
1308.94
1309.84
1310.64
1311.42
1312.32
1313.09
1313.88
1314.73
1315.51
1316.27
1317.14
1317.89
1318.68
1319.52
1320.31
1321.08
1321.95
1322.72
1323.53
1324.38
1325.18
1325.97
1326.85
1327.63
1328.45
1329.32
1330.13
1330.93
1331.82
1332.62
1333.44
1334.31
1335.15
1335.94
1336.86
1337.64
1338.48
1339.33
1340.16
1340.93
1341.83
1342.59
1343.41
1344.25
1345.05
1345.8
1346.69
1347.43
1348.24
1349.05
1349.85
1350.57
1351.45
1352.17
1352.96
1353.75
1354.53
1355.24
1356.08
1356.77
1357.55
1358.29
1359.05
1359.69
1360.54
1361.15
1361.85
1362.6
1363.26
1363.89
1364.64
1365.41
1366.04
1366.68
1367.3
1367.85
1368.58
1369.13
1369.94
1370.54
1371.14
1371.65
1372.32
1373.06
1373.63
1374.21
1374.77
1375.27
1376.03
1376.52
1377.08
1377.71
1378.29
1378.81
1379.67
1380.21
1380.53
1380.97
1381.31
1381.92
1382.32
1382.73
1383.05
1383.47
1384.17
1384.41
1384.73
1385.16
1385.5
1386.05
1386.61
1386.85
1387.13
1387.65
1388.28
1388.51
1389.04
1389.29
1389.63
1390.51
1390.78
1391.02
1391.52
1391.8
1392.51
1393.05
1393.35
1393.6
1393.94
1394.99
1395.27
1395.53
1395.83
1396.45
1396.94
1397.22
1397.6
1398.35
1398.68
1399.15
1399.46
1399.96
1400.36
1400.72
1401.5
1401.82
1402.22
1402.54
1402.95
1403.59
1403.98
1404.29
1404.65
1404.99
1405.42
1405.75
1406.19
1406.52
1406.89
1407.24
1407.61
1407.95
1408.35
1408.67
1409.1
1409.41
1409.88
1410.18
1410.69
1410.99
1411.54
1411.84
1412.43
1412.73
1413.37
1413.66
1413.96
1414.25
1414.55
1414.85
1415.15
1415.45
1415.76
1416.06
1416.36
1416.67
1416.97
1417.28
1417.59
1417.9
1418.21
1418.52
1418.83
1419.15
1419.46
1419.78
1420.1
1420.42
1420.75
1421.07
1421.4
1421.72
1422.05
1422.38
1422.71
1423.04
1423.37
1423.7
1424.04
1424.37
1424.71
1425.04
1425.38
1425.72
1426.06
1426.39
1426.8
1427.13
1427.54
1427.87
1428.27
1428.61
1429.01
1429.35
1429.75
1430.09
1430.5
1430.83
1431.24
1431.58
1431.98
1432.32
1432.73
1433.07
1433.49
1433.83
1434.24
1434.59
1435.01
1435.35
1435.78
1436.13
1436.55
1436.9
1437.34
1437.69
1438.13
1438.49
1438.93
1439.29
1439.74
1440.11
1440.56
1440.93
1441.39
1441.77
1442.23
1442.62
1443.09
1443.48
1443.96
1444.36
1444.84
1445.25
1445.75
1446.16
1446.67
1447.09
1447.62
1448.05
1448.58
1449.02
1449.57
1450.02
1450.58
1451.04
1451.61
1452.08
1452.66
1453.14
1453.75
1454.24
1454.86
1455.36
1455.99
1456.5
1457.15
1457.67
1458.35
1458.88
1459.56
1460.11
1460.82
1461.37
1462.1
1462.67
1463.42
1463.99
1464.77
1465.35
1466.15
1466.74
1467.49
1468.09
1468.73
1469.6
1470.21
1471.07
1471.73
1472.37
1473.26
1473.94
1474.85
1475.48
1476.43
1477.08
1478.05
1478.71
1479.37
1480.19
1480.82
1481.46
1482.1
1482.75
1483.4
1484.05
1484.69
1485.34
1485.98
1486.62
1487.26
1487.9
1488.54
1489.18
1489.82
1490.46
1491.11
1491.75
1492.4
1493.05
1493.71
1494.37
1495.02
1495.68
1496.34
1497
1497.66
1498.32
1498.98
1499.64
1500.3
1500.97
1501.63
1502.3
1502.97
1503.63
1504.3
1504.97
1505.64
1506.31
1506.98
1507.65
1508.33
1509.01
1509.68
1510.36
1511.04
1511.71
1512.39
1513.07
1513.74
1514.42
1515.09
1515.76
1516.44
1517.11
1517.77
1518.44
1519.1
1519.76
1520.42
1521.08
1521.73
1522.38
1523.02
1523.66
1524.3
1524.93
1525.56
1526.18
1526.8
1527.42
1528.03
1528.64
1529.25
1529.85
1530.44
1531.04
1531.63
1532.21
1532.79
1533.37
1533.94
1534.51
1535.08
1535.64
1536.2
1536.76
1537.31
1537.86
1538.4
1538.95
1539.48
1540.02
1540.54
1541.11
1541.59
1542.17
1542.64
1543.14
1543.89
1544.35
1545.08
1545.54
1546.24
1546.7
1547.38
1547.83
1548.49
1548.93
1549.57
1550.02
1550.64
1551.07
1551.68
1552.11
1552.71
1553.13
1553.71
1554.12
1554.69
1555.1
1555.65
1556.04
1556.57
1556.95
1557.45
1557.82
1558.29
1558.9
1559.5
1560.12
1560.73
1561.34
1561.95
1562.56
1563.17
1563.77
1564.38
1564.99
1565.59
1566.2
1566.8
1567.4
1568
1568.6
1569.2
1569.8
1570.4
1571
1571.59
1572.24
1572.84
1573.49
1574.1
1574.75
1575.37
1576.02
1576.48
1576.94
1577.4
1577.87
1578.33
1578.8
1579.41
1580.03
1580.88
1581.49
1582.1
1582.72
1583.51
1584.12
1584.75
1585.5
1586.12
1586.86
1587.48
1588.21
1588.84
1589.55
1590.18
1590.88
1591.52
1592.22
1592.86
1593.55
1594.19
1594.88
1595.53
1596.22
1596.87
1597.55
1598.2
1598.89
1599.54
1600.22
1600.88
1601.56
1602.22
1602.91
1603.57
1604.26
1604.93
1605.63
1606.29
1606.99
1607.67
1608.37
1609.04
1609.75
1610.42
1611.13
1611.75
1612.39
1613
1613.62
1614.23
1614.84
1615.45
1616.05
1616.66
1617.26
1617.86
1618.46
1619.06
1619.65
1620.24
1620.83
1621.41
1621.98
1622.55
1623.12
1623.69
1624.25
1624.8
1625.36
1625.91
1626.45
1627
1627.54
1628.07
1628.6
1629.23
1629.74
1630.35
1630.85
1631.45
1631.95
1632.52
1633.02
1633.59
1634.09
1634.67
1635.18
1635.76
1636.26
1636.82
1637.32
1637.87
1638.36
1638.89
1639.37
1639.89
1640.57
1641.26
1641.93
1642.62
1643.3
1643.98
1644.66
1645.33
1645.99
1646.65
1647.3
1647.93
1648.57
1649.2
1649.82
1650.44
1651.06
1651.68
1652.3
1652.91
1653.52
1654.14
1654.75
1655.37
1656
1656.65
1657.33
1657.97
1658.65
1659.3
1659.97
1660.64
1661.29
1662.01
1662.64
1663.28
1663.99
1664.61
1665.4
1665.99
1666.66
1667.44
1668.06
1668.7
1669.54
1670.13
1670.8
1671.64
1672.26
1672.9
1673.75
1674.35
1675.04
1675.81
1676.47
1677.23
1677.9
1678.64
1679.32
1680.07
1680.76
1681.5
1682.2
1682.92
1683.64
1684.35
1685.08
1685.79
1686.52
1687.24
1687.97
1688.71
1689.45
1690.22
1690.92
1692.24
1692.83
1693.41
1694.05
1695.3
1695.91
1696.5
1697.15
1698.23
1698.87
1699.49
1700.15
1701.13
1701.79
1702.43
1703.11
1704.02
1704.69
1705.35
1706.04
1706.89
1707.58
1708.24
1708.93
1709.75
1710.44
1711.1
1711.79
1712.58
1713.27
1713.93
1714.63
1715.4
1716.09
1716.75
1717.47
1718.13
1718.9
1719.56
1720.25
1720.99
1721.68
1722.33
1723.1
1723.76
1724.45
1725.19
1725.88
1726.54
1727.31
1727.97
1728.65
1729.39
1730.09
1730.75
1731.52
1732.18
1732.88
1733.62
1734.32
1735
1735.77
1736.44
1737.15
1737.91
1738.63
1739.33
1740.14
1740.85
1741.58
1742.37
1743.11
1743.82
1744.63
1745.34
1746.07
1746.84
1747.57
1748.26
1749.06
1749.74
1750.46
1751.21
1751.92
1752.58
1753.36
1754.01
1754.7
1755.43
1756.11
1756.74
1757.5
1758.13
1758.8
1759.5
1760.17
1760.78
1761.51
1762.15
1762.78
1763.47
1764.11
1764.76
1765.47
1766.06
1766.69
1767.38
1768.01
1768.62
1769.33
1769.91
1770.52
1771.17
1771.57
1771.92
1772.42
1772.76
1773.22
1773.65
1774.13
1774.49
1775.08
1775.46
1775.85
1776.49
1776.93
1777.34
1777.89
1778.38
1778.84
1779.39
1779.93
1780.39
1780.92
1781.62
1782.1
1782.56
1783.13
1783.6
1784.18
1784.64
1785.17
1785.72
1786.22
1786.71
1787.26
1787.74
1788.3
1788.78
1789.33
1789.83
1790.37
1790.87
1791.4
1791.89
1792.44
1792.93
1793.48
1793.96
1794.5
1795
1795.53
1796.02
1796.56
1797.05
1797.59
1798.08
1798.64
1799.13
1799.7
1800.19
1800.8
1801.28
1801.9
1802.41
1803.05
1803.54
1804.23
1804.71
1805.42
1805.9
1806.65
1807.13
1807.89
1808.38
1808.93
1809.41
1809.91
1810.42
1810.92
1811.43
1811.94
1812.45
1812.96
1813.47
1813.98
1814.49
1815
1815.52
1816.03
1816.54
1817.05
1817.57
1818.08
1818.6
1819.11
1819.63
1820.15
1820.66
1821.18
1821.7
1822.21
1822.73
1823.25
1823.76
1824.28
1824.8
1825.32
1825.83
1826.35
1826.87
1827.38
1827.9
1828.42
1828.94
1829.46
1829.97
1830.49
1831.01
1831.53
1832.05
1832.57
1833.09
1833.61
1834.13
1834.64
1835.16
1835.68
1836.2
1836.72
1837.23
1837.75
1838.26
1838.78
1839.29
1839.81
1840.32
1840.83
1841.34
1841.85
1842.36
1842.86
1843.37
1843.88
1844.38
1844.88
1845.38
1845.88
1846.38
1846.88
1847.38
1847.87
1848.37
1848.86
1849.36
1849.85
1850.34
1850.83
1851.32
1851.81
1852.3
1852.79
1853.28
1853.77
1854.26
1854.75
1855.24
1855.73
1856.22
1856.7
1857.19
1857.68
1858.17
1858.66
1859.15
1859.64
1860.13
1860.62
1861.11
1861.6
1862.09
1862.59
1863.08
1863.57
1864.06
1864.56
1865.05
1865.55
1866.04
1866.54
1867.03
1867.53
1868.03
1868.52
1869.02
1869.52
1870.02
1870.52
1871.02
1871.52
1872.02
1872.52
1873.02
1873.53
1874.03
1874.53
1875.04
1875.54
1876.05
1876.55
1877.06
1877.57
1878.07
1878.58
1879.09
1879.6
1880.1
1880.61
1881.12
1881.63
1882.14
1882.65
1883.16
1883.67
1884.18
1884.69
1885.2
1885.72
1886.23
1886.74
1887.25
1887.76
1888.28
1888.79
1889.3
1889.81
1890.32
1890.84
1891.35
1891.86
1892.37
1892.88
1893.39
1893.91
1894.42
1894.93
1895.44
1895.95
1896.46
1896.97
1897.48
1897.99
1898.49
1899
1899.51
1900.02
1900.52
1901.03
1901.54
1902.04
1902.55
1903.05
1903.55
1904.06
1904.56
1905.06
1905.56
1906.07
1906.57
1907.07
1907.56
1908.06
1908.56
1909.06
1909.56
1910.05
1910.55
1911.04
1911.54
1912.03
1912.53
1913.02
1913.51
1914.01
1914.5
1914.99
1915.48
1915.97
1916.46
1916.95
1917.44
1917.93
1918.41
1918.9
1919.39
1919.87
1920.36
1920.85
1921.33
1921.82
1922.3
1922.79
1923.27
1923.75
1924.24
1924.72
1925.2
1925.69
1926.17
1926.65
1927.13
1927.61
1928.1
1928.58
1929.06
1929.54
1930.02
1930.5
1930.98
1931.46
1931.94
1932.42
1932.9
1933.38
1933.86
1934.34
1934.82
1935.3
1935.78
1936.26
1936.74
1937.21
1937.69
1938.17
1938.65
1939.13
1939.61
1940.09
1940.57
1941.05
1941.52
1942
1942.48
1942.96
1943.44
1943.92
1944.39
1944.87
1945.35
1945.83
1946.31
1946.78
1947.26
1947.74
1948.22
1948.69
1949.17
1949.9
1950.59
1951.28
1951.95
1952.62
1953.3
1953.97
1954.64
1955.31
1955.98
1956.66
1957.33
1958
1958.68
1959.35
1960.03
1960.7
1961.38
1962.06
1962.74
1963.42
1964.1
1964.78
1965.45
1966.13
1966.8
1967.47
1968.15
1968.95
1969.6
1970.24
1970.89
1971.78
1972.43
1973.07
1973.72
1974.45
1975.11
1976.06
1976.73
1977.37
1978.04
1979.03
1979.7
1980.36
1981.04
1982.09
1982.76
1983.44
1984.13
1985.23
1985.91
1986.6
1987.29
1988.46
1989.15
1989.84
1990.53
1991.77
1992.46
1993.13
1993.86
1995.12
1995.8
1996.48
1997.18
1998.4
1999.12
1999.78
2000.98
2001.65
2002.39
2003.42
2004.17
2004.83
2005.84
2006.49
2007.23
2008.14
2008.86
2009.55
2010.51
2011.21
2012.01
2012.94
2013.76
2014.58
2015.62
2016.48
2017.43
2018.48
2019.47
2020.45
2021.61
2022.62
2023.68
2024.82
2025.9
2026.97
2028.16
2029.23
2030.34
2031.51
2032.62
2033.71
2034.9
2035.99
2037.1
2038.27
2039.38
2040.47
2041.66
2042.76
2043.87
2045.05
2046.17
2047.28
2048.5
2049.61
2050.76
2051.95
2053.09
2054.21
2055.42
2056.54
2057.67
2058.85
2060
2061.09
2062.3
2063.38
2064.51
2065.65
2066.76
2067.8
2068.97
2070
2071.07
2072.17
2073.22
2074.22
2075.34
2076.31
2077.31
2078.38
2079.36
2080.29
2081.34
2082.25
2083.2
2084.18
2085.11
2086.03
2087.09
2088
2088.97
2089.97
2090.93
2091.83
2092.86
2093.5
2094.23
2094.96
2095.72
2096.37
2097.11
2097.86
2098.52
2099.38
2100.05
2100.71
2101.67
2102.38
2103.09
2104.04
2104.74
2105.41
2106.2
2107.08
2107.76
2108.48
2109.16
2110.04
2110.8
2111.42
2112.1
2113.07
2113.73
2114.35
2115.02
2115.73
2116.39
2117.14
2117.79
2118.4
2119.28
2119.88
2120.5
2121.11
2121.79
2122.42
2123.35
2123.94
2124.56
2125.12
2125.76
2126.66
2127.27
2127.83
2128.42
2129.01
2129.74
2130.28
2130.88
2131.64
2132.22
2132.76
2133.35
2133.98
2134.56
2135.15
2135.75
2136.36
2136.94
2137.55
2138.12
2138.69
2139.31
2139.89
2140.49
2141.08
2141.69
2142.26
2142.9
2143.46
2144.11
2144.66
2145.34
2145.89
2146.58
2147.12
2147.83
2148.38
2149.08
2149.61
2150.36
2150.9
2151.65
2152.18
2152.94
2153.47
2154.23
2154.75
2155.52
2156.03
2156.79
2157.3
2158.05
2158.56
2159.3
2159.81
2160.54
2161.04
2161.77
2162.26
2162.98
2163.47
2164.19
2164.68
2165.4
2165.88
2166.6
2167.07
2167.81
2168.27
2169.01
2169.47
2170.22
2170.68
2171.18
2171.65
2172.16
2172.62
2173.1
2173.57
2174.07
2174.53
2175.03
2175.49
2175.99
2176.45
2176.95
2177.42
2177.92
2178.38
2178.88
2179.35
2179.85
2180.32
2180.82
2181.29
2181.8
2182.27
2182.77
2183.25
2183.75
2184.23
2184.73
2185.22
2185.72
2186.2
2186.7
2187.2
2187.7
2188.19
2188.69
2189.19
2189.7
2190.2
2190.71
2191.22
2191.73
2192.24
2192.75
2193.27
2193.78
2194.3
2194.82
2195.35
2195.87
2196.4
2196.92
2197.45
2197.98
2198.51
2199.04
2199.57
2200.11
2200.64
2201.18
2201.72
2202.26
2202.8
2203.34
2203.88
2204.42
2204.96
2205.51
2206.05
2206.6
2207.14
2207.69
2208.24
2208.79
2209.34
2209.89
2210.45
2211
2211.55
2212.11
2212.67
2213.22
2213.78
2214.34
2214.9
2215.46
2216.03
2216.59
2217.15
2217.72
2218.29
2218.85
2219.42
2219.99
2220.56
2221.13
2221.7
2222.28
2222.85
2223.43
2224
2224.58
2225.16
2225.74
2226.32
2226.9
2227.48
2228.06
2228.64
2229.22
2229.81
2230.39
2230.97
2231.56
2232.14
2232.73
2233.32
2233.9
2234.49
2235.08
2235.67
2236.26
2236.84
2237.43
2238.02
2238.61
2239.2
2239.79
2240.38
2240.96
2241.55
2242.14
2242.73
2243.31
2243.9
2244.49
2245.07
2245.66
2246.24
2246.83
2247.41
2247.99
2248.57
2249.15
2249.72
2250.3
2250.88
2251.45
2252.02
2252.59
2253.16
2253.73
2254.29
2254.85
2255.41
2255.97
2256.53
2257.09
2257.64
2258.19
2258.74
2259.28
2259.83
2260.37
2260.91
2261.45
2261.98
2262.52
2263.05
2263.58
2264.1
2264.63
2265.15
2265.67
2266.19
2266.71
2267.22
2267.73
2268.24
2268.75
2269.26
2269.76
2270.27
2270.77
2271.27
2271.77
2272.26
2272.76
2273.25
2273.74
2274.23
2274.72
2275.21
2275.7
2276.18
2276.66
2277.15
2277.63
2278.11
2278.59
2279.07
2279.54
2280.02
2280.5
2280.97
2281.44
2281.92
2282.39
2282.86
2283.33
2283.8
2284.27
2284.74
2285.21
2285.68
2286.14
2286.61
2287.08
2287.54
2288.01
2288.47
2288.94
2289.4
2289.86
2290.33
2290.79
2291.25
2291.71
2292.17
2292.63
2293.09
2293.55
2294.01
2294.46
2294.92
2295.38
2295.83
2296.29
2296.74
2297.19
2297.65
2298.1
2298.55
2299
2299.45
2299.9
2300.34
2300.79
2301.24
2301.68
2302.12
2302.57
2303.01
2303.45
2303.89
2304.33
2304.77
2305.21
2305.64
2306.08
2306.51
2306.95
2307.38
2307.81
2308.24
2308.67
2309.1
2309.53
2309.95
2310.38
2310.81
2311.23
2311.66
2312.08
2312.5
2312.92
2313.34
2313.76
2314.18
2314.6
2315.02
2315.44
2315.85
2316.27
2316.68
2317.1
2317.51
2317.92
2318.33
2318.74
2319.16
2319.57
2319.97
2320.38
2320.79
2321.2
2321.61
2322.01
2322.42
2322.82
2323.23
2323.63
2324.04
2324.44
2324.84
2325.24
2325.65
2326.05
2326.45
2326.85
2327.25
2327.65
2328.05
2328.44
2328.84
2329.24
2329.64
2330.03
2330.43
2330.83
2331.22
2331.62
2332.02
2332.41
2332.81
2333.2
2333.6
2333.99
2334.62
2335.22
2335.83
2336.44
2337.03
2337.61
2338.23
2338.82
2339.41
2340.02
2340.61
2341.2
2341.8
2342.39
2343.02
2343.61
2344.21
2344.82
2345.45
2346.07
2346.73
2347.35
2347.98
2348.62
2349.28
2349.92
2350.6
2351.22
2352.23
2352.81
2353.43
2354.03
2354.66
2355.69
2356.32
2356.91
2357.54
2358.47
2359.09
2359.69
2360.84
2361.45
2362.14
2362.78
2364
2364.61
2365.26
2366.44
2367.12
2367.91
2369.1
2369.91
2371.14
2372.05
2372.98
2374.24
2375.2
2376.43
2377.42
2378.42
2379.65
2380.66
2381.87
2382.91
2383.97
2385.18
2386.25
2387.43
2388.52
2389.75
2390.86
2391.98
2393.26
2394.41
2395.61
2396.9
2398.12
2399.34
2400.7
2401.96
2403.26
2404.67
2406
2407.33
2408.79
2410.14
2411.52
2412.98
2414.37
2415.76
2417.26
2418.66
2420.1
2421.61
2423.06
2424.5
2426.05
2427.5
2428.97
2430.53
2432
2433.49
2435.04
2436.58
2438.03
2439.56
2441.17
2442.59
2444.14
2445.6
2447.19
2448.71
2450.17
2451.62
2453.39
2454.83
2456.29
2457.81
2459.27
2460.73
2462.33
2463.76
2465.41
2466.91
2468.35
2469.76
2471.28
2472.7
2474.26
2475.74
2477.18
2478.62
2480.19
2481.66
2483.14
2484.84
2486.32
2487.51
2488.88
2490.08
2491.44
2492.77
2494.15
2495.38
2496.91
2498.29
2499.56
2500.89
2502.36
2503.65
2505.08
2506.57
2508.03
2509.4
2510.93
2512.23
2513.61
2514.97
2516.57
2517.93
2519.26
2520.57
2522.18
2523.53
2524.88
2526.13
2527.7
2528.97
2530.24
2531.48
2533.04
2534.24
2535.48
2536.65
2538.18
2539.33
2540.51
2541.64
2542.84
2544.06
2545.18
2546.36
2547.46
2548.65
2549.7
2550.74
2552.12
2553.09
2554.11
2555.08
2556.01
2557
2557.99
2558.91
2559.83
2560.75
2561.64
2562.51
2563.37
2564.22
2565.04
2565.87
2566.69
2567.46
2568.25
2568.98
2569.75
2570.46
2571.22
2571.94
2572.63
2573.34
2574.01
2574.71
2575.37
2576.08
2576.74
2577.47
2578.12
2578.9
2579.53
2580.31
2580.92
2581.75
2582.33
2583.15
2583.71
2584.55
2585.09
2585.73
2586.26
2587.12
2587.62
2588.13
2589.01
2589.5
2589.99
2590.56
2591.07
2591.95
2592.43
2592.91
2593.42
2594.27
2594.75
2595.22
2595.79
2596.26
2596.85
2597.31
2597.8
2598.58
2599.04
2599.8
2600.27
2601.02
2601.48
2602.21
2602.67
2603.39
2603.85
2604.56
2605.01
2605.71
2606.16
2606.84
2607.29
2607.96
2608.41
2609.07
2609.51
2610.17
2610.6
2611.25
2611.69
2612.33
2612.76
2613.39
2613.82
2614.45
2614.88
2615.5
2615.92
2616.54
2616.97
2617.58
2618
2618.61
2619.02
2619.63
2620.04
2620.64
2621.05
2621.65
2622.06
2622.66
2623.07
2623.67
2624.07
2624.69
2625.1
2625.73
2626.14
2626.81
2627.21
2627.65
2628.11
2628.53
2629
2629.43
2629.89
2630.33
2630.83
2631.26
2631.73
2632.2
2632.67
2633.14
2633.62
2634.1
2634.58
2635.07
2635.55
2636.06
2636.53
2637.05
2637.53
2638.05
2638.53
2639.05
2639.54
2640.07
2640.57
2641.09
2641.6
2642.13
2642.64
2643.17
2643.69
2644.23
2644.76
2645.29
2645.83
2646.36
2646.9
2647.44
2647.99
2648.53
2649.08
2649.63
2650.18
2650.73
2651.29
2651.84
2652.4
2652.96
2653.52
2654.09
2654.65
2655.22
2655.79
2656.36
2656.93
2657.5
2658.08
2658.66
2659.24
2659.82
2660.4
2660.98
2661.57
2662.16
2662.75
2663.34
2663.93
2664.53
2665.12
2665.72
2666.32
2666.92
2667.52
2668.13
2668.73
2669.34
2669.95
2670.56
2671.17
2671.78
2672.4
2673.01
2673.63
2674.25
2674.87
2675.49
2676.11
2676.73
2677.36
2677.99
2678.62
2679.25
2679.88
2680.51
2681.14
2681.78
2682.41
2683.05
2683.69
2684.33
2684.97
2685.62
2686.26
2686.91
2687.55
2688.2
2688.85
2689.5
2690.15
2690.8
2691.46
2692.11
2692.77
2693.43
2694.09
2694.75
2695.41
2696.07
2696.73
2697.4
2698.06
2698.73
2699.4
2700.07
2700.74
2701.41
2702.08
2702.76
2703.43
2704.11
2704.79
2705.47
2706.15
2706.83
2707.51
2708.2
2708.88
2709.57
2710.26
2710.94
2711.63
2712.33
2713.02
2713.71
2714.41
2715.11
2715.8
2716.5
2717.2
2717.91
2718.61
2719.31
2720.02
2720.72
2721.43
2722.14
2722.85
2723.56
2724.27
2724.98
2725.69
2726.41
2727.12
2727.83
2728.55
2729.26
2729.98
2730.7
2731.41
2732.13
2732.85
2733.57
2734.28
2735
2735.72
2736.44
2737.16
2737.88
2738.6
2739.32
2740.04
2740.76
2741.48
2742.2
2742.92
2743.63
2744.35
2745.07
2745.78
2746.5
2747.21
2747.92
2748.63
2749.34
2750.05
2750.76
2751.47
2752.17
2752.88
2753.58
2754.28
2754.98
2755.67
2756.37
2757.06
2757.75
2758.44
2759.13
2759.81
2760.49
2761.17
2761.85
2762.52
2763.2
2763.87
2764.54
2765.2
2765.86
2766.53
2767.18
2767.84
2768.49
2769.14
2769.78
2770.43
2771.07
2771.7
2772.34
2772.97
2773.59
2774.21
2774.83
2775.45
2776.06
2776.67
2777.28
2777.88
2778.48
2779.08
2779.67
2780.26
2780.84
2781.42
2782
2782.58
2783.15
2783.72
2784.28
2784.85
2785.4
2785.96
2786.51
2787.06
2787.6
2788.14
2788.68
2789.22
2789.75
2790.28
2790.81
2791.33
2791.85
2792.37
2792.88
2793.39
2793.9
2794.4
2794.9
2795.4
2795.9
2796.39
2796.88
2797.37
2797.86
2798.34
2798.82
2799.29
2799.77
2800.24
2800.71
2801.17
2801.64
2802.1
2802.56
2803.01
2803.47
2803.92
2804.37
2804.81
2805.26
2805.7
2806.14
2806.58
2807.01
2807.45
2807.88
2808.31
2808.73
2809.16
2809.58
2810
2810.42
2810.84
2811.26
2811.67
2812.08
2812.49
2812.9
2813.31
2813.71
2814.12
2814.75
2815.34
2815.96
2816.54
2817.13
2817.71
2818.3
2818.87
2819.46
2820.02
2820.62
2821.2
2821.8
2822.36
2822.93
2823.58
2824.15
2825.07
2825.72
2826.78
2827.53
2828.58
2829.77
2830.72
2831.44
2832.43
2833.55
2834.47
2835.34
2836.39
2837.29
2838.23
2839.35
2840.27
2841.19
2842.31
2843.25
2844.2
2845.31
2846.27
2847.24
2848.34
2849.33
2850.31
2851.43
2852.43
2853.45
2854.57
2855.61
2856.67
2857.82
2858.89
2859.98
2861.18
2862.3
2863.47
2864.63
2865.89
2867.09
2868.38
2869.64
2871
2872.3
2873.71
2875.05
2876.52
2877.92
2879.43
2880.88
2882.44
2883.93
2885.53
2887.05
2888.65
2890.16
2891.79
2893.31
2894.93
2896.51
2898.15
2899.7
2901.34
2902.96
2904.6
2906.17
2907.83
2909.48
2911.07
2912.76
2914.35
2915.98
2917.74
2919.34
2920.96
2922.66
2924.3
2925.97
2927.68
2929.35
2931
2932.72
2934.38
2936
2937.7
2939.32
2940.94
2942.69
2944.31
2945.94
2947.64
2949.35
2950.99
2952.7
2954.35
2955.83
2957.28
2958.73
2960.13
2961.8
2963.22
2964.76
2966.29
2967.93
2969.35
2971.02
2972.46
2974.03
2975.73
2977.18
2978.63
2980.49
2981.93
2983.38
2985.14
2986.72
2988.17
2989.94
2991.38
2992.98
2994.77
2996.2
2997.65
2999.56
3000.99
3002.43
3004.24
3005.86
3007.28
3009
3010.44
3012.06
3013.8
3015.21
3016.63
3018.33
3020.07
3021.47
3022.88
3024.58
3026.34
3027.72
3029.13
3030.63
3032.4
3034.11
3035.48
3036.89
3038.66
3040.1
3041.51
3043.02
3044.77
3046.44
3047.77
3049.13
3050.85
3052.23
3053.9
3055.22
3056.92
3058.23
3059.53
3061.1
3062.42
3064.01
3065.28
3066.74
3067.97
3069.37
3070.73
3072.05
3073.35
3075.03
3076.29
3077.52
3078.77
3079.99
3081.23
3082.54
3083.75
3084.98
3086.2
3087.41
3088.61
3089.8
3090.97
3092.14
3093.28
3094.42
3095.53
3096.65
3097.74
3098.84
3099.9
3100.97
3102
3103.05
3104.06
3105.08
3106.09
3107.07
3108.05
3109.01
3109.97
3110.9
3111.83
3112.73
3113.63
3114.5
3115.39
3116.26
3117.1
3117.94
3118.76
3119.59
3120.41
3121.2
3122.02
3122.8
3123.65
3124.43
3125.29
3126.06
3126.96
3127.73
3128.67
3129.43
3130.43
3131.19
3131.99
3133.04
3133.78
3134.86
3135.59
3136.35
3137.48
3138.19
3138.91
3140.08
3140.78
3141.47
3142.68
3143.36
3144.03
3145.26
3145.92
3146.57
3147.8
3148.45
3149.08
3150.31
3150.92
3151.54
3152.75
3153.35
3153.94
3155.13
3155.71
3156.28
3157.44
3158
3158.56
3159.68
3160.22
3160.76
3161.85
3162.37
3162.88
3163.93
3164.44
3164.94
3165.93
3166.43
3166.93
3167.43
3168.36
3168.85
3169.33
3169.82
3170.42
3170.9
3171.39
3172.23
3172.69
3173.17
3173.7
3174.18
3174.8
3175.27
3175.73
3176.2
3176.75
3177.21
3177.67
3178.15
3178.62
3179.12
3179.57
3180.07
3180.51
3180.98
3181.46
3181.9
3182.35
3182.8
3183.24
3183.71
3184.13
3184.58
3185.01
3185.46
3185.88
3186.31
3186.73
3187.16
3187.57
3187.99
3188.39
3188.85
3189.23
3189.62
3190.03
3190.42
3190.89
3191.26
3191.63
3192.02
3192.4
3192.88
3193.24
3193.61
3194.15
3194.51
3195.05
3195.4
3195.94
3196.29
3196.82
3197.17
3197.7
3198.04
3198.57
3198.9
3199.42
3199.76
3200.28
3200.62
3201.13
3201.46
3201.98
3202.31
3202.82
3203.14
3203.66
3203.98
3204.49
3204.81
3205.32
3205.65
3206.15
3206.47
3206.98
3207.31
3207.81
3208.14
3208.65
3208.97
3209.48
3209.81
3210.33
3210.66
3211.17
3211.51
3212.03
3212.36
3212.88
3213.21
3213.74
3214.07
3214.59
3214.93
3215.46
3215.8
3216.32
3216.66
3217.19
3217.53
3218.06
3218.4
3218.93
3219.27
3219.8
3220.14
3220.68
3221.03
3221.4
3221.76
3222.32
3222.66
3223.02
3223.46
3223.81
3224.17
3224.6
3224.96
3225.37
3225.76
3226.19
3226.57
3227.01
3227.4
3227.84
3228.24
3228.68
3229.09
3229.53
3229.95
3230.39
3230.81
3231.25
3231.69
3232.13
3232.57
3233.01
3233.46
3233.91
3234.36
3234.81
3235.26
3235.71
3236.16
3236.62
3237.07
3237.53
3237.99
3238.45
3238.91
3239.37
3239.83
3240.29
3240.76
3241.23
3241.69
3242.16
3242.64
3243.11
3243.59
3244.06
3244.55
3245.03
3245.52
3246.01
3246.5
3246.99
3247.49
3247.99
3248.49
3249
3249.51
3250.02
3250.54
3251.05
3251.58
3252.1
3252.63
3253.16
3253.7
3254.23
3254.77
3255.31
3255.86
3256.41
3256.96
3257.51
3258.07
3258.63
3259.19
3259.76
3260.32
3260.89
3261.46
3262.04
3262.61
3263.19
3263.77
3264.36
3264.94
3265.53
3266.12
3266.72
3267.31
3267.91
3268.52
3269.12
3269.73
3270.34
3270.96
3271.57
3272.2
3272.82
3273.45
3274.08
3274.71
3275.35
3275.99
3276.63
3277.28
3277.93
3278.59
3279.25
3279.91
3280.58
3281.25
3281.92
3282.6
3283.28
3283.97
3284.66
3285.35
3286.05
3286.75
3287.46
3288.17
3288.88
3289.6
3290.32
3291.04
3291.77
3292.51
3293.24
3293.98
3294.73
3295.48
3296.23
3296.99
3297.75
3298.51
3299.28
3300.05
3300.83
3301.61
3302.39
3303.18
3303.96
3304.76
3305.55
3306.35
3307.15
3307.96
3308.77
3309.58
3310.39
3311.2
3312.02
3312.84
3313.66
3314.48
3315.3
3316.13
3316.95
3317.78
3318.6
3319.43
3320.26
3321.09
3321.93
3322.76
3323.59
3324.42
3325.25
3326.09
3326.92
3327.75
3328.57
3329.4
3330.23
3331.05
3331.88
3332.7
3333.52
3334.33
3335.15
3335.96
3336.77
3337.58
3338.39
3339.19
3339.99
3340.79
3341.58
3342.37
3343.16
3343.95
3344.73
3345.51
3346.29
3347.07
3347.84
3348.61
3349.37
3350.13
3351.11
3351.98
3352.83
3353.78
3354.59
3355.42
3356.37
3358.06
3358.84
3359.95
3360.79
3362.44
3363.12
3363.79
3364.67
3366.48
3367.22
3368.26
3369.15
3370.32
3371.32
3372.42
3373.38
3374.59
3375.44
3376.32
3377.66
3378.44
3379.2
3379.96
3380.79
3381.59
3382.36
3383.41
3384.1
3384.77
3385.45
3386.39
3387.08
3387.77
3388.5
3389.45
3390.21
3390.96
3391.89
3392.63
3393.38
3394.27
3395
3395.73
3396.61
3397.35
3398.11
3399
3399.8
3400.6
3401.54
3402.37
3403.24
3404.21
3405.1
3406.01
3407.02
3407.94
3408.9
3409.94
3410.91
3411.9
3413
3414
3415.05
3416.16
3417.24
3418.3
3419.55
3420.65
3421.79
3423.05
3424.21
3425.48
3426.77
3428
3429.24
3430.67
3431.96
3433.24
3434.66
3436.04
3437.4
3438.82
3440.27
3441.66
3443.12
3444.6
3445.99
3447.48
3448.94
3450.36
3451.85
3453.3
3454.72
3456.19
3457.68
3459.06
3460.57
3462.04
3463.42
3464.91
3466.32
3467.77
3469.34
3470.81
3472.33
3474
3475.55
3477.09
3478.71
3480.25
3481.83
3483.36
3484.59
3485.86
3487.12
3488.47
3490.05
3491.54
3493.08
3494.56
3496.17
3497.74
3499.17
3500.82
3502
3503.31
3504.7
3505.89
3507.18
3508.75
3509.99
3511.22
3512.74
3514.14
3515.39
3516.85
3518.06
3519.39
3520.8
3521.89
3523.21
3524.91
3526.23
3527.54
3529.18
3530.71
3532.03
3533.33
3534.91
3536.22
3537.42
3538.41
3539.98
3540.92
3541.87
3542.8
3544.1
3545.09
3546.04
3547.14
3548.12
3549.14
3550.09
3551.22
3552.13
3553.36
3554.28
3555.14
3556.06
3556.87
3557.84
3558.62
3559.58
3560.51
3561.34
3562.21
3563.14
3563.89
3564.68
3565.45
3566.21
3566.93
3567.66
3568.34
3569.04
3569.72
3570.36
3571.03
3571.65
3572.33
3572.94
3573.64
3574.23
3574.98
3575.52
3576.26
3576.78
3577.56
3578.04
3578.54
3579.38
3579.84
3580.29
3581.2
3581.63
3582.05
3582.53
3583.56
3583.95
3584.35
3584.77
3585.88
3586.24
3586.61
3587.05
3588.16
3588.51
3588.85
3589.27
3590.37
3590.71
3591.04
3591.42
3592.45
3592.77
3593.09
3593.41
3594.34
3594.65
3594.96
3595.27
3595.65
3596.07
3596.39
3597.16
3597.46
3597.76
3598.07
3598.77
3599.07
3599.37
3599.71
3600.35
3600.66
3600.98
3601.59
3601.9
3602.5
3602.81
3603.4
3603.71
3604.29
3604.61
3605.17
3605.49
3606.05
3606.37
3606.93
3607.25
3607.8
3608.12
3608.67
3609
3609.54
3609.87
3610.41
3610.75
3611.29
3611.63
3612.17
3612.51
3613.05
3613.4
3613.94
3614.29
3614.84
3615.19
3615.74
3616.1
3616.65
3617.01
3617.57
3617.93
3618.49
3618.86
3619.42
3619.78
3620.35
3620.72
3621.3
3621.68
3622.29
3622.66
3623.31
3623.69
3624.08
3624.53
3624.91
3625.32
3625.77
3626.16
3626.6
3627.02
3627.49
3627.89
3628.35
3628.76
3629.26
3629.67
3630.15
3630.57
3631.06
3631.51
3631.99
3632.43
3632.91
3633.36
3633.85
3634.31
3634.79
3635.26
3635.74
3636.22
3636.7
3637.18
3637.67
3638.15
3638.64
3639.13
3639.62
3640.11
3640.6
3641.09
3641.57
3642.06
3642.55
3643.03
3643.52
3644.01
3644.49
3644.98
3645.47
3645.96
3646.46
3646.96
3647.46
3647.98
3648.5
3649.02
3649.56
3650.1
3650.66
3651.22
3651.8
3652.38
3652.97
3653.58
3654.19
3654.82
3655.45
3656.08
3656.75
3657.36
3658.3
3658.84
3659.4
3660.02
3661.23
3661.76
3662.29
3662.82
3663.43
3664.8
3665.3
3665.82
3666.32
3666.93
3668.4
3668.9
3669.37
3669.89
3670.51
3672.12
3672.58
3673.06
3673.54
3674.14
3675.86
3676.33
3676.78
3677.27
3677.81
3678.77
3679.29
3680.1
3680.72
3681.59
3682.16
3682.98
3683.61
3684.39
3685.05
3685.78
3686.47
3687.18
3687.87
3688.58
3689.26
3689.97
3690.65
3691.36
3692.04
3692.74
3693.42
3694.12
3694.8
3695.5
3696.18
3696.88
3697.55
3698.25
3698.92
3699.62
3700.29
3701
3701.68
3702.38
3703.07
3703.79
3704.49
3705.22
3705.94
3706.69
3707.42
3708.17
3708.93
3709.7
3710.47
3711.25
3712.04
3712.84
3713.64
3714.44
3715.26
3716.08
3716.9
3717.73
3718.57
3719.41
3720.26
3721.11
3721.96
3722.82
3723.68
3724.54
3725.4
3726.26
3727.13
3727.99
3728.86
3729.73
3730.59
3731.46
3732.32
3733.19
3734.05
3734.92
3735.78
3736.64
3737.49
3738.35
3739.2
3740.06
3740.91
3741.75
3742.6
3743.44
3744.27
3745.11
3745.94
3746.77
3747.59
3748.42
3749.23
3750.05
3750.86
3751.66
3752.46
3753.26
3754.06
3754.84
3755.63
3756.41
3757.19
3757.96
3758.72
3759.48
3760.24
3760.99
3761.74
3762.48
3763.21
3763.94
3764.66
3765.38
3766.09
3766.8
3767.5
3768.19
3768.88
3769.56
3770.24
3770.91
3771.57
3772.23
3772.89
3773.53
3774.17
3774.81
3775.43
3776.06
3776.67
3777.29
3777.88
3778.51
3779.06
3779.86
3780.36
3780.86
3781.39
3782.23
3782.71
3783.18
3783.67
3784.32
3784.79
3785.29
3786.26
3786.71
3787.16
3787.61
3788.07
3788.98
3789.42
3789.85
3790.28
3790.75
3791.6
3792.02
3792.43
3792.85
3793.31
3793.86
3794.26
3794.71
3795.21
3795.61
3796.02
3796.45
3796.85
3797.24
3797.63
3798
3798.37
3798.74
3799.1
3799.45
3799.81
3800.16
3800.51
3800.85
3801.2
3801.54
3801.88
3802.22
3802.56
3802.9
3803.23
3803.57
3803.9
3804.23
3804.56
3804.89
3805.22
3805.55
3805.87
3806.2
3806.53
3806.86
3807.19
3807.52
3807.85
3808.18
3808.51
3808.84
3809.17
3809.5
3809.84
3810.17
3810.5
3810.83
3811.16
3811.49
3811.83
3812.16
3812.49
3812.82
3813.15
3813.48
3813.81
3814.14
3814.47
3814.8
3815.12
3815.45
3815.78
3816.11
3816.44
3816.76
3817.09
3817.42
3817.74
3818.07
3818.4
3818.72
3819.05
3819.6
3820.14
3820.71
3821.29
3821.87
3822.42
3823
3823.57
3824.17
3824.74
3825.32
3825.89
3826.48
3827.05
3827.64
3828.21
3828.78
3829.38
3829.93
3830.51
3831.12
3831.7
3832.28
3832.9
3833.48
3834.08
3834.71
3835.32
3835.91
3836.58
3837.18
3837.79
3838.42
3839.03
3840.02
3840.6
3841.16
3841.73
3842.41
3843.06
3844
3844.62
3845.25
3846.21
3846.9
3847.65
3848.66
3849.45
3850.29
3851.33
3852.22
3853.14
3854.21
3855.15
3856.09
3857.19
3858.14
3859.1
3860.17
3861.13
3862.08
3863.14
3864.07
3865.02
3866.04
3866.98
3867.9
3868.91
3869.82
3870.75
3871.73
3872.65
3873.55
3874.56
3875.45
3876.38
3877.35
3878.28
3879.18
3880.19
3881.09
3882.02
3882.99
3883.92
3884.82
3885.82
3886.72
3887.68
3888.64
3889.58
3890.47
3891.48
3892.36
3893.29
3894.23
3895.14
3896.01
3896.99
3897.83
3898.73
3899.62
3900.5
3901.31
3902.24
3903.03
3903.87
3904.73
3905.54
3906.31
3907.2
3907.94
3908.74
3909.55
3910.33
3911.06
3911.92
3912.64
3913.42
3914.22
3914.98
3915.7
3916.54
3917.24
3917.99
3918.75
3919.48
3920.14
3920.97
3921.6
3922.29
3922.99
3923.71
3924.3
3925.03
3925.61
3926.24
3926.88
3927.49
3928.03
3928.71
3928.99
3929.37
3929.73
3930.13
3930.41
3930.94
3931.22
3931.55
3932.06
3932.38
3932.68
3933.25
3933.54
3933.87
3934.44
3934.77
3935.07
3935.69
3936
3936.33
3936.86
3937.2
3937.52
3938.21
3938.52
3938.88
3939.23
3939.87
3940.21
3940.61
3940.97
3941.68
3942.03
3942.46
3942.83
3943.59
3943.95
3944.41
3944.79
3945.59
3945.96
3946.44
3946.83
3947.67
3948.05
3948.54
3948.94
3949.79
3950.18
3950.67
3951.07
3951.65
3952.08
3952.94
3953.34
3953.82
3954.22
3954.73
3955.51
3955.98
3956.38
3956.83
3957.26
3958.08
3958.47
3958.92
3959.31
3959.74
3960.2
3960.67
3961.11
3961.55
3962.07
3962.48
3962.85
3963.32
3963.7
3964.16
3964.53
3964.98
3965.35
3965.78
3966.15
3966.58
3966.95
3967.38
3967.75
3968.2
3968.56
3969.02
3969.37
3969.86
3970.21
3970.72
3971.06
3971.59
3971.93
3972.49
3972.83
3973.42
3973.75
3974.37
3974.7
3975.34
3975.67
3976.32
3976.65
3976.98
3977.32
3977.68
3978.03
3978.39
3978.74
3979.1
3979.46
3979.82
3980.18
3980.54
3980.9
3981.27
3981.63
3982
3982.37
3982.73
3983.11
3983.48
3983.85
3984.22
3984.6
3984.97
3985.35
3985.73
3986.11
3986.49
3986.87
3987.25
3987.64
3988.02
3988.41
3988.8
3989.19
3989.58
3989.97
3990.36
3990.76
3991.15
3991.55
3991.95
3992.35
3992.75
3993.15
3993.55
3993.95
3994.35
3994.76
3995.16
3995.57
3995.97
3996.38
3996.79
3997.2
3997.6
3998.01
3998.43
3998.84
3999.25
3999.66
4000.08
4000.49
4000.9
4001.32
4001.74
4002.15
4002.57
4002.99
4003.41
4003.83
4004.25
4004.68
4005.1
4005.53
4005.95
4006.38
4006.81
4007.24
4007.67
4008.1
4008.53
4008.96
4009.4
4009.83
4010.27
4010.71
4011.15
4011.59
4012.03
4012.48
4012.92
4013.37
4013.82
4014.27
4014.72
4015.17
4015.62
4016.08
4016.54
4017
4017.46
4017.92
4018.38
4018.84
4019.31
4019.77
4020.24
4020.71
4021.18
4021.65
4022.12
4022.59
4023.07
4023.55
4024.03
4024.5
4024.98
4025.46
4025.94
4026.43
4026.91
4027.39
4027.88
4028.36
4028.85
4029.34
4029.82
4030.31
4030.8
4031.28
4031.78
4032.26
4032.74
4033.24
4033.72
4034.21
4034.7
4035.19
4035.67
4036.17
4036.65
4037.13
4037.62
4038.1
4038.58
4039.06
4039.55
4040.02
4040.49
4040.96
4041.45
4041.92
4042.38
4042.85
4043.32
4043.78
4044.24
4044.69
4045.15
4045.6
4046.05
4046.5
4046.95
4047.39
4047.83
4048.27
4048.7
4049.13
4049.56
4049.99
4050.41
4050.83
4051.25
4051.67
4052.08
4052.49
4052.89
4053.3
4053.7
4054.1
4054.5
4054.89
4055.28
4055.67
4056.06
4056.45
4056.83
4057.21
4057.59
4057.97
4058.34
4058.72
4059.09
4059.46
4059.83
4060.19
4060.56
4060.92
4061.29
4061.65
4062.01
4062.37
4062.73
4063.09
4063.45
4063.81
4064.17
4064.53
4064.89
4065.25
4065.61
4065.98
4066.34
4066.7
4067.06
4067.43
4067.79
4068.16
4068.52
4068.89
4069.25
4069.61
4069.98
4070.34
4070.7
4071.07
4071.43
4071.79
4072.16
4072.52
4072.88
4073.24
4073.86
4074.44
4075.03
4075.62
4076.22
4076.83
4077.43
4078.04
4078.65
4079.25
4079.86
4080.47
4081.07
4081.67
4082.28
4082.88
4083.48
4084.09
4084.71
4085.33
4085.96
4086.59
4087.23
4087.87
4088.52
4089.18
4089.83
4090.5
4091.14
4091.89
4092.5
4093.19
4093.85
4094.64
4095.25
4095.95
4096.68
4097.33
4098.47
4099.09
4099.69
4100.32
4101.04
4101.95
4102.56
4103.3
4104.43
4105.05
4105.67
4106.38
4107.76
4108.39
4109.01
4109.66
4110.49
4111.25
4112.79
4113.43
4114.05
4114.7
4115.4
4117.06
4117.67
4118.29
4118.93
4120.58
4121.16
4121.79
4123.25
4123.88
4124.55
4125.9
4126.57
4127.35
4128.61
4129.37
4130.16
4131.4
4132.21
4133.09
4134.28
4135.18
4136.08
4137.29
4138.21
4139.17
4140.33
4141.31
4142.27
4143.43
4144.38
4145.37
4146.48
4147.45
4148.4
4149.41
4150.36
4151.45
4152.38
4153.33
4154.32
4155.29
4156.22
4157.31
4158.24
4159.22
4160.15
4161.14
4162.14
4163.1
4163.99
4165.03
4165.91
4166.85
4167.8
4168.72
4169.57
4170.56
4171.4
4172.29
4173.2
4174.07
4174.88
4175.81
4176.61
4177.45
4178.31
4179.13
4179.89
4180.8
4181.53
4182.32
4183.15
4183.92
4184.62
4185.47
4186.19
4186.93
4187.69
4188.42
4189.08
4189.88
4190.52
4191.22
4191.93
4192.6
4193.21
4193.74
4194.12
4194.61
4195.06
4195.58
4195.95
4196.43
4196.94
4197.36
4197.92
4198.33
4198.72
4199.35
4199.73
4200.16
4200.66
4201.18
4201.58
4202.08
4202.7
4203.12
4203.59
4204.01
4204.64
4205.15
4205.52
4205.93
4206.46
4206.87
4207.26
4207.97
4208.34
4208.76
4209.16
4209.6
4210.29
4210.73
4211.12
4211.55
4211.97
4212.73
4213.13
4213.58
4213.99
4214.44
4215.21
4215.65
4216.06
4216.53
4216.95
4217.53
4217.96
4218.45
4219.08
4219.56
4219.97
4220.44
4220.92
4221.43
4221.89
4222.42
4222.87
4223.39
4223.83
4224.38
4224.81
4225.31
4225.75
4226.27
4226.7
4227.21
4227.65
4228.15
4228.58
4229.08
4229.52
4230.01
4230.45
4230.95
4231.39
4231.9
4232.33
4232.85
4233.28
4233.81
4234.24
4234.78
4235.21
4235.77
4236.19
4236.76
4237.18
4237.77
4238.19
4238.79
4239.21
4239.82
4240.24
4240.86
4241.28
4241.92
4242.33
4242.98
4243.39
4244.07
4244.47
4245.16
4245.56
4246.27
4246.67
4247.11
4247.52
4247.96
4248.37
4248.81
4249.22
4249.66
4250.08
4250.51
4250.93
4251.36
4251.78
4252.21
4252.63
4253.06
4253.48
4253.91
4254.33
4254.76
4255.19
4255.61
4256.04
4256.47
4256.9
4257.33
4257.76
4258.19
4258.62
4259.05
4259.48
4259.91
4260.34
4260.77
4261.2
4261.63
4262.06
4262.5
4262.93
4263.36
4263.79
4264.23
4264.66
4265.1
4265.53
4265.97
4266.41
4266.85
4267.28
4267.72
4268.16
4268.61
4269.05
4269.49
4269.93
4270.37
4270.82
4271.26
4271.7
4272.15
4272.59
4273.04
4273.48
4273.93
4274.37
4274.82
4275.26
4275.71
4276.15
4276.6
4277.04
4277.48
4277.93
4278.37
4278.82
4279.26
4279.7
4280.15
4280.59
4281.04
4281.48
4281.92
4282.37
4282.81
4283.26
4283.7
4284.15
4284.6
4285.04
4285.49
4285.94
4286.39
4286.84
4287.29
4287.74
4288.19
4288.64
4289.1
4289.55
4290.01
4290.46
4290.92
4291.38
4291.84
4292.3
4292.76
4293.22
4293.68
4294.14
4294.61
4295.07
4295.54
4296
4296.47
4296.94
4297.41
4297.88
4298.35
4298.82
4299.29
4299.76
4300.24
4300.71
4301.19
4301.66
4302.14
4302.61
4303.09
4303.57
4304.05
4304.52
4305
4305.48
4305.96
4306.44
4306.92
4307.4
4307.88
4308.36
4308.84
4309.32
4309.8
4310.28
4310.76
4311.24
4311.72
4312.2
4312.68
4313.16
4313.64
4314.11
4314.59
4315.07
4315.54
4316.02
4316.49
4316.97
4317.44
4317.91
4318.38
4318.86
4319.32
4319.79
4320.25
4320.72
4321.18
4321.64
4322.1
4322.56
4323.02
4323.48
4323.93
4324.38
4324.83
4325.28
4325.74
4326.18
4326.63
4327.07
4327.51
4327.94
4328.38
4328.82
4329.25
4329.68
4330.11
4330.54
4330.97
4331.39
4331.82
4332.24
4332.66
4333.08
4333.49
4333.91
4334.32
4334.74
4335.15
4335.56
4335.97
4336.37
4336.78
4337.18
4337.59
4337.99
4338.39
4338.79
4339.19
4339.58
4339.98
4340.38
4340.77
4341.16
4341.56
4341.95
4342.34
4342.73
4343.12
4343.51
4343.9
4344.29
4344.67
4345.06
4345.44
4345.83
4346.21
4346.6
4346.98
4347.37
4347.75
4348.13
4348.77
4349.37
4349.97
4350.57
4351.17
4351.77
4352.38
4352.99
4353.6
4354.21
4354.83
4355.44
4356.06
4356.67
4357.29
4357.91
4358.53
4359.17
4359.81
4360.45
4361.1
4361.75
4362.41
4363.07
4363.77
4364.4
4365.32
4365.94
4366.57
4367.19
4367.86
4368.83
4369.46
4370.07
4370.72
4371.73
4372.37
4372.99
4373.65
4374.73
4375.37
4376.01
4376.71
4377.86
4378.51
4379.16
4379.89
4381.11
4381.78
4382.42
4383.17
4384.47
4385.12
4385.77
4386.53
4387.92
4388.58
4389.24
4389.96
4391.48
4392.15
4392.8
4393.54
4395.12
4395.75
4396.38
4397.24
4398.79
4399.42
4400.06
4401.51
4402.14
4403.05
4404.35
4405.05
4405.79
4407.06
4407.82
4409.08
4409.9
4410.79
4412.02
4412.96
4413.95
4415.22
4416.2
4417.24
4418.5
4419.56
4420.62
4421.89
4422.96
4424.06
4425.3
4426.41
4427.5
4428.76
4429.87
4430.99
4432.22
4433.37
4434.48
4435.75
4436.89
4438.06
4439.33
4440.51
4441.68
4442.97
4444.14
4445.34
4446.61
4447.82
4448.99
4450.28
4451.46
4452.64
4453.91
4455.09
4456.26
4457.51
4458.69
4459.83
4461.06
4462.2
4463.35
4464.55
4465.66
4466.77
4467.95
4469.02
4470.12
4471.26
4472.31
4473.35
4474.45
4475.49
4476.47
4477.58
4478.55
4479.55
4480.62
4481.66
4482.63
4483.74
4484.71
4485.73
4486.76
4487.53
4488.22
4489.1
4489.78
4490.59
4491.34
4492.14
4492.78
4493.54
4494.35
4495.04
4495.81
4496.81
4497.47
4498.26
4498.96
4499.87
4500.61
4501.3
4501.95
4502.92
4503.54
4504.2
4504.82
4505.61
4506.23
4507.12
4507.74
4508.37
4508.99
4509.63
4510.5
4511.11
4511.68
4512.29
4512.86
4513.55
4514.11
4514.73
4515.38
4515.97
4516.51
4517.19
4517.73
4518.3
4518.9
4519.46
4520.04
4520.61
4521.2
4521.75
4522.31
4522.88
4523.43
4524
4524.55
4525.12
4525.67
4526.26
4526.8
4527.42
4527.95
4528.59
4529.11
4529.78
4530.3
4530.98
4531.49
4532.21
4532.72
4533.24
4533.97
4534.47
4535.23
4535.73
4536.26
4537.04
4537.53
4538.33
4538.82
4539.34
4539.89
4540.39
4540.91
4541.42
4541.95
4542.45
4543
4543.48
4543.98
4544.51
4545
4545.53
4546.01
4546.51
4547
4547.5
4547.99
4548.49
4548.97
4549.48
4549.94
4550.44
4550.91
4551.41
4551.87
4552.36
4552.83
4553.32
4553.78
4554.27
4554.72
4555.22
4555.67
4556.15
4556.6
4557.09
4557.53
4558.01
4558.46
4558.94
4559.38
4559.86
4560.31
4560.78
4561.22
4561.7
4562.14
4562.62
4563.06
4563.53
4563.98
4564.45
4564.9
4565.37
4565.81
4566.29
4566.73
4567.2
4567.65
4568.12
4568.57
4569.04
4569.49
4569.96
4570.42
4570.88
4571.34
4571.81
4572.26
4572.73
4573.19
4573.65
4574.11
4574.58
4575.04
4575.5
4575.97
4576.43
4576.9
4577.37
4577.83
4578.3
4578.77
4579.24
4579.72
4580.19
4580.66
4581.14
4581.62
4582.1
4582.58
4583.06
4583.54
4584.03
4584.51
4585
4585.49
4585.98
4586.47
4586.96
4587.45
4587.95
4588.44
4588.94
4589.43
4589.93
4590.43
4590.93
4591.43
4591.92
4592.43
4592.93
4593.43
4593.93
4594.43
4594.94
4595.44
4595.94
4596.45
4596.96
4597.46
4597.97
4598.48
4598.98
4599.49
4600
4600.51
4601.02
4601.53
4602.04
4602.55
4603.06
4603.57
4604.09
4604.6
4605.11
4605.63
4606.14
4606.66
4607.17
4607.69
4608.2
4608.72
4609.24
4609.76
4610.28
4610.8
4611.32
4611.84
4612.36
4612.88
4613.41
4613.93
4614.46
4614.98
4615.5
4616.03
4616.56
4617.08
4617.61
4618.13
4618.66
4619.19
4619.72
4620.24
4620.77
4621.3
4621.82
4622.35
4622.88
4623.41
4623.93
4624.46
4624.98
4625.51
4626.04
4626.56
4627.08
4627.61
4628.13
4628.65
4629.18
4629.7
4630.22
4630.74
4631.26
4631.78
4632.29
4632.81
4633.32
4633.84
4634.35
4634.86
4635.37
4635.87
4636.39
4636.89
4637.39
4637.9
4638.4
4638.9
4639.4
4639.89
4640.39
4640.88
4641.38
4641.87
4642.36
4642.85
4643.33
4643.82
4644.3
4644.78
4645.26
4645.74
4646.22
4646.7
4647.17
4647.65
4648.12
4648.59
4649.06
4649.53
4650
4650.47
4650.93
4651.4
4651.86
4652.32
4652.78
4653.24
4653.7
4654.16
4654.62
4655.07
4655.53
4655.98
4656.44
4656.89
4657.34
4657.79
4658.24
4658.69
4659.14
4659.59
4660.04
4660.49
4660.93
4661.38
4661.82
4662.27
4662.71
4663.16
4663.6
4664.04
4664.49
4664.93
4665.37
4665.81
4666.25
4666.69
4667.13
4667.57
4668
4668.44
4668.88
4669.31
4669.75
4670.18
4670.62
4671.05
4671.48
4671.91
4672.34
4672.77
4673.2
4673.63
4674.06
4674.49
4674.91
4675.34
4675.77
4676.19
4676.61
4677.04
4677.46
4677.88
4678.3
4678.72
4679.14
4679.56
4679.98
4680.39
4680.81
4681.23
4681.64
4682.05
4682.47
4682.88
4683.29
4683.7
4684.11
4684.52
4684.93
4685.34
4685.74
4686.39
4687
4687.61
4688.22
4688.85
4689.45
4690.05
4690.67
4691.27
4691.88
4692.52
4693.12
4693.73
4694.34
4694.97
4695.59
4696.21
4696.85
4697.49
4698.13
4698.79
4699.44
4700.1
4700.76
4701.43
4702.21
4702.83
4703.44
4704.45
4705.06
4705.67
4706.28
4706.96
4708.03
4708.64
4709.26
4709.88
4711.01
4711.63
4712.27
4712.91
4714.1
4714.72
4715.32
4715.98
4717.27
4717.95
4718.57
4719.39
4720.37
4721.02
4722.3
4722.95
4724.21
4724.94
4725.79
4727.07
4727.96
4729.24
4730.17
4731.15
4732.43
4733.37
4734.63
4735.59
4736.6
4737.82
4738.83
4740.04
4741.08
4742.11
4743.35
4744.39
4745.63
4746.7
4747.81
4749.06
4750.19
4751.34
4752.64
4753.81
4755.02
4756.34
4757.59
4758.84
4760.23
4761.52
4762.85
4764.27
4765.64
4767.01
4768.5
4769.88
4771.3
4772.79
4774.22
4775.63
4777.16
4778.6
4780.02
4781.62
4783.03
4784.43
4786.02
4787.42
4788.87
4790.4
4791.87
4793.31
4794.85
4796.47
4797.91
4799.4
4800.84
4802.25
4803.82
4805.26
4806.74
4808.42
4809.86
4811.27
4812.79
4814.2
4815.66
4817.25
4818.68
4820.09
4821.62
4823.17
4824.65
4826.18
4827.67
4829.21
4830.77
4832.22
4833.51
4834.96
4836.27
4837.48
4838.91
4840.11
4841.39
4842.83
4844.26
4845.5
4847
4848.24
4849.51
4851.06
4852.38
4853.64
4855.36
4856.61
4857.87
4859.18
4860.55
4862.1
4863.35
4864.59
4865.93
4867.41
4868.66
4869.96
4871.21
4872.68
4873.92
4875.09
4876.31
4877.73
4878.92
4880.03
4881.19
4882.35
4883.48
4884.87
4885.97
4886.98
4888.05
4889.06
4890.43
4891.39
4892.39
4893.32
4894.28
4895.29
4896.19
4897.2
4898.05
4898.95
4899.89
4900.7
4901.56
4902.38
4903.21
4904.04
4904.79
4905.59
4906.32
4907.09
4907.8
4908.55
4909.27
4909.95
4910.65
4911.31
4912
4912.65
4913.34
4914.03
4914.67
4915.39
4916.03
4916.77
4917.39
4918.18
4918.78
4919.57
4920.15
4920.97
4921.51
4922.34
4922.86
4923.71
4924.21
4924.73
4925.6
4926.08
4926.56
4927.44
4927.91
4928.38
4928.88
4929.78
4930.24
4930.69
4931.17
4932.03
4932.48
4932.93
4933.4
4934.22
4934.66
4935.11
4935.65
4936.1
4936.6
4937.06
4937.81
4938.25
4938.99
4939.43
4940.14
4940.58
4941.29
4941.72
4942.41
4942.84
4943.52
4943.95
4944.61
4945.04
4945.69
4946.11
4946.75
4947.17
4947.81
4948.22
4948.85
4949.26
4949.88
4950.29
4950.9
4951.31
4951.92
4952.32
4952.92
4953.32
4953.91
4954.31
4954.9
4955.29
4955.88
4956.27
4956.85
4957.24
4957.82
4958.2
4958.78
4959.16
4959.73
4960.11
4960.68
4961.06
4961.63
4962.01
4962.58
4962.96
4963.53
4963.91
4964.48
4964.86
4965.43
4965.82
4966.39
4966.78
4967.36
4967.75
4968.36
4968.75
4969.38
4969.78
4970.45
4970.84
4971.25
4971.73
4972.13
4972.55
4973.02
4973.43
4973.88
4974.33
4974.78
4975.23
4975.69
4976.14
4976.62
4977.06
4977.56
4978
4978.49
4978.94
4979.45
4979.9
4980.4
4980.87
4981.37
4981.84
4982.35
4982.83
4983.34
4983.83
4984.34
4984.83
4985.34
4985.85
4986.36
4986.87
4987.39
4987.9
4988.42
4988.94
4989.47
4989.99
4990.52
4991.04
4991.57
4992.1
4992.64
4993.17
4993.71
4994.25
4994.79
4995.33
4995.87
4996.42
4996.96
4997.51
4998.06
4998.62
4999.17
4999.72
5000.28
5000.84
5001.4
5001.96
5002.53
5003.09
5003.66
5004.23
5004.8
5005.37
5005.94
5006.52
5007.09
5007.67
5008.25
5008.83
5009.42
5010
5010.59
5011.17
5011.76
5012.35
5012.94
5013.54
5014.13
5014.73
5015.32
5015.92
5016.52
5017.12
5017.73
5018.33
5018.94
5019.54
5020.15
5020.76
5021.37
5021.99
5022.6
5023.22
5023.84
5024.46
5025.08
5025.7
5026.32
5026.95
5027.58
5028.2
5028.83
5029.47
5030.1
5030.73
5031.37
5032.01
5032.65
5033.29
5033.93
5034.58
5035.23
5035.87
5036.53
5037.18
5037.83
5038.49
5039.15
5039.81
5040.47
5041.13
5041.8
5042.47
5043.14
5043.81
5044.48
5045.16
5045.84
5046.52
5047.2
5047.88
5048.57
5049.26
5049.95
5050.64
5051.34
5052.03
5052.73
5053.43
5054.13
5054.84
5055.54
5056.25
5056.96
5057.67
5058.39
5059.1
5059.82
5060.54
5061.26
5061.98
5062.7
5063.43
5064.15
5064.88
5065.61
5066.34
5067.07
5067.8
5068.54
5069.27
5070.01
5070.75
5071.49
5072.23
5072.97
5073.71
5074.46
5075.2
5075.95
5076.69
5077.44
5078.18
5078.93
5079.68
5080.42
5081.17
5081.92
5082.66
5083.41
5084.15
5084.9
5085.65
5086.39
5087.13
5087.87
5088.62
5089.36
5090.09
5090.83
5091.57
5092.3
5093.03
5093.76
5094.49
5095.22
5095.95
5096.67
5097.39
5098.11
5098.83
5099.55
5100.26
5100.97
5101.68
5102.38
5103.08
5103.78
5104.48
5105.17
5105.86
5106.54
5107.22
5107.9
5108.57
5109.24
5109.9
5110.56
5111.22
5111.87
5112.52
5113.17
5113.81
5114.44
5115.07
5115.7
5116.33
5116.94
5117.57
5118.18
5118.78
5119.39
5119.99
5120.59
5121.18
5121.76
5122.35
5122.92
5123.49
5124.07
5124.63
5125.2
5125.76
5126.31
5126.85
5127.4
5127.95
5128.48
5129.01
5129.54
5130.08
5130.6
5131.14
5131.65
5132.18
5132.68
5133.18
5133.68
5134.17
5134.66
5135.15
5135.63
5136.11
5136.58
5137.06
5137.76
5138.42
5139.07
5139.7
5140.35
5140.97
5141.61
5142.21
5142.83
5143.57
5144.33
5146.34
5146.91
5147.52
5148.11
5149.01
5149.93
5151.21
5151.9
5152.76
5153.8
5155.12
5156.01
5156.85
5157.7
5158.56
5159.74
5160.55
5161.35
5162.17
5163.25
5164.08
5164.91
5165.78
5166.86
5167.75
5168.64
5169.71
5170.61
5171.51
5172.57
5173.48
5174.4
5175.45
5176.38
5177.32
5178.39
5179.34
5180.32
5181.41
5182.41
5183.43
5184.57
5185.62
5186.7
5187.88
5189
5190.15
5191.39
5192.57
5193.79
5195.11
5196.36
5197.66
5199.03
5200.36
5201.72
5203.18
5204.57
5206
5207.49
5208.94
5210.39
5211.95
5213.43
5214.93
5216.55
5218.07
5219.62
5221.23
5222.79
5224.33
5226
5227.52
5229.14
5230.78
5232.36
5233.94
5235.62
5237.2
5238.82
5240.53
5242.14
5243.73
5245.45
5247.11
5248.7
5250.49
5252.08
5253.75
5255.42
5257.1
5258.71
5260.44
5262.06
5263.75
5265.45
5267.1
5268.79
5270.23
5271.65
5273.08
5274.63
5276.03
5277.61
5279.1
5280.64
5282.12
5283.73
5285.13
5286.68
5288.16
5289.73
5291.21
5292.7
5294.3
5295.71
5297.28
5298.89
5300.28
5301.76
5303.49
5304.87
5306.33
5307.97
5309.46
5310.84
5312.57
5313.96
5315.46
5317.12
5318.5
5319.87
5321.7
5323.05
5324.42
5326.09
5327.62
5328.96
5330.39
5332.06
5333.6
5334.93
5336.33
5338
5339.56
5340.88
5342.24
5343.95
5345.49
5346.81
5348.16
5349.85
5351.19
5352.55
5353.88
5355.82
5357.1
5358.37
5359.64
5361.31
5362.84
5364.08
5365.29
5366.66
5367.87
5369.54
5370.72
5372.01
5373.17
5374.75
5375.94
5377.14
5378.33
5379.49
5380.83
5381.96
5383.18
5384.36
5385.53
5386.69
5387.85
5388.98
5390.1
5391.22
5392.32
5393.42
5394.49
5395.56
5396.61
5397.66
5398.68
5399.7
5400.7
5401.7
5402.67
5403.65
5404.59
5405.55
5406.47
5407.41
5408.31
5409.22
5410.1
5411.01
5411.9
5412.75
5413.62
5414.46
5415.33
5416.16
5416.97
5417.8
5418.59
5419.41
5420.2
5421.03
5421.8
5422.64
5423.41
5424.29
5425.05
5425.97
5426.73
5427.71
5428.47
5429.24
5430.28
5431.02
5432.1
5432.83
5433.83
5434.77
5435.79
5436.81
5437.76
5438.86
5440.07
5441.17
5442.55
5443.6
5445.19
5446.15
5447.6
5448.67
5450.22
5451.19
5452.52
5453.67
5454.92
5455.99
5457.15
5458.27
5459.37
5460.43
5461.47
5462.49
5463.5
5464.46
5465.41
5466.33
5467.24
5468.11
5468.97
5469.8
5470.63
5471.43
5472.22
5472.99
5473.76
5474.51
5475.25
5475.98
5476.72
5477.44
5478.17
5478.86
5479.7
5480.36
5481.05
5482.05
5482.71
5483.4
5484.08
5484.97
5485.65
5486.2
5487.07
5487.62
5488.11
5488.72
5489.21
5489.91
5490.5
5491.03
5491.67
5492.17
5492.76
5493.32
5493.91
5494.47
5495.06
5495.63
5496.24
5496.8
5497.43
5497.96
5498.62
5499.15
5499.8
5500.34
5500.98
5501.53
5502.18
5502.71
5503.38
5503.92
5504.57
5505.14
5505.8
5506.35
5507.03
5507.59
5508.25
5508.82
5509.5
5510.07
5510.73
5511.3
5511.95
5512.53
5513.21
5513.78
5514.4
5515
5515.63
5516.2
5516.8
5517.35
5517.93
5518.49
5519.02
5519.57
5520.12
5520.68
5521.18
5521.7
5522.19
5522.75
5523.23
5523.72
5524.18
5524.68
5525.14
5525.61
5526.07
5526.54
5527.02
5527.5
5527.99
5528.49
5529.01
5529.53
5530.07
5530.61
5531.16
5531.72
5532.29
5532.86
5533.44
5534.03
5534.62
5535.21
5535.81
5536.41
5537.01
5537.62
5538.23
5538.84
5539.46
5540.09
5540.73
5541.36
5541.99
5542.63
5543.28
5543.93
5544.57
5545.23
5545.89
5546.56
5547.23
5547.92
5548.6
5549.3
5549.98
5550.76
5551.42
5552.09
5553.07
5553.73
5554.39
5555.05
5555.73
5556.75
5557.41
5558.07
5558.74
5559.58
5560.21
5561.25
5561.87
5562.45
5563.05
5564.09
5564.67
5565.21
5565.78
5566.87
5567.42
5567.92
5568.48
5569.64
5570.17
5570.65
5571.19
5572.43
5572.94
5573.4
5573.91
5574.48
5575.9
5576.34
5576.82
5577.27
5577.79
5578.45
5579.06
5579.76
5580.33
5580.98
5581.57
5582.2
5582.82
5583.42
5584.06
5584.64
5585.28
5585.85
5586.49
5587.07
5587.71
5588.29
5588.95
5589.53
5590.19
5590.78
5591.45
5592.04
5592.71
5593.31
5593.98
5594.58
5595.36
5595.97
5596.73
5597.39
5598.13
5598.72
5599.49
5600.17
5600.92
5601.52
5602.37
5602.98
5603.75
5604.48
5605.26
5605.98
5606.78
5607.52
5608.32
5609.16
5609.88
5610.77
5611.47
5612.38
5613.11
5614.03
5614.85
5615.72
5616.55
5617.38
5618.89
5619.89
5620.93
5622.07
5623.07
5624.07
5625.11
5625.85
5626.62
5627.45
5628.23
5629.11
5630.02
5631.17
5632.48
5633.75
5635.05
5636.26
5637.54
5638.72
5640.02
5641.22
5642.45
5643.81
5645.46
5647.12
5648.76
5650.55
5652.4
5654.42
5656.35
5659.46
5660.66
5662.13
5665.47
5666.65
5667.87
5669.13
5670.5
5671.97
5673.27
5674.62
5675.88
5677.1
5678.28
5679.43
5680.54
5681.63
5682.69
5683.73
5684.76
5685.77
5686.78
5687.78
5688.79
5689.79
5690.8
5691.8
5692.8
5693.8
5694.8
5695.81
5696.82
5697.83
5698.84
5699.86
5700.9
5701.91
5702.96
5703.97
5705.02
5706.04
5707.08
5708.11
5709.16
5710.2
5711.26
5712.3
5713.37
5714.43
5715.53
5716.62
5717.81
5718.91
5720.03
5721.17
5722.31
5723.51
5724.68
5725.81
5727.07
5728.19
5729.37
5730.58
5731.76
5732.89
5734.15
5735.28
5736.45
5737.65
5738.83
5739.95
5741.2
5742.32
5743.49
5744.68
5745.85
5746.96
5748.2
5749.31
5750.46
5751.64
5752.79
5753.88
5755.11
5756.19
5757.33
5758.48
5759.6
5760.66
5761.86
5762.9
5764.01
5765.12
5766.21
5767.23
5768.38
5769.38
5770.44
5771.51
5772.55
5773.51
5774.61
5775.55
5776.56
5777.56
5778.54
5779.44
5780.26
5780.92
5781.69
5782.42
5783.21
5783.85
5784.62
5785.4
5786.1
5786.99
5787.66
5788.34
5789.14
5789.79
5790.52
5791.3
5791.95
5792.65
5793.41
5794.12
5794.77
5795.49
5796.15
5796.79
5797.52
5798.18
5798.78
5799.5
5800.09
5800.73
5801.36
5801.94
5802.56
5803.13
5803.74
5804.31
5804.9
5805.46
5806.06
5806.61
5807.2
5807.74
5808.32
5808.86
5809.43
5809.97
5810.55
5811.1
5811.68
5812.24
5812.84
5813.39
5814.01
5814.57
5815.2
5815.76
5816.41
5816.98
5817.64
5818.21
5818.89
5819.46
5820.14
5820.72
5821.42
5821.99
5822.7
5823.27
5823.99
5824.57
5825.3
5825.88
5826.6
5827.18
5827.93
5828.51
5829.25
5829.83
5830.61
5831.17
5831.96
5832.52
5833.33
5833.89
5834.71
5835.27
5836.04
5836.6
5837.18
5837.84
5838.4
5838.97
5839.6
5840.17
5840.84
5841.43
5841.99
5842.58
5843.18
5843.79
5844.4
5844.97
5845.64
5846.2
5846.77
5847.42
5847.98
5848.57
5849.19
5849.77
5850.43
5850.99
5851.58
5852.2
5852.78
5853.42
5853.99
5854.62
5855.19
5855.83
5856.4
5857.02
5857.6
5858.24
5858.81
5859.44
5860.02
5860.65
5861.23
5861.86
5862.44
5863.07
5863.65
5864.29
5864.87
5865.5
5866.08
5866.71
5867.29
5867.92
5868.51
5869.14
5869.72
5870.35
5870.94
5871.56
5872.15
5872.77
5873.37
5873.98
5874.58
5875.19
5875.79
5876.4
5877
5877.61
5878.2
5878.81
5879.41
5880.01
5880.61
5881.21
5881.81
5882.41
5883.01
5883.6
5884.2
5884.79
5885.39
5885.98
5886.57
5887.17
5887.76
5888.35
5888.93
5889.52
5890.11
5890.69
5891.28
5891.86
5892.44
5893.02
5893.6
5894.18
5894.76
5895.34
5895.91
5896.49
5897.06
5897.63
5898.2
5898.77
5899.34
5899.91
5900.47
5901.04
5901.6
5902.17
5902.73
5903.29
5903.85
5904.41
5904.97
5905.53
5906.09
5906.65
5907.2
5907.76
5908.31
5908.87
5909.42
5909.98
5910.53
5911.08
5911.63
5912.19
5912.74
5913.29
5913.84
5914.39
5914.94
5915.49
5916.04
5916.59
5917.14
5917.68
5918.23
5918.78
5919.33
5919.88
5920.43
5920.97
5921.52
5922.07
5922.62
5923.16
5923.71
5924.26
5924.81
5925.36
5925.9
5926.46
5927
5927.55
5928.1
5928.65
5929.2
5929.75
5930.3
5930.85
5931.4
5931.96
5932.51
5933.06
5933.61
5934.17
5934.72
5935.27
5935.82
5936.38
5936.93
5937.49
5938.04
5938.6
5939.15
5939.71
5940.27
5940.82
5941.38
5941.94
5942.49
5943.05
5943.61
5944.17
5944.73
5945.28
5945.84
5946.4
5946.96
5947.52
5948.08
5948.65
5949.21
5949.77
5950.33
5950.89
5951.46
5952.02
5952.59
5953.15
5953.71
5954.28
5954.85
5955.41
5955.98
5956.55
5957.11
5957.68
5958.25
5958.82
5959.39
5959.96
5960.53
5961.1
5961.68
5962.25
5962.82
5963.39
5963.97
5964.54
5965.11
5965.69
5966.26
5966.84
5967.42
5967.99
5968.57
5969.14
5969.72
5970.3
5970.88
5971.46
5972.03
5972.61
5973.19
5973.77
5974.35
5974.93
5975.51
5976.09
5976.67
5977.25
5977.83
5978.41
5978.99
5979.57
5980.15
5980.73
5981.31
5981.89
5982.48
5983.06
5983.64
5984.22
5984.8
5985.38
5985.96
5986.54
5987.12
5987.7
5988.28
5988.86
5989.44
5990.02
5990.59
5991.17
5991.75
5992.33
5992.9
5993.48
5994.06
5994.63
5995.21
5995.78
5996.36
5996.93
5997.51
5998.08
5998.88
5999.64
6000.37
6001.12
6001.84
6002.55
6003.29
6004
6004.72
6005.45
6006.17
6006.9
6007.62
6008.33
6009.04
6009.74
6010.43
6011.12
6011.81
6012.5
6013.18
6013.86
6014.53
6015.21
6015.88
6016.57
6017.21
6018.15
6018.77
6019.41
6020.03
6020.69
6021.66
6022.29
6022.91
6023.55
6024.57
6025.21
6025.84
6026.5
6027.58
6028.23
6028.88
6029.57
6030.73
6031.39
6032.05
6032.77
6034
6034.67
6035.32
6036.19
6036.91
6038.15
6038.8
6039.47
6040.63
6041.3
6042.03
6043.13
6043.8
6044.57
6045.59
6046.31
6047.04
6048.05
6048.77
6049.65
6050.4
6051.39
6052.16
6053
6053.97
6054.8
6055.61
6056.67
6057.47
6058.47
6059.31
6060.34
6061.3
6062.2
6063.22
6064.23
6065.2
6066.21
6067.29
6068.35
6069.44
6070.44
6071.66
6072.68
6073.83
6074.96
6076.16
6077.24
6078.56
6079.65
6080.92
6082.13
6083.42
6084.58
6085.96
6087.09
6088.23
6089.48
6090.61
6091.79
6093.04
6094.27
6095.51
6096.92
6098.25
6099.64
6101.29
6102.67
6104.1
6105.68
6107.14
6108.88
6110.42
6111.88
6113.32
6114.89
6116.48
6117.98
6119.54
6121.14
6122.62
6124.23
6125.93
6127.44
6128.97
6130.46
6131.92
6133.52
6135
6136.51
6138.09
6139.58
6141.17
6142.73
6144.17
6145.7
6147.3
6148.86
6150.38
6152.03
6153.53
6155.26
6156.59
6157.91
6159.18
6160.63
6161.96
6163.38
6164.89
6166.21
6167.7
6169.14
6170.71
6172.25
6173.67
6175.06
6176.67
6178.15
6179.58
6181.26
6182.68
6184.37
6185.89
6187.36
6188.82
6190.58
6192.03
6193.56
6195.01
6196.82
6198.26
6199.78
6201.24
6203.04
6204.49
6206
6207.44
6209
6210.46
6212.25
6213.66
6215.13
6216.53
6218
6219.72
6221.15
6222.52
6223.93
6225.3
6226.79
6228.15
6229.53
6231
6232.34
6233.66
6235.01
6236.36
6237.68
6239.01
6240.31
6241.62
6242.9
6244.18
6245.45
6246.7
6247.96
6249.18
6250.42
6251.63
6252.85
6254.04
6255.25
6256.45
6257.61
6258.8
6259.94
6261.12
6262.25
6263.4
6264.52
6265.66
6266.77
6267.9
6269
6270.12
6271.2
6272.32
6273.43
6274.51
6275.61
6276.68
6277.79
6278.89
6279.95
6281.04
6282.1
6283.19
6284.23
6285.35
6286.38
6287.49
6288.5
6289.65
6290.65
6291.81
6292.79
6293.99
6294.96
6296.16
6297.11
6298.35
6299.29
6300.28
6301.54
6302.46
6303.42
6304.71
6305.61
6306.52
6307.84
6308.72
6309.61
6310.94
6311.8
6312.66
6314.01
6314.84
6315.68
6317.02
6317.83
6318.64
6319.98
6320.77
6321.55
6322.87
6323.63
6324.4
6325.69
6326.46
6327.2
6328.47
6329.2
6329.92
6331.16
6331.85
6332.55
6333.77
6334.44
6335.11
6336.28
6336.92
6337.6
6338.72
6339.35
6340.02
6341.1
6341.71
6342.35
6343.39
6343.99
6344.62
6345.39
6345.99
6346.61
6347.59
6348.19
6348.8
6349.46
6350.09
6350.75
6351.36
6352.02
6352.62
6353.25
6353.85
6354.49
6355.08
6355.69
6356.29
6356.9
6357.49
6358.09
6358.67
6359.27
6359.85
6360.43
6361
6361.59
6362.16
6362.73
6363.29
6363.86
6364.42
6364.98
6365.54
6366.09
6366.64
6367.18
6367.74
6368.28
6368.82
6369.36
6369.89
6370.43
6370.96
6371.49
6372.02
6372.55
6373.08
6373.6
6374.12
6374.65
6375.17
6375.69
6376.21
6376.74
6377.26
6377.78
6378.3
6378.82
6379.33
6379.86
6380.37
6380.9
6381.41
6381.93
6382.44
6382.96
6383.47
6383.99
6384.49
6385.01
6385.51
6386.03
6386.52
6387.04
6387.53
6388.05
6388.54
6389.05
6389.53
6390.05
6390.53
6391.03
6391.51
6392.01
6392.49
6392.99
6393.46
6393.96
6394.43
6394.93
6395.39
6395.88
6396.35
6396.84
6397.29
6397.78
6398.23
6398.73
6399.18
6399.64
6400.11
6400.56
6401.05
6401.49
6401.94
6402.42
6402.86
6403.31
6403.77
6404.22
6404.68
6405.12
6405.58
6406.01
6406.48
6406.91
6407.36
6407.8
6408.25
6408.68
6409.14
6409.56
6410.02
6410.44
6410.9
6411.32
6411.76
6412.2
6412.64
6413.07
6413.51
6413.94
6414.39
6414.81
6415.25
6415.68
6416.12
6416.55
6417
6417.42
6417.86
6418.28
6418.73
6419.15
6419.6
6420.02
6420.47
6420.89
6421.34
6421.76
6422.21
6422.64
6423.08
6423.51
6423.96
6424.39
6424.83
6425.26
6425.71
6426.14
6426.59
6427.02
6427.47
6427.9
6428.35
6428.79
6429.23
6429.67
6430.12
6430.56
6431.01
6431.46
6431.9
6432.35
6432.8
6433.24
6433.69
6434.14
6434.59
6435.04
6435.49
6435.94
6436.4
6436.85
6437.3
6437.76
6438.21
6438.67
6439.12
6439.82
6440.47
6441.13
6441.75
6442.4
6443.01
6443.65
6444.27
6444.91
6445.53
6446.2
6446.83
6447.52
6448.19
6448.91
6449.6
6450.35
6451.07
6451.84
6452.58
6453.37
6454.13
6454.95
6455.66
6457.5
6458.26
6460.89
6461.54
6463.13
6464.07
6465.71
6467.23
6468.2
6470.12
6471.09
6472.42
6473.92
6474.95
6476.5
6477.53
6478.61
6480.01
6481.1
6482.44
6483.5
6484.84
6485.91
6487.23
6488.3
6489.41
6490.73
6491.84
6493.14
6494.27
6495.58
6496.73
6498.04
6499.23
6500.52
6501.88
6503.1
6504.55
6505.8
6507.27
6508.55
6510
6511.32
6512.82
6514.16
6515.69
6517.08
6518.66
6520.11
6521.71
6523.24
6524.89
6526.53
6528.26
6529.96
6531.73
6533.54
6535.45
6537.28
6539.3
6541.23
6543.17
6545.26
6547.27
6549.34
6551.49
6553.59
6555.7
6557.91
6560.05
6562.19
6564.19
6566.1
6568.08
6570.12
6572.17
6574.19
6576.37
6578.38
6580.49
6582.59
6584.71
6586.72
6588.81
6590.96
6592.94
6595.02
6597.15
6599.12
6601.14
6603.31
6605.24
6607.23
6609.37
6611.4
6613.32
6615.49
6617.41
6619.4
6621.6
6623.52
6625.46
6627.67
6629.63
6631.61
6633.81
6635.81
6637.83
6640.15
6642.15
6644.13
6646.17
6648.41
6650.34
6652.25
6654.18
6656.37
6658.31
6660.18
6662.03
6664.21
6666.12
6667.95
6669.76
6671.91
6673.77
6675.55
6677.3
6679.39
6681.2
6682.91
6684.59
6686.44
6688.2
6689.83
6691.82
6693.41
6695.01
6696.7
6698.28
6700.19
6701.74
6703.29
6704.79
6706.39
6708.24
6709.72
6711.16
6712.75
6714.16
6715.7
6717.07
6718.48
6720.02
6721.35
6722.71
6724.05
6725.53
6726.77
6728.5
6729.55
6730.7
6731.81
6733.44
6734.43
6735.47
6736.54
6737.92
6738.94
6739.98
6740.99
6742.27
6743.4
6744.41
6745.53
6746.68
6747.7
6748.81
6749.92
6751
6751.94
6753.04
6753.98
6755.03
6756.01
6756.95
6757.88
6758.81
6759.74
6760.76
6761.7
6762.7
6763.59
6764.59
6765.47
6766.35
6767.32
6768.19
6769.04
6769.91
6770.77
6771.62
6772.47
6773.32
6774.15
6774.98
6775.83
6776.67
6777.52
6778.34
6779.16
6779.97
6780.77
6781.57
6782.36
6783.16
6783.94
6784.72
6785.51
6786.29
6787.09
6787.9
6788.71
6789.52
6790.32
6791.13
6791.94
6792.75
6793.56
6794.37
6795.13
6795.85
6796.53
6797.17
6797.78
6798.35
6798.91
6799.44
6799.96
