distance
0
-1.08216e-07
-4.10136e-07
-7.64601e-07
-1.28871e-06
-1.94394e-06
-2.80363e-06
-3.82713e-06
-5.08728e-06
-6.54542e-06
-8.27056e-06
-1.02259e-05
-1.24749e-05
-1.49834e-05
-1.78089e-05
-2.09308e-05
-2.44041e-05
-2.82071e-05
-3.23847e-05
-3.69201e-05
-4.18495e-05
-4.71271e-05
-5.28469e-05
-5.90395e-05
-6.57704e-05
-7.3045e-05
-8.09133e-05
-8.93567e-05
-9.84367e-05
-0.00010817
-0.000118595
-0.000129704
-0.000141542
-0.000154074
-0.000167181
-0.000180734
-0.000194479
-0.000208614
-0.000222997
-0.000237387
-0.000252087
-0.000266893
-0.000281595
-0.000296363
-0.000311129
-0.000325741
-0.000340472
-0.000355118
-0.00036954
-0.000384003
-0.000398338
-0.000412405
-0.000426055
-0.000439616
-0.000452971
-0.000465859
-0.000478218
-0.000490363
-0.000502171
-0.000513447
-0.000524216
-0.000534823
-0.000545
-0.000554566
-0.000563394
-0.000571844
-0.000579715
-0.000586992
-0.000593366
-0.000598662
-0.000603116
-0.0006065
-0.000609176
-0.000610993
-0.000611712
-0.000611595
-0.000610368
-0.000608137
-0.000604571
-0.000599439
-0.000593132
-0.00058552
-0.000576346
-0.00056542
-0.000552521
-0.000538155
-0.000522148
-0.000504281
-0.000484349
-0.000462137
-0.000438141
-0.000412198
-0.000384089
-0.000353538
-0.000320377
-0.000285149
-0.000247619
-0.00020755
-0.000164675
-0.00011881
-7.00479e-05
-1.81361e-05
3.68299e-05
9.5036e-05
0.000156621
0.000221615
0.000290103
0.00036202
0.000437556
0.000516801
0.000599715
0.000686471
0.00077712
0.000871525
0.000969812
0.00107121
0.00117591
0.00128408
0.00139585
0.00151049
0.0016282
0.00174905
0.00187254
0.00199877
0.00212733
0.00225832
0.00239173
0.00252724
0.00266485
0.00280283
0.00294217
0.00308328
0.00322598
0.00336978
0.00351488
0.00366133
0.00380892
0.00395778
0.0041082
0.00425995
0.00441328
0.00456838
0.00472527
0.00488416
0.00504534
0.00520881
0.00537494
0.00554386
0.00571544
0.00588968
0.00606662
0.00624613
0.00642801
0.00661227
0.00679898
0.00698809
0.0071795
0.0073733
0.00756963
0.00776848
0.0079698
0.00817368
0.00838027
0.00858957
0.00880152
0.00901623
0.00923382
0.00945431
0.00967769
0.00990403
0.0101334
0.0103659
0.0106015
0.0108401
0.0110821
0.0113274
0.0115759
0.0118277
0.012083
0.0123417
0.0126039
0.0128697
0.0131391
0.013412
0.0136886
0.0139689
0.0142529
0.0145406
0.0148322
0.0151275
0.0154268
0.0157299
0.016037
0.016348
0.0166632
0.0169823
0.0173056
0.017633
0.0179645
0.0183002
0.0186399
0.0189838
0.0193318
0.019684
0.0200404
0.0204008
0.0207654
0.0211342
0.021507
0.021884
0.0222653
0.0226508
0.0230407
0.0234349
0.0238335
0.0242365
0.0246439
0.025056
0.0254727
0.025894
0.0263202
0.0267511
0.0271868
0.0276274
0.0280728
0.0285231
0.0289783
0.0294386
0.0299037
0.0303737
0.0308487
0.0313287
0.0318136
0.0323033
0.032798
0.0332975
0.0338019
0.0343111
0.034825
0.0353438
0.0358672
0.0363954
0.0369282
0.0374656
0.0380075
0.038554
0.039105
0.0396604
0.04022
0.040784
0.0413523
0.0419247
0.0425011
0.0430815
0.0436659
0.0442542
0.0448462
0.0454419
0.0460412
0.0466441
0.0472504
0.04786
0.048473
0.0490891
0.0497083
0.0503304
0.0509555
0.0515834
0.052214
0.0528473
0.0534829
0.054121
0.0547613
0.0554038
0.0560484
0.0566949
0.0573432
0.0579932
0.0586448
0.0592979
0.0599523
0.060608
0.0612648
0.0619228
0.0625818
0.0632419
0.0639029
0.0645647
0.0652274
0.065891
0.0665552
0.0672202
0.0678858
0.0685521
0.069219
0.0698865
0.0705545
0.0712231
0.0718922
0.0725617
0.0732318
0.0739024
0.0745734
0.0752448
0.0759167
0.0765891
0.0772618
0.077935
0.0786086
0.0792808
0.07995
0.0806152
0.0812761
0.0819326
0.0825851
0.0832343
0.0838805
0.0845245
0.0851666
0.0858073
0.0864473
0.0870869
0.0877264
0.0883663
0.0890067
0.0896479
0.09029
0.0909332
0.0915775
0.0922229
0.0928694
0.093517
0.0941656
0.0948154
0.0954663
0.0961184
0.0967715
0.0974257
0.098081
0.0987374
0.099395
0.100054
0.100713
0.101374
0.102036
0.102699
0.103363
0.104028
0.104695
0.105362
0.10603
0.1067
0.10737
0.108042
0.108715
0.109389
0.110064
0.11074
0.111417
0.112095
0.112774
0.113455
0.114136
0.114819
0.115503
0.116188
0.116874
0.117561
0.118249
0.118938
0.119629
0.120321
0.121013
0.121707
0.122403
0.123099
0.123796
0.124495
0.125195
0.125896
0.126598
0.127302
0.128007
0.128713
0.12942
0.130128
0.130838
0.131547
0.132257
0.132968
0.133681
0.134394
0.135109
0.135825
0.136543
0.137261
0.137981
0.138701
0.139423
0.140146
0.140871
0.141596
0.142323
0.143051
0.14378
0.14451
0.145242
0.145975
0.14671
0.147445
0.148183
0.148921
0.149661
0.150402
0.151145
0.151889
0.152634
0.153381
0.154129
0.154879
0.155629
0.156381
0.157134
0.157889
0.158645
0.159402
0.160161
0.160921
0.161683
0.162447
0.163211
0.163978
0.164744
0.165509
0.166276
0.167044
0.167814
0.168585
0.169357
0.17013
0.170905
0.171682
0.17246
0.17324
0.17402
0.174803
0.175587
0.176371
0.177158
0.177945
0.178733
0.179522
0.180311
0.181102
0.181893
0.182685
0.183478
0.184271
0.185064
0.185857
0.186651
0.187445
0.188239
0.189033
0.189827
0.190621
0.191414
0.192208
0.193001
0.193794
0.194586
0.195378
0.19617
0.196961
0.197752
0.198542
0.199331
0.20012
0.200908
0.201695
0.202482
0.203268
0.204054
0.204838
0.205622
0.206406
0.207188
0.20797
0.208751
0.209531
0.210311
0.21109
0.211869
0.212647
0.213424
0.214201
0.214977
0.215752
0.216527
0.217302
0.218076
0.21885
0.219624
0.220397
0.22117
0.221942
0.222715
0.223487
0.224259
0.22503
0.225802
0.226573
0.227345
0.228116
0.228888
0.229659
0.230431
0.231202
0.231974
0.232746
0.233518
0.23429
0.235063
0.235836
0.23661
0.237384
0.238158
0.238933
0.239709
0.240485
0.241262
0.242039
0.242818
0.243597
0.244377
0.245157
0.245939
0.246722
0.247506
0.248291
0.249077
0.249864
0.250652
0.251442
0.252233
0.253025
0.253819
0.254614
0.255411
0.256209
0.257008
0.257809
0.258612
0.259416
0.260222
0.26103
0.26184
0.262651
0.263464
0.264279
0.265097
0.265916
0.266737
0.26756
0.268386
0.269213
0.270043
0.270875
0.27171
0.272546
0.273386
0.274227
0.275071
0.275918
0.276767
0.277618
0.278472
0.279329
0.280188
0.28105
0.281915
0.282782
0.283652
0.284525
0.2854
0.286279
0.28716
0.288044
0.288931
0.28982
0.290713
0.291608
0.292507
0.293408
0.294313
0.29522
0.29613
0.297044
0.29796
0.298879
0.299802
0.300727
0.301656
0.302587
0.303522
0.30446
0.305401
0.306345
0.307291
0.308242
0.309195
0.310151
0.31111
0.312073
0.313038
0.314007
0.314979
0.315954
0.316932
0.317913
0.318898
0.319885
0.320876
0.32187
0.322867
0.323867
0.32487
0.325877
0.326887
0.327899
0.328915
0.329935
0.330957
0.331982
0.333011
0.334043
0.335077
0.336115
0.337156
0.338201
0.339248
0.340298
0.341351
0.342408
0.343467
0.344529
0.345595
0.346663
0.347734
0.348808
0.349885
0.350965
0.352047
0.353133
0.354221
0.355311
0.356404
0.3575
0.358599
0.3597
0.360803
0.361909
0.363017
0.364128
0.36524
0.366355
0.367472
0.368591
0.369712
0.370835
0.37196
0.373086
0.374215
0.375345
0.376476
0.377609
0.378743
0.379879
0.381016
0.382154
0.383293
0.384434
0.385576
0.386718
0.387862
0.389006
0.390152
0.391298
0.392445
0.393593
0.394742
0.395891
0.397041
0.398191
0.399342
0.400493
0.401645
0.402798
0.403951
0.405104
0.406256
0.407408
0.408561
0.409714
0.410863
0.412007
0.413145
0.414277
0.415403
0.416526
0.417646
0.418764
0.419881
0.420997
0.422114
0.42323
0.424347
0.425464
0.426582
0.427701
0.42882
0.429939
0.43106
0.432181
0.433302
0.434425
0.435548
0.436672
0.437796
0.438921
0.440047
0.441173
0.4423
0.443427
0.444555
0.445684
0.446814
0.447944
0.449075
0.450207
0.45134
0.452474
0.453609
0.454744
0.455879
0.457016
0.458153
0.459291
0.460429
0.461568
0.462708
0.463848
0.464989
0.46613
0.467272
0.468415
0.469558
0.470702
0.471847
0.472993
0.47414
0.475288
0.476435
0.477584
0.478734
0.479885
0.481036
0.482188
0.483341
0.484495
0.48565
0.486802
0.487952
0.489097
0.490239
0.491378
0.492515
0.493651
0.494786
0.495921
0.497057
0.498193
0.49933
0.500468
0.501607
0.502747
0.503889
0.505032
0.506176
0.507322
0.508468
0.509617
0.510766
0.511917
0.513069
0.514223
0.515379
0.516535
0.517694
0.518853
0.520014
0.521177
0.522341
0.523506
0.524673
0.525841
0.527011
0.528181
0.529354
0.530527
0.531702
0.532878
0.534055
0.535233
0.536413
0.537593
0.538775
0.539959
0.541143
0.542328
0.543515
0.544703
0.545892
0.547082
0.548273
0.549466
0.55066
0.551854
0.553051
0.554248
0.555446
0.556646
0.557846
0.559048
0.560251
0.561456
0.562661
0.563868
0.565076
0.566285
0.567495
0.568706
0.569919
0.571132
0.572347
0.573563
0.574781
0.575999
0.577219
0.57844
0.579662
0.580885
0.58211
0.583336
0.584563
0.585791
0.587021
0.588252
0.589484
0.590718
0.591951
0.593183
0.594413
0.595641
0.596868
0.598092
0.599314
0.600534
0.601753
0.602969
0.604184
0.605398
0.606611
0.607824
0.609037
0.610246
0.611452
0.612655
0.613855
0.61505
0.616242
0.617429
0.618613
0.619795
0.620975
0.622154
0.623333
0.624511
0.625689
0.626867
0.628045
0.629225
0.630404
0.631585
0.632766
0.633948
0.635131
0.636314
0.637497
0.638681
0.639864
0.641048
0.642231
0.643415
0.644597
0.645779
0.646961
0.648141
0.649321
0.650499
0.651675
0.652849
0.654021
0.655191
0.656358
0.657522
0.658683
0.659841
0.660996
0.662147
0.663294
0.664438
0.665579
0.666716
0.667849
0.668979
0.670106
0.671229
0.672349
0.673466
0.67458
0.67569
0.676798
0.677903
0.679005
0.680104
0.6812
0.682294
0.683386
0.684475
0.685562
0.686647
0.687729
0.688809
0.689888
0.690964
0.692038
0.69311
0.694181
0.69525
0.696316
0.697381
0.698445
0.699506
0.700566
0.701624
0.70268
0.703734
0.704787
0.705838
0.706888
0.707935
0.708982
0.710026
0.711069
0.71211
0.713149
0.714187
0.715224
0.716258
0.717292
0.718323
0.719353
0.720382
0.72141
0.722435
0.72346
0.724483
0.725505
0.726525
0.727544
0.728562
0.729578
0.730593
0.731607
0.73262
0.733631
0.734641
0.73565
0.736658
0.737664
0.738669
0.739674
0.740676
0.741678
0.742679
0.743678
0.744676
0.745674
0.74667
0.747665
0.748658
0.749651
0.750642
0.751633
0.752622
0.75361
0.754598
0.755584
0.756568
0.757552
0.758535
0.759517
0.760497
0.761477
0.762455
0.763432
0.764408
0.765383
0.766357
0.76733
0.768301
0.769272
0.770241
0.771209
0.772176
0.773141
0.774105
0.775068
0.77603
0.776991
0.77795
0.778908
0.779864
0.780819
0.781774
0.782726
0.783678
0.784628
0.785577
0.786525
0.787472
0.788417
0.789362
0.790305
0.791247
0.792187
0.793127
0.794066
0.795003
0.79594
0.796875
0.79781
0.798743
0.799676
0.800607
0.801538
0.802467
0.803396
0.804324
0.805251
0.806177
0.807102
0.808026
0.80895
0.809873
0.810795
0.811716
0.812637
0.813557
0.814476
0.815395
0.816313
0.81723
0.818147
0.819063
0.819979
0.820894
0.821808
0.822722
0.823636
0.824549
0.825462
0.826375
0.827287
0.828198
0.82911
0.830021
0.830932
0.831843
0.832753
0.833663
0.834573
0.835483
0.836393
0.837302
0.838212
0.839121
0.84003
0.84094
0.841849
0.842758
0.843667
0.844576
0.845486
0.846395
0.847304
0.848214
0.849123
0.850033
0.850943
0.851853
0.852763
0.853673
0.854584
0.855494
0.856405
0.857316
0.858228
0.859139
0.860051
0.860963
0.861876
0.862788
0.863702
0.864615
0.865529
0.866443
0.867357
0.868272
0.869187
0.870103
0.871019
0.871935
0.872852
0.873769
0.874687
0.875605
0.876523
0.877442
0.878362
0.879282
0.880202
0.881122
0.882044
0.882965
0.883887
0.88481
0.885733
0.886656
0.88758
0.888505
0.88943
0.890355
0.89128
0.892205
0.89313
0.894054
0.894978
0.895901
0.896824
0.897746
0.898667
0.899588
0.900508
0.901428
0.902348
0.903268
0.904187
0.905107
0.906026
0.906946
0.907865
0.908786
0.909706
0.910627
0.911548
0.91247
0.913393
0.914316
0.915239
0.916164
0.917089
0.918015
0.918941
0.919869
0.920797
0.921726
0.922656
0.923587
0.924519
0.925452
0.926385
0.92732
0.928255
0.929192
0.93013
0.931068
0.932008
0.932949
0.93389
0.934833
0.935777
0.936722
0.937668
0.938615
0.939563
0.940512
0.941463
0.942414
0.943367
0.944321
0.945276
0.946232
0.947189
0.948147
0.949107
0.950067
0.951029
0.951992
0.952956
0.953921
0.954887
0.955854
0.956822
0.957791
0.958762
0.959733
0.960705
0.961679
0.962653
0.963628
0.964605
0.965582
0.966561
0.96754
0.96852
0.969501
0.970484
0.971467
0.972451
0.973436
0.974422
0.975408
0.976396
0.977384
0.978374
0.979364
0.980355
0.981347
0.98234
0.983333
0.984328
0.985323
0.986319
0.987316
0.988314
0.989313
0.990312
0.991312
0.992313
0.993315
0.994318
0.995319
0.996316
0.997306
0.99829
0.999269
1.00024
1.00122
1.00219
1.00316
1.00414
1.00511
1.00608
1.00706
1.00803
1.00901
1.00999
1.01097
1.01195
1.01293
1.01391
1.01489
1.01588
1.01686
1.01784
1.01883
1.01982
1.0208
1.02179
1.02278
1.02377
1.02476
1.02575
1.02674
1.02773
1.02873
1.02972
1.03072
1.03171
1.03271
1.0337
1.0347
1.0357
1.0367
1.0377
1.0387
1.0397
1.0407
1.0417
1.04271
1.04371
1.04471
1.04572
1.04672
1.04773
1.04873
1.04974
1.05075
1.05176
1.05277
1.05378
1.05479
1.0558
1.05681
1.05783
1.05884
1.05985
1.06087
1.06189
1.0629
1.06392
1.06494
1.06596
1.06698
1.068
1.06903
1.07005
1.07108
1.0721
1.07313
1.07416
1.07518
1.07621
1.07725
1.07828
1.07931
1.08034
1.08138
1.08242
1.08345
1.08449
1.08553
1.08657
1.08761
1.08866
1.0897
1.09075
1.0918
1.09284
1.09389
1.09494
1.096
1.09705
1.09811
1.09916
1.10022
1.10128
1.10234
1.1034
1.10446
1.10553
1.10659
1.10766
1.10873
1.1098
1.11087
1.11194
1.11302
1.11409
1.11517
1.11625
1.11733
1.11841
1.11949
1.12057
1.12166
1.12275
1.12383
1.12492
1.12602
1.12711
1.1282
1.1293
1.1304
1.13149
1.13259
1.1337
1.1348
1.1359
1.13701
1.13812
1.13922
1.14033
1.14145
1.14256
1.14367
1.14479
1.14591
1.14703
1.14815
1.14927
1.15039
1.15152
1.15264
1.15377
1.1549
1.15603
1.15716
1.1583
1.15943
1.16057
1.16171
1.16285
1.16399
1.16513
1.16628
1.16742
1.16857
1.16972
1.17087
1.17202
1.17318
1.17433
1.17549
1.17665
1.17781
1.17897
1.18013
1.18129
1.18246
1.18363
1.18479
1.18596
1.18714
1.18831
1.18948
1.19066
1.19184
1.19302
1.1942
1.19538
1.19656
1.19775
1.19893
1.20012
1.20131
1.2025
1.20369
1.20488
1.20608
1.20727
1.20847
1.20967
1.21087
1.21207
1.21327
1.21448
1.21568
1.21689
1.2181
1.21931
1.22052
1.22173
1.22295
1.22416
1.22538
1.2266
1.22782
1.22904
1.23026
1.23148
1.23271
1.23393
1.23516
1.23639
1.23762
1.23885
1.24009
1.24132
1.24256
1.24379
1.24503
1.24627
1.24751
1.24875
1.24999
1.25122
1.25246
1.2537
1.25494
1.25618
1.25741
1.25865
1.25989
1.26112
1.26236
1.2636
1.26483
1.26607
1.26731
1.26854
1.26978
1.27102
1.27225
1.27349
1.27473
1.27596
1.2772
1.27843
1.27966
1.2809
1.28213
1.28336
1.28459
1.28582
1.28705
1.28829
1.28952
1.29075
1.29198
1.29321
1.29443
1.29566
1.29689
1.29812
1.29935
1.30057
1.3018
1.30302
1.30425
1.30547
1.30669
1.30791
1.30913
1.31035
1.31157
1.31279
1.314
1.31521
1.31642
1.31763
1.31884
1.32005
1.32125
1.32246
1.32366
1.32486
1.32605
1.32725
1.32844
1.32963
1.33082
1.33201
1.33319
1.33438
1.33556
1.33674
1.33791
1.33909
1.34026
1.34143
1.3426
1.34376
1.34493
1.34609
1.34725
1.34841
1.34957
1.35072
1.35188
1.35303
1.35418
1.35533
1.35647
1.35762
1.35876
1.35991
1.36105
1.36219
1.36332
1.36446
1.3656
1.36673
1.36786
1.36899
1.37012
1.37125
1.37238
1.37351
1.37463
1.37575
1.37688
1.378
1.37912
1.38023
1.38135
1.38247
1.38358
1.38469
1.3858
1.38691
1.38802
1.38912
1.39022
1.39132
1.39242
1.39352
1.39462
1.39571
1.39681
1.3979
1.39899
1.40008
1.40116
1.40225
1.40333
1.40442
1.4055
1.40658
1.40766
1.40874
1.40981
1.41089
1.41196
1.41304
1.41411
1.41519
1.41626
1.41733
1.4184
1.41947
1.42054
1.42162
1.42269
1.42375
1.42482
1.42589
1.42696
1.42803
1.4291
1.43017
1.43124
1.43231
1.43338
1.43445
1.43552
1.43659
1.43766
1.43873
1.4398
1.44087
1.44194
1.44301
1.44408
1.44515
1.44622
1.4473
1.44837
1.44944
1.45052
1.45159
1.45267
1.45374
1.45482
1.45589
1.45697
1.45805
1.45912
1.4602
1.46128
1.46236
1.46344
1.46452
1.4656
1.46668
1.46776
1.46884
1.46993
1.47101
1.4721
1.47318
1.47427
1.47535
1.47644
1.47753
1.47861
1.4797
1.48079
1.48188
1.48297
1.48407
1.48516
1.48625
1.48734
1.48844
1.48953
1.49063
1.49173
1.49282
1.49392
1.49502
1.49612
1.49722
1.49832
1.49942
1.50053
1.50163
1.50273
1.50384
1.50494
1.50605
1.50716
1.50827
1.50938
1.51048
1.5116
1.51271
1.51382
1.51493
1.51604
1.51716
1.51827
1.51939
1.5205
1.52162
1.52274
1.52386
1.52498
1.5261
1.52722
1.52834
1.52946
1.53058
1.53171
1.53283
1.53395
1.53508
1.53621
1.53733
1.53846
1.53959
1.54072
1.54185
1.54298
1.54411
1.54524
1.54637
1.54751
1.54864
1.54977
1.55091
1.55204
1.55318
1.55432
1.55546
1.5566
1.55774
1.55888
1.56002
1.56116
1.5623
1.56345
1.56459
1.56574
1.56688
1.56803
1.56918
1.57033
1.57148
1.57263
1.57378
1.57493
1.57609
1.57724
1.5784
1.57955
1.58071
1.58187
1.58303
1.58419
1.58535
1.58652
1.58768
1.58885
1.59001
1.59118
1.59235
1.59352
1.59469
1.59586
1.59703
1.59821
1.59938
1.60056
1.60174
1.60292
1.6041
1.60528
1.60646
1.60765
1.60883
1.61002
1.61121
1.6124
1.61359
1.61478
1.61598
1.61717
1.61837
1.61957
1.62077
1.62197
1.62317
1.62437
1.62558
1.62679
1.62799
1.62921
1.63042
1.63163
1.63284
1.63406
1.63528
1.6365
1.63772
1.63894
1.64017
1.64139
1.64262
1.64385
1.64508
1.64631
1.64754
1.64878
1.65002
1.65126
1.6525
1.65374
1.65498
1.65623
1.65747
1.65872
1.65997
1.66122
1.66248
1.66373
1.66499
1.66624
1.6675
1.66876
1.67003
1.67129
1.67256
1.67382
1.67509
1.67636
1.67763
1.67891
1.68018
1.68146
1.68274
1.68401
1.68528
1.68655
1.68781
1.68907
1.69032
1.69157
1.69282
1.69407
1.69533
1.69658
1.69784
1.69909
1.70035
1.70162
1.70288
1.70414
1.70541
1.70668
1.70795
1.70922
1.71049
1.71177
1.71304
1.71432
1.7156
1.71688
1.71817
1.71945
1.72074
1.72202
1.72331
1.7246
1.72589
1.72719
1.72848
1.72978
1.73108
1.73238
1.73368
1.73498
1.73628
1.73759
1.73889
1.7402
1.74151
1.74282
1.74413
1.74545
1.74676
1.74808
1.7494
1.75072
1.75204
1.75336
1.75468
1.75601
1.75734
1.75867
1.75999
1.76132
1.76266
1.76399
1.76532
1.76666
1.76799
1.76933
1.77067
1.77201
1.77335
1.7747
1.77605
1.77739
1.77874
1.7801
1.78145
1.78281
1.78417
1.78553
1.78689
1.78825
1.78962
1.79098
1.79235
1.79372
1.79508
1.79645
1.79782
1.79918
1.80055
1.80192
1.80329
1.80466
1.80603
1.80741
1.80878
1.81016
1.81153
1.81291
1.81429
1.81567
1.81705
1.81844
1.81982
1.82121
1.8226
1.82398
1.82537
1.82676
1.82816
1.82955
1.83094
1.83234
1.83373
1.83513
1.83653
1.83792
1.83932
1.84072
1.84212
1.84352
1.84492
1.84632
1.84772
1.84912
1.85052
1.85192
1.85332
1.85472
1.85611
1.85751
1.8589
1.8603
1.86169
1.86308
1.86447
1.86586
1.86725
1.86863
1.87002
1.8714
1.87278
1.87417
1.87555
1.87693
1.8783
1.87968
1.88106
1.88243
1.8838
1.88517
1.88655
1.88792
1.88928
1.89065
1.89202
1.89338
1.89475
1.89611
1.89747
1.89883
1.90019
1.90155
1.90291
1.90426
1.90562
1.90697
1.90833
1.90968
1.91103
1.91237
1.91372
1.91507
1.91641
1.91775
1.91909
1.92043
1.92177
1.9231
1.92444
1.92577
1.9271
1.92843
1.92976
1.93109
1.93241
1.93373
1.93505
1.93637
1.93769
1.93901
1.94032
1.94164
1.94295
1.94426
1.94557
1.94687
1.94818
1.94948
1.95079
1.95209
1.95339
1.95469
1.95598
1.95728
1.95857
1.95986
1.96115
1.96244
1.96373
1.96502
1.96631
1.96759
1.96887
1.97015
1.97143
1.97271
1.97399
1.97527
1.97654
1.97781
1.97909
1.98036
1.98163
1.9829
1.98416
1.98543
1.98669
1.98796
1.98922
1.99048
1.99174
1.993
1.99426
1.99552
1.99677
1.99803
1.99928
2.00054
2.00179
2.00304
2.00429
2.00554
2.00679
2.00804
2.00929
2.01054
2.01178
2.01303
2.01428
2.01552
2.01677
2.01801
2.01926
2.0205
2.02175
2.02299
2.02424
2.02548
2.02673
2.02797
2.02921
2.03046
2.0317
2.03295
2.03419
2.03544
2.03668
2.03792
2.03917
2.04041
2.04166
2.04291
2.04415
2.0454
2.04664
2.04789
2.04914
2.05039
2.05163
2.05288
2.05413
2.05538
2.05663
2.05788
2.05913
2.06038
2.06163
2.06288
2.06414
2.06539
2.06664
2.0679
2.06915
2.07041
2.07166
2.07292
2.07418
2.07543
2.07669
2.07795
2.07921
2.08047
2.08173
2.08299
2.08425
2.08552
2.08678
2.08804
2.0893
2.09056
2.09182
2.09309
2.09435
2.09561
2.09687
2.09813
2.09939
2.10065
2.10191
2.10318
2.10444
2.1057
2.10696
2.10822
2.10949
2.11075
2.11202
2.11328
2.11455
2.11581
2.11708
2.11834
2.11961
2.12088
2.12215
2.12342
2.12469
2.12596
2.12724
2.12851
2.12978
2.13106
2.13233
2.13361
2.13489
2.13617
2.13744
2.13872
2.14
2.14129
2.14257
2.14385
2.14514
2.14642
2.14771
2.149
2.15028
2.15157
2.15286
2.15416
2.15545
2.15674
2.15804
2.15933
2.16063
2.16192
2.16322
2.16452
2.16582
2.16712
2.16843
2.16973
2.17104
2.17234
2.17365
2.17496
2.17627
2.17758
2.17889
2.1802
2.18151
2.18283
2.18415
2.18546
2.18678
2.1881
2.18942
2.19074
2.19207
2.19339
2.19472
2.19605
2.19737
2.1987
2.20004
2.20137
2.2027
2.20404
2.20537
2.20671
2.20805
2.20939
2.21073
2.21208
2.21342
2.21477
2.21612
2.21747
2.21882
2.22017
2.22152
2.22288
2.22423
2.22559
2.22695
2.22831
2.22968
2.23104
2.23241
2.23377
2.23514
2.23651
2.23788
2.23926
2.24063
2.24201
2.24338
2.24476
2.24614
2.24752
2.24891
2.25029
2.25168
2.25307
2.25446
2.25585
2.25724
2.25863
2.26003
2.26143
2.26283
2.26423
2.26563
2.26703
2.26843
2.26984
2.27125
2.27265
2.27406
2.27547
2.27687
2.27827
2.27966
2.28105
2.28244
2.28382
2.28521
2.28659
2.28798
2.28936
2.29075
2.29214
2.29353
2.29493
2.29632
2.29772
2.29912
2.30052
2.30192
2.30333
2.30473
2.30614
2.30755
2.30896
2.31037
2.31179
2.3132
2.31462
2.31604
2.31746
2.31888
2.3203
2.32172
2.32315
2.32458
2.32601
2.32744
2.32887
2.3303
2.33173
2.33317
2.33461
2.33605
2.33749
2.33893
2.34037
2.34182
2.34326
2.34471
2.34616
2.34761
2.34906
2.35052
2.35197
2.35343
2.35489
2.35635
2.35781
2.35927
2.36074
2.3622
2.36367
2.36514
2.36661
2.36809
2.36956
2.37104
2.37252
2.374
2.37548
2.37697
2.37846
2.37994
2.38143
2.38293
2.38442
2.38592
2.38741
2.38891
2.39041
2.39192
2.39342
2.39493
2.39644
2.39795
2.39946
2.40098
2.40249
2.40401
2.40552
2.40704
2.40856
2.41008
2.4116
2.41312
2.41464
2.41616
2.41768
2.4192
2.42072
2.42225
2.42377
2.4253
2.42683
2.42836
2.42989
2.43142
2.43295
2.43448
2.43601
2.43754
2.43907
2.44059
2.44212
2.44364
2.44516
2.44668
2.4482
2.44972
2.45124
2.45276
2.45428
2.45579
2.45731
2.45883
2.46035
2.46187
2.46339
2.46491
2.46643
2.46795
2.46947
2.47099
2.47251
2.47403
2.47555
2.47707
2.47859
2.48011
2.48163
2.48315
2.48467
2.48619
2.48771
2.48922
2.49074
2.49225
2.49376
2.49527
2.49678
2.49828
2.49978
2.50128
2.50278
2.50427
2.50576
2.50725
2.50874
2.51022
2.5117
2.51318
2.51466
2.51613
2.5176
2.51906
2.52053
2.52199
2.52345
2.52491
2.52636
2.52781
2.52926
2.53071
2.53216
2.5336
2.53504
2.53649
2.53792
2.53936
2.5408
2.54223
2.54366
2.5451
2.54653
2.54795
2.54938
2.55081
2.55223
2.55365
2.55507
2.55649
2.55791
2.55933
2.56074
2.56216
2.56357
2.56498
2.56639
2.5678
2.5692
2.57061
2.57201
2.57341
2.57481
2.57621
2.5776
2.579
2.58039
2.58178
2.58317
2.58456
2.58595
2.58733
2.58872
2.5901
2.59148
2.59286
2.59424
2.59562
2.59699
2.59837
2.59974
2.60111
2.60248
2.60385
2.60522
2.60658
2.60795
2.60931
2.61067
2.61204
2.6134
2.61476
2.61611
2.61747
2.61883
2.62018
2.62154
2.62289
2.62424
2.6256
2.62695
2.6283
2.62965
2.631
2.63234
2.63369
2.63504
2.63638
2.63773
2.63908
2.64042
2.64176
2.64311
2.64445
2.64579
2.64714
2.64848
2.64982
2.65116
2.65251
2.65385
2.65519
2.65653
2.65787
2.65922
2.66056
2.6619
2.66324
2.66458
2.66592
2.66727
2.66861
2.66995
2.67129
2.67263
2.67398
2.67532
2.67666
2.67801
2.67935
2.68069
2.68204
2.68338
2.68473
2.68607
2.68742
2.68876
2.69011
2.69146
2.69281
2.69415
2.6955
2.69685
2.6982
2.69955
2.7009
2.70225
2.7036
2.70495
2.7063
2.70766
2.70901
2.71036
2.71172
2.71307
2.71443
2.71578
2.71714
2.71849
2.71985
2.72121
2.72257
2.72393
2.72529
2.72665
2.72801
2.72937
2.73073
2.73209
2.73345
2.73482
2.73618
2.73754
2.73891
2.74027
2.74164
2.74301
2.74437
2.74574
2.74711
2.74848
2.74985
2.75122
2.75259
2.75396
2.75533
2.7567
2.75808
2.75945
2.76082
2.7622
2.76357
2.76495
2.76633
2.7677
2.76908
2.77045
2.77183
2.7732
2.77458
2.77595
2.77732
2.7787
2.78007
2.78144
2.78281
2.78418
2.78555
2.78692
2.78829
2.78967
2.79104
2.79241
2.79378
2.79515
2.79653
2.7979
2.79927
2.80065
2.80202
2.8034
2.80478
2.80615
2.80753
2.80891
2.81029
2.81167
2.81305
2.81444
2.81582
2.8172
2.81859
2.81998
2.82136
2.82275
2.82414
2.82553
2.82692
2.82831
2.8297
2.8311
2.83249
2.83389
2.83528
2.83668
2.83808
2.83948
2.84088
2.84228
2.84368
2.84508
2.84648
2.84789
2.84929
2.8507
2.85211
2.85352
2.85492
2.85634
2.85775
2.85916
2.86057
2.86199
2.86341
2.86482
2.86624
2.86766
2.86908
2.8705
2.87193
2.87335
2.87478
2.87621
2.87763
2.87906
2.88049
2.88193
2.88336
2.8848
2.88623
2.88767
2.88911
2.89055
2.89199
2.89344
2.89488
2.89633
2.89777
2.89922
2.90067
2.90212
2.90358
2.90503
2.90649
2.90795
2.9094
2.91087
2.91233
2.91379
2.91525
2.91672
2.91819
2.91966
2.92113
2.9226
2.92407
2.92555
2.92702
2.9285
2.92998
2.93146
2.93294
2.93442
2.93591
2.93739
2.93886
2.94033
2.9418
2.94326
2.94472
2.94618
2.94764
2.9491
2.95056
2.95202
2.95348
2.95495
2.95641
2.95788
2.95935
2.96082
2.9623
2.96377
2.96525
2.96673
2.96821
2.96969
2.97117
2.97266
2.97415
2.97564
2.97713
2.97862
2.98011
2.98161
2.9831
2.9846
2.9861
2.9876
2.9891
2.99061
2.99211
2.99362
2.99513
2.99664
2.99815
2.99966
3.00118
3.00269
3.00421
3.00573
3.00725
3.00877
3.0103
3.01182
3.01335
3.01488
3.01641
3.01794
3.01947
3.02101
3.02255
3.02408
3.02562
3.02717
3.02871
3.03026
3.0318
3.03335
3.0349
3.03646
3.03801
3.03957
3.04113
3.04269
3.04425
3.04582
3.04738
3.04895
3.05052
3.0521
3.05367
3.05525
3.05683
3.05841
3.05999
3.06157
3.06315
3.06473
3.06631
3.06789
3.06948
3.07106
3.07264
3.07423
3.07582
3.07741
3.079
3.08059
3.08218
3.08378
3.08538
3.08698
3.08857
3.09017
3.09177
3.09337
3.09497
3.09656
3.09816
3.09975
3.10135
3.10294
3.10452
3.10611
3.1077
3.10929
3.11088
3.11246
3.11405
3.11564
3.11722
3.11881
3.1204
3.12198
3.12357
3.12516
3.12675
3.12834
3.12993
3.13152
3.13311
3.1347
3.13629
3.13788
3.13948
3.14107
3.14266
3.14425
3.14584
3.14743
3.14902
3.1506
3.15219
3.15377
3.15535
3.15693
3.15851
3.16008
3.16165
3.16322
3.16479
3.16635
3.16791
3.16947
3.17102
3.17258
3.17413
3.17567
3.17722
3.17876
3.1803
3.18183
3.18336
3.18489
3.18642
3.18795
3.18947
3.19099
3.19251
3.19403
3.19555
3.19706
3.19857
3.20008
3.20159
3.2031
3.20461
3.20611
3.20762
3.20912
3.21062
3.21212
3.21362
3.21511
3.21661
3.2181
3.21959
3.22108
3.22257
3.22406
3.22555
3.22703
3.22852
3.23
3.23148
3.23296
3.23443
3.23591
3.23738
3.23886
3.24033
3.2418
3.24326
3.24473
3.2462
3.24766
3.24912
3.25058
3.25204
3.2535
3.25495
3.25641
3.25786
3.25931
3.26076
3.26221
3.26366
3.2651
3.26655
3.26799
3.26944
3.27088
3.27232
3.27376
3.2752
3.27663
3.27807
3.2795
3.28094
3.28237
3.2838
3.28523
3.28666
3.28809
3.28951
3.29094
3.29237
3.29379
3.29521
3.29664
3.29806
3.29948
3.3009
3.30232
3.30374
3.30516
3.30657
3.30799
3.30941
3.31082
3.31224
3.31365
3.31507
3.31648
3.3179
3.31931
3.32072
3.32214
3.32355
3.32496
3.32638
3.32779
3.3292
3.33061
3.33202
3.33344
3.33485
3.33626
3.33767
3.33908
3.3405
3.34191
3.34332
3.34473
3.34615
3.34756
3.34897
3.35039
3.3518
3.35321
3.35463
3.35604
3.35746
3.35887
3.36029
3.3617
3.36312
3.36453
3.36595
3.36737
3.36878
3.3702
3.37162
3.37304
3.37446
3.37588
3.3773
3.37872
3.38014
3.38156
3.38298
3.3844
3.38583
3.38725
3.38867
3.3901
3.39152
3.39295
3.39437
3.3958
3.39723
3.39865
3.40008
3.40151
3.40294
3.40437
3.4058
3.40723
3.40866
3.41009
3.41152
3.41295
3.41438
3.41582
3.41725
3.41869
3.42012
3.42156
3.42299
3.42443
3.42587
3.4273
3.42874
3.43018
3.43162
3.43306
3.4345
3.43594
3.43738
3.43882
3.44027
3.44171
3.44315
3.44459
3.44603
3.44746
3.4489
3.45034
3.45177
3.4532
3.45464
3.45607
3.4575
3.45893
3.46036
3.46179
3.46322
3.46466
3.46609
3.46752
3.46895
3.47039
3.47182
3.47325
3.47469
3.47612
3.47756
3.479
3.48043
3.48187
3.48331
3.48475
3.48619
3.48763
3.48908
3.49052
3.49196
3.49341
3.49485
3.4963
3.49775
3.4992
3.50064
3.50209
3.50355
3.505
3.50645
3.5079
3.50936
3.51081
3.51227
3.51372
3.51518
3.51664
3.5181
3.51956
3.52102
3.52248
3.52394
3.52541
3.52687
3.52834
3.52981
3.53127
3.53274
3.53421
3.53568
3.53716
3.53863
3.5401
3.54158
3.54306
3.54453
3.54601
3.54749
3.54897
3.55046
3.55194
3.55342
3.55491
3.5564
3.55789
3.55938
3.56087
3.56236
3.56385
3.56535
3.56685
3.56834
3.56984
3.57134
3.57284
3.57435
3.57585
3.57736
3.57886
3.58037
3.58188
3.58339
3.58491
3.58642
3.58794
3.58945
3.59097
3.59249
3.59401
3.59553
3.59705
3.59858
3.60011
3.60163
3.60316
3.60469
3.60622
3.60776
3.60929
3.61083
3.61236
3.6139
3.61544
3.61697
3.6185
3.62003
3.62155
3.62306
3.62457
3.62609
3.6276
3.62911
3.63063
3.63215
3.63366
3.63518
3.6367
3.63823
3.63975
3.64128
3.64281
3.64433
3.64587
3.6474
3.64893
3.65047
3.65201
3.65355
3.65509
3.65663
3.65818
3.65973
3.66128
3.66283
3.66438
3.66594
3.6675
3.66906
3.67062
3.67218
3.67375
3.67531
3.67688
3.67845
3.68002
3.68159
3.68317
3.68475
3.68632
3.6879
3.68948
3.69107
3.69265
3.69424
3.69583
3.69742
3.69901
3.7006
3.70219
3.70379
3.70539
3.70699
3.70859
3.7102
3.7118
3.71341
3.71502
3.71663
3.71825
3.71986
3.72148
3.7231
3.72472
3.72635
3.72797
3.7296
3.73123
3.73286
3.7345
3.73613
3.73777
3.73941
3.74105
3.7427
3.74434
3.74599
3.74763
3.74928
3.75093
3.75257
3.75422
3.75587
3.75752
3.75917
3.76082
3.76247
3.76412
3.76578
3.76743
3.76909
3.77075
3.77242
3.77408
3.77574
3.7774
3.77906
3.78072
3.78237
3.78403
3.78568
3.78734
3.78898
3.79063
3.79228
3.79392
3.79557
3.79721
3.79886
3.8005
3.80215
3.80379
3.80544
3.80708
3.80873
3.81038
3.81203
3.81368
3.81533
3.81698
3.81863
3.82028
3.82193
3.82358
3.82523
3.82688
3.82853
3.83018
3.83183
3.83348
3.83512
3.83677
3.83841
3.84006
3.8417
3.84334
3.84498
3.84662
3.84826
3.8499
3.85154
3.85317
3.85481
3.85644
3.85807
3.8597
3.86133
3.86296
3.86458
3.8662
3.86782
3.86944
3.87105
3.87266
3.87427
3.87587
3.87747
3.87907
3.88067
3.88226
3.88385
3.88544
3.88703
3.88862
3.8902
3.89178
3.89337
3.89495
3.89652
3.8981
3.89968
3.90126
3.90283
3.90441
3.90598
3.90756
3.90913
3.9107
3.91228
3.91385
3.91542
3.91699
3.91856
3.92013
3.9217
3.92327
3.92484
3.9264
3.92797
3.92953
3.9311
3.93266
3.93422
3.93578
3.93734
3.9389
3.94045
3.94201
3.94356
3.94512
3.94667
3.94822
3.94977
3.95132
3.95287
3.95441
3.95596
3.95751
3.95905
3.96059
3.96214
3.96368
3.96522
3.96676
3.9683
3.96984
3.97138
3.97291
3.97445
3.97598
3.97752
3.97905
3.98058
3.98212
3.98365
3.98518
3.98671
3.98824
3.98977
3.99129
3.99282
3.99435
3.99587
3.9974
3.99892
4.00045
4.00197
4.00349
4.00501
4.00653
4.00805
4.00957
4.01109
4.01261
4.01413
4.01565
4.01717
4.01868
4.0202
4.02171
4.02323
4.02474
4.02626
4.02777
4.02928
4.0308
4.03231
4.03382
4.03534
4.03685
4.03836
4.03987
4.04138
4.04289
4.0444
4.04591
4.04743
4.04894
4.05045
4.05196
4.05347
4.05498
4.05649
4.058
4.05951
4.06102
4.06253
4.06405
4.06556
4.06707
4.06858
4.0701
4.07161
4.07313
4.07464
4.07616
4.07768
4.07919
4.08071
4.08223
4.08375
4.08527
4.08679
4.08831
4.08983
4.09136
4.09288
4.09441
4.09594
4.09746
4.09899
4.10052
4.10205
4.10359
4.10512
4.10666
4.10819
4.10973
4.11127
4.11281
4.11435
4.11589
4.11744
4.11898
4.12053
4.12208
4.12363
4.12518
4.12673
4.12828
4.12984
4.1314
4.13295
4.13451
4.13607
4.13763
4.1392
4.14076
4.14233
4.14389
4.14546
4.14703
4.1486
4.15017
4.15174
4.15332
4.15489
4.15647
4.15804
4.15962
4.1612
4.16278
4.16436
4.16594
4.16752
4.16911
4.17069
4.17227
4.17386
4.17545
4.17704
4.17862
4.18021
4.1818
4.18339
4.18499
4.18658
4.18817
4.18976
4.19136
4.19295
4.19455
4.19614
4.19774
4.19934
4.20094
4.20254
4.20413
4.20573
4.20733
4.20893
4.21053
4.21214
4.21374
4.21534
4.21694
4.21854
4.22015
4.22175
4.22335
4.22496
4.22656
4.22817
4.22977
4.23137
4.23298
4.23458
4.23619
4.23779
4.2394
4.241
4.2426
4.24421
4.2458
4.2474
4.24899
4.25057
4.25216
4.25374
4.25531
4.25689
4.25846
4.26003
4.26159
4.26314
4.26468
4.26621
4.26774
4.26926
4.27079
4.27231
4.27383
4.27535
4.27687
4.27839
4.27992
4.28144
4.28296
4.28448
4.286
4.28753
4.28905
4.29057
4.29209
4.29362
4.29514
4.29666
4.29819
4.29971
4.30124
4.30276
4.30429
4.30581
4.30734
4.30886
4.31039
4.31191
4.31344
4.31497
4.31649
4.31802
4.31954
4.32107
4.3226
4.32412
4.32565
4.32718
4.3287
4.33023
4.33175
4.33328
4.33481
4.33633
4.33786
4.33939
4.34092
4.34244
4.34397
4.3455
4.34703
4.34855
4.35008
4.35161
4.35314
4.35467
4.3562
4.35773
4.35926
4.36079
4.36232
4.36385
4.36538
4.36691
4.36844
4.36997
4.3715
4.37303
4.37457
4.3761
4.37763
4.37916
4.3807
4.38223
4.38377
4.3853
4.38684
4.38838
4.38992
4.39145
4.39299
4.39453
4.39607
4.39761
4.39915
4.40069
4.40224
4.40378
4.40532
4.40687
4.40841
4.40996
4.4115
4.41305
4.4146
4.41615
4.4177
4.41925
4.4208
4.42236
4.42391
4.42547
4.42702
4.42858
4.43014
4.4317
4.43326
4.43482
4.43639
4.43795
4.43952
4.44108
4.44265
4.44422
4.44579
4.44736
4.44893
4.45051
4.45208
4.45366
4.45524
4.45682
4.4584
4.45998
4.46157
4.46315
4.46474
4.46633
4.46792
4.46951
4.4711
4.4727
4.4743
4.4759
4.4775
4.4791
4.4807
4.48231
4.48392
4.48553
4.48714
4.48875
4.49036
4.49198
4.4936
4.49522
4.49684
4.49846
4.50009
4.50172
4.50335
4.50498
4.50662
4.50825
4.50989
4.51153
4.51318
4.51482
4.51647
4.51812
4.51977
4.52143
4.52309
4.52475
4.52641
4.52807
4.52974
4.53141
4.53308
4.53475
4.53642
4.5381
4.53978
4.54147
4.54315
4.54484
4.54653
4.54822
4.54992
4.55162
4.55332
4.55502
4.55673
4.55844
4.56015
4.56186
4.56358
4.5653
4.56701
4.56873
4.57045
4.57216
4.57387
4.57558
4.57729
4.57899
4.5807
4.5824
4.5841
4.58581
4.58751
4.58921
4.59091
4.59261
4.5943
4.59598
4.59766
4.59934
4.60101
4.60267
4.60433
4.60598
4.60763
4.60928
4.61092
4.61256
4.6142
4.61584
4.61747
4.61911
4.62074
4.62238
4.62401
4.62564
4.62728
4.62891
4.63054
4.63217
4.63379
4.63542
4.63704
4.63867
4.64029
4.6419
4.64352
4.64513
4.64675
4.64835
4.64996
4.65156
4.65317
4.65476
4.65636
4.65795
4.65954
4.66113
4.66271
4.66429
4.66586
4.66743
4.66899
4.67055
4.6721
4.67365
4.6752
4.67673
4.67827
4.6798
4.68132
4.68284
4.68436
4.68587
4.68738
4.68889
4.69039
4.69188
4.69338
4.69487
4.69635
4.69784
4.69932
4.70081
4.70229
4.70376
4.70524
4.70672
4.70819
4.70966
4.71114
4.71261
4.71408
4.71555
4.71702
4.71848
4.71995
4.72141
4.72288
4.72434
4.7258
4.72727
4.72873
4.73019
4.73164
4.7331
4.73456
4.73601
4.73747
4.73892
4.74038
4.74183
4.74328
4.74473
4.74618
4.74763
4.74908
4.75053
4.75198
4.75343
4.75487
4.75632
4.75776
4.75921
4.76065
4.7621
4.76354
4.76499
4.76643
4.76787
4.76931
4.77076
4.7722
4.77364
4.77508
4.77652
4.77797
4.77941
4.78085
4.78229
4.78373
4.78518
4.78662
4.78806
4.7895
4.79094
4.79239
4.79383
4.79527
4.79671
4.79816
4.7996
4.80104
4.80249
4.80393
4.80537
4.80681
4.80826
4.8097
4.81114
4.81259
4.81403
4.81548
4.81692
4.81836
4.81981
4.82125
4.82269
4.82414
4.82558
4.82703
4.82847
4.82991
4.83136
4.8328
4.83425
4.83569
4.83713
4.83858
4.84002
4.84147
4.84291
4.84435
4.8458
4.84724
4.84868
4.85013
4.85157
4.85301
4.85446
4.8559
4.85734
4.85878
4.86023
4.86167
4.86311
4.86456
4.866
4.86744
4.86889
4.87033
4.87177
4.87321
4.87466
4.8761
4.87754
4.87899
4.88043
4.88187
4.88332
4.88476
4.88621
4.88765
4.88909
4.89054
4.89198
4.89343
4.89487
4.89632
4.89776
4.89921
4.90066
4.9021
4.90355
4.905
4.90645
4.90789
4.90934
4.91079
4.91224
4.91369
4.91514
4.91659
4.91805
4.9195
4.92095
4.9224
4.92386
4.92531
4.92677
4.92823
4.92968
4.93114
4.9326
4.93406
4.93552
4.93698
4.93844
4.9399
4.94137
4.94283
4.94429
4.94576
4.94723
4.94869
4.95016
4.95163
4.95309
4.95456
4.95603
4.9575
4.95897
4.96044
4.96191
4.96339
4.96486
4.96633
4.96781
4.96928
4.97075
4.97223
4.9737
4.97518
4.97666
4.97813
4.97961
4.98109
4.98257
4.98404
4.98552
4.987
4.98848
4.98996
4.99144
4.99292
4.9944
4.99588
4.99737
4.99885
5.00033
5.00181
5.00329
5.00478
5.00626
5.00774
5.00923
5.01071
5.01219
5.01368
5.01516
5.01664
5.01813
5.01961
5.0211
5.02258
5.02406
5.02554
5.02702
5.0285
5.02997
5.03144
5.0329
5.03435
5.03581
5.03726
5.03871
5.04015
5.0416
5.04304
5.04448
5.04592
5.04736
5.04879
5.05021
5.05163
5.05304
5.05445
5.05585
5.05725
5.05865
5.06004
5.06144
5.06284
5.06423
5.06563
5.06703
5.06842
5.06982
5.07121
5.07261
5.07401
5.0754
5.0768
5.0782
5.0796
5.08099
5.08239
5.08379
5.08519
5.08659
5.08799
5.08939
5.09079
5.09219
5.09358
5.09498
5.09639
5.09779
5.09919
5.10059
5.10199
5.10339
5.10479
5.10619
5.10759
5.10899
5.11039
5.11179
5.11319
5.11459
5.11599
5.11739
5.11879
5.1202
5.1216
5.123
5.1244
5.12581
5.12721
5.12861
5.13002
5.13142
5.13282
5.13423
5.13563
5.13704
5.13844
5.13984
5.14125
5.14265
5.14406
5.14546
5.14687
5.14827
5.14968
5.15108
5.15249
5.1539
5.1553
5.15671
5.15812
5.15952
5.16093
5.16234
5.16375
5.16516
5.16657
5.16798
5.16939
5.17081
5.17222
5.17363
5.17504
5.17646
5.17787
5.17929
5.1807
5.18212
5.18354
5.18495
5.18637
5.18779
5.18921
5.19063
5.19205
5.19348
5.1949
5.19632
5.19775
5.19918
5.20061
5.20203
5.20347
5.2049
5.20633
5.20776
5.2092
5.21063
5.21207
5.21351
5.21495
5.21639
5.21783
5.21927
5.22072
5.22216
5.22361
5.22505
5.2265
5.22796
5.22941
5.23086
5.23232
5.23377
5.23523
5.23669
5.23816
5.23962
5.24109
5.24255
5.24402
5.24549
5.24697
5.24844
5.24992
5.2514
5.25288
5.25436
5.25584
5.25733
5.25881
5.2603
5.26179
5.26329
5.26478
5.26628
5.26778
5.26928
5.27079
5.27229
5.2738
5.27531
5.27682
5.27834
5.27986
5.28138
5.2829
5.28443
5.28595
5.28748
5.28901
5.29055
5.29208
5.29362
5.29517
5.29671
5.29825
5.2998
5.30135
5.30291
5.30446
5.30602
5.30758
5.30915
5.31071
5.31228
5.31386
5.31543
5.31701
5.31859
5.32017
5.32176
5.32335
5.32494
5.32653
5.32813
5.32973
5.33133
5.33293
5.33454
5.33615
5.33776
5.33938
5.341
5.34262
5.34424
5.34587
5.3475
5.34913
5.35076
5.3524
5.35404
5.35569
5.35733
5.35898
5.36064
5.36229
5.36395
5.36561
5.36727
5.36894
5.37061
5.37228
5.37396
5.37564
5.37732
5.379
5.38069
5.38238
5.38407
5.38576
5.38746
5.38916
5.39086
5.39257
5.39428
5.39599
5.39771
5.39942
5.40114
5.40287
5.40459
5.40632
5.40805
5.40977
5.41149
5.41321
5.41493
5.41665
5.41837
5.42008
5.42179
5.4235
5.42522
5.42693
5.42864
5.43035
5.43206
5.43377
5.43548
5.43718
5.43889
5.44059
5.44229
5.44399
5.44569
5.44737
5.44906
5.45074
5.45241
5.45408
5.45574
5.4574
5.45905
5.46071
5.46236
5.464
5.46565
5.46729
5.46892
5.47056
5.47219
5.47382
5.47545
5.47708
5.4787
5.48032
5.48194
5.48356
5.48517
5.48678
5.48839
5.49
5.4916
5.4932
5.4948
5.49639
5.49798
5.49956
5.50114
5.50272
5.50429
5.50586
5.50743
5.50899
5.51054
5.51209
5.51364
5.51518
5.51672
5.51825
5.51978
5.52131
5.52283
5.52435
5.52586
5.52737
5.52887
5.53038
5.53187
5.53337
5.53486
5.53635
5.53783
5.53931
5.54079
5.54227
5.54374
5.54521
5.54667
5.54814
5.5496
5.55105
5.55251
5.55396
5.55541
5.55685
5.5583
5.55974
5.56117
5.56261
5.56404
5.56548
5.56691
5.56833
5.56976
5.57118
5.5726
5.57402
5.57544
5.57686
5.57828
5.57969
5.5811
5.58251
5.58392
5.58533
5.58673
5.58814
5.58954
5.59094
5.59235
5.59375
5.59515
5.59654
5.59794
5.59934
5.60073
5.60213
5.60352
5.60491
5.60631
5.6077
5.60909
5.61048
5.61187
5.61326
5.61465
5.61604
5.61743
5.61882
5.62021
5.6216
5.62299
5.62438
5.62576
5.62715
5.62854
5.62993
5.63132
5.63271
5.63409
5.63548
5.63687
5.63826
5.63965
5.64104
5.64242
5.64381
5.6452
5.64659
5.64798
5.64937
5.65076
5.65215
5.65353
5.65492
5.65631
5.6577
5.65909
5.66048
5.66187
5.66326
5.66465
5.66603
5.66742
5.66881
5.6702
5.67159
5.67298
5.67437
5.67576
5.67715
5.67853
5.67992
5.68131
5.6827
5.68409
5.68548
5.68687
5.68825
5.68964
5.69103
5.69242
5.6938
5.69519
5.69658
5.69797
5.69935
5.70074
5.70212
5.70351
5.7049
5.70628
5.70767
5.70905
5.71044
5.71182
5.71321
5.71459
5.71597
5.71736
5.71874
5.72013
5.72151
5.72289
5.72427
5.72566
5.72704
5.72842
5.7298
5.73118
5.73257
5.73395
5.73533
5.73671
5.73809
5.73947
5.74085
5.74223
5.74361
5.74499
5.74637
5.74776
5.74914
5.75052
5.7519
5.75327
5.75465
5.75603
5.75741
5.75879
5.76017
5.76155
5.76293
5.76431
5.76569
5.76707
5.76845
5.76983
5.77121
5.77258
5.77396
5.77534
5.77672
5.7781
5.77947
5.78085
5.78223
5.78361
5.78498
5.78636
5.78774
5.78911
5.79049
5.79187
5.79324
5.79462
5.79599
5.79737
5.79875
5.80012
5.8015
5.80287
5.80425
5.80562
5.807
5.80837
5.80975
5.81112
5.81248
5.81384
5.8152
5.81655
5.8179
5.81924
5.82059
5.82192
5.82326
5.82459
5.82593
5.82726
5.82859
5.82992
5.83125
5.83258
5.83391
5.83524
5.83657
5.8379
5.83923
5.84056
5.84189
5.84322
5.84455
5.84589
5.84722
5.84855
5.84988
5.85122
5.85254
5.85386
5.85518
5.85648
5.85779
5.85908
5.86038
5.86168
5.86297
5.86427
5.86556
5.86686
5.86816
5.86945
5.87075
5.87204
5.87334
5.87464
5.87593
5.87723
5.87853
5.87983
5.88113
5.88242
5.88372
5.88502
5.88632
5.88762
5.88892
5.89023
5.89153
5.89283
5.89413
5.89543
5.89673
5.89804
5.89934
5.90064
5.90194
5.90324
5.90455
5.90585
5.90715
5.90845
5.90975
5.91105
5.91236
5.91366
5.91496
5.91626
5.91756
5.91887
5.92017
5.92147
5.92277
5.92408
5.92538
5.92668
5.92799
5.92929
5.9306
5.9319
5.9332
5.93451
5.93581
5.93712
5.93843
5.93973
5.94104
5.94234
5.94365
5.94496
5.94626
5.94757
5.94888
5.95019
5.9515
5.95281
5.95412
5.95543
5.95674
5.95806
5.95937
5.96068
5.962
5.96331
5.96463
5.96595
5.96727
5.96858
5.9699
5.97122
5.97254
5.97386
5.97519
5.97651
5.97783
5.97916
5.98048
5.98181
5.98314
5.98447
5.9858
5.98713
5.98846
5.98979
5.99113
5.99247
5.9938
5.99514
5.99648
5.99782
5.99917
6.00051
6.00186
6.0032
6.00455
6.0059
6.00725
6.00861
6.00996
6.01131
6.01267
6.01403
6.01539
6.01675
6.01812
6.01948
6.02085
6.02222
6.02359
6.02496
6.02633
6.02771
6.02909
6.03047
6.03185
6.03323
6.03462
6.036
6.03739
6.03878
6.04018
6.04157
6.04297
6.04436
6.04576
6.04716
6.04857
6.04997
6.05138
6.05279
6.0542
6.05561
6.05703
6.05844
6.05986
6.06128
6.06271
6.06413
6.06556
6.06699
6.06842
6.06986
6.07129
6.07273
6.07417
6.07562
6.07706
6.07851
6.07996
6.08141
6.08286
6.08432
6.08578
6.08724
6.0887
6.09016
6.09163
6.0931
6.09457
6.09604
6.09752
6.099
6.10048
6.10196
6.10344
6.10493
6.10642
6.10791
6.10941
6.1109
6.1124
6.1139
6.1154
6.1169
6.11841
6.11992
6.12143
6.12294
6.12445
6.12597
6.12749
6.12901
6.13053
6.13205
6.13358
6.13511
6.13664
6.13817
6.13971
6.14124
6.14278
6.14432
6.14586
6.14741
6.14896
6.1505
6.15206
6.15361
6.15516
6.15672
6.15828
6.15984
6.1614
6.16296
6.16453
6.1661
6.16767
6.16924
6.17082
6.17239
6.17397
6.17555
6.17713
6.17871
6.1803
6.18188
6.18347
6.18506
6.18666
6.18825
6.18985
6.19145
6.19305
6.19465
6.19625
6.19786
6.19946
6.20107
6.20268
6.20429
6.2059
6.20752
6.20913
6.21075
6.21237
6.21399
6.21562
6.21724
6.21887
6.2205
6.22212
6.22376
6.22539
6.22702
6.22866
6.2303
6.23194
6.23358
6.23522
6.23686
6.23851
6.24016
6.24181
6.24346
6.24511
6.24676
6.24842
6.25007
6.25173
6.25339
6.25505
6.25671
6.25838
6.26004
6.26171
6.26338
6.26505
6.26672
6.26839
6.27007
6.27175
6.27342
6.2751
6.27677
6.27844
6.2801
6.28177
6.28343
6.28509
6.28674
6.2884
6.29005
6.2917
6.29334
6.29499
6.29663
6.29827
6.29991
6.30154
6.30317
6.30479
6.3064
6.30802
6.30962
6.31122
6.31282
6.31441
6.316
6.31759
6.31918
6.32076
6.32234
6.32391
6.32549
6.32706
6.32863
6.3302
6.33176
6.33332
6.33489
6.33644
6.338
6.33956
6.34111
6.34266
6.34421
6.34575
6.34729
6.34883
6.35037
6.3519
6.35343
6.35496
6.35649
6.35801
6.35952
6.36104
6.36255
6.36405
6.36555
6.36705
6.36855
6.37004
6.37153
6.37301
6.37449
6.37597
6.37744
6.37891
6.38038
6.38184
6.38329
6.38475
6.3862
6.38764
6.38908
6.39052
6.39196
6.39339
6.39482
6.39624
6.39767
6.39908
6.4005
6.40191
6.40332
6.40473
6.40614
6.40754
6.40894
6.41034
6.41173
6.41312
6.41452
6.4159
6.41729
6.41867
6.42005
6.42143
6.42281
6.42419
6.42556
6.42693
6.4283
6.42967
6.43104
6.4324
6.43376
6.43513
6.43648
6.43784
6.4392
6.44056
6.44191
6.44326
6.44462
6.44597
6.44732
6.44867
6.45002
6.45137
6.45272
6.45407
6.45541
6.45676
6.45811
6.45945
6.4608
6.46215
6.46349
6.46484
6.46618
6.46753
6.46888
6.47022
6.47157
6.47292
6.47426
6.47561
6.47696
6.47831
6.47965
6.481
6.48235
6.4837
6.48505
6.4864
6.48775
6.4891
6.49045
6.4918
6.49316
6.49451
6.49586
6.49722
6.49857
6.49993
6.50128
6.50264
6.504
6.50535
6.50671
6.50807
6.50943
6.51079
6.51215
6.51352
6.51488
6.51624
6.5176
6.51897
6.52033
6.5217
6.52306
6.52443
6.5258
6.52717
6.52853
6.5299
6.53127
6.53264
6.53401
6.53538
6.53675
6.53812
6.5395
6.54087
6.54224
6.54362
6.54499
6.54636
6.54774
6.54911
6.55049
6.55187
6.55324
6.55462
6.556
6.55738
6.55875
6.56013
6.56151
6.56289
6.56427
6.56565
6.56703
6.56841
6.56979
6.57117
6.57256
6.57394
6.57532
6.5767
6.57808
6.57947
6.58085
6.58223
6.58362
6.585
6.58638
6.58777
6.58915
6.59053
6.59192
6.5933
6.59468
6.59607
6.59745
6.59883
6.60022
6.6016
6.60298
6.60437
6.60575
6.60714
6.60852
6.6099
6.61129
6.61267
6.61405
6.61543
6.61682
6.6182
6.61958
6.62096
6.62234
6.62371
6.62508
6.62645
6.62781
6.62917
6.63053
6.63188
6.63323
6.63458
6.63592
6.63727
6.63861
6.63995
6.6413
6.64264
6.64398
6.64532
6.64666
6.64801
6.64935
6.65069
6.65203
6.65338
6.65472
6.65606
6.65741
6.65875
6.6601
6.66144
6.66279
6.66414
6.66548
6.66683
6.66818
6.66952
6.67087
6.67222
6.67357
6.67492
6.67627
6.67762
6.67897
6.68032
6.68167
6.68302
6.68437
6.68572
6.68707
6.68842
6.68977
6.69112
6.69247
6.69382
6.69518
6.69653
6.69788
6.69923
6.70059
6.70194
6.70329
6.70464
6.706
6.70735
6.7087
6.71006
6.71141
6.71276
6.7141
6.71543
6.71676
6.71809
6.71942
6.72074
6.72206
6.72338
6.72471
6.72603
6.72735
6.72867
6.72999
6.73132
6.73264
6.73396
6.73528
6.73661
6.73793
6.73925
6.74058
6.7419
6.74322
6.74455
6.74587
6.74719
6.74852
6.74984
6.75117
6.7525
6.75382
6.75515
6.75647
6.7578
6.75913
6.76045
6.76178
6.76311
6.76444
6.76577
6.7671
6.76842
6.76975
6.77108
6.77241
6.77375
6.77508
6.77641
6.77774
6.77907
6.78041
6.78174
6.78308
6.78441
6.78575
6.78709
6.78843
6.78977
6.79111
6.79245
6.79379
6.79513
6.79647
6.79782
6.79916
6.80051
6.80185
6.8032
6.80455
6.8059
6.80725
6.8086
6.80996
6.81131
6.81267
6.81402
6.81538
6.81674
6.8181
6.81946
6.82083
6.82219
6.82356
6.82493
6.8263
6.82767
6.82904
6.83042
6.83179
6.83317
6.83455
6.83593
6.83731
6.83869
6.84008
6.84147
6.84285
6.84424
6.84563
6.84703
6.84842
6.84982
6.85122
6.85262
6.85402
6.85543
6.85684
6.85824
6.85965
6.86107
6.86248
6.8639
6.86532
6.86674
6.86816
6.86959
6.87101
6.87244
6.87387
6.8753
6.87674
6.87818
6.87961
6.88106
6.8825
6.88394
6.88539
6.88684
6.88829
6.88975
6.8912
6.89266
6.89412
6.89558
6.89705
6.89851
6.89998
6.90145
6.90293
6.9044
6.90588
6.90736
6.90884
6.91032
6.91181
6.9133
6.91478
6.91628
6.91777
6.91926
6.92076
6.92226
6.92376
6.92527
6.92677
6.92828
6.92979
6.9313
6.93281
6.93433
6.93585
6.93737
6.93889
6.94041
6.94194
6.94346
6.94499
6.94653
6.94806
6.94959
6.95113
6.95267
6.95421
6.95575
6.95729
6.95884
6.96038
6.96193
6.96348
6.96504
6.96659
6.96815
6.96971
6.97127
6.97283
6.9744
6.97597
6.97753
6.97911
6.98068
6.98225
6.98383
6.98541
6.98699
6.98857
6.99015
6.99174
6.99332
6.99491
6.9965
6.99809
6.99969
7.00128
7.00288
7.00448
7.00608
7.00768
7.00928
7.01089
7.0125
7.01411
7.01572
7.01733
7.01894
7.02056
7.02218
7.0238
7.02542
7.02704
7.02866
7.03029
7.03192
7.03355
7.03518
7.03681
7.03844
7.04008
7.04171
7.04335
7.04499
7.04663
7.04828
7.04992
7.05157
7.05322
7.05486
7.05652
7.05817
7.05982
7.06148
7.06313
7.06479
7.06645
7.06811
7.06978
7.07144
7.0731
7.07477
7.07643
7.07809
7.07975
7.08141
7.08307
7.08473
7.08638
7.08803
7.08969
7.09134
7.09299
7.09464
7.09629
7.09794
7.09958
7.10122
7.10286
7.10449
7.10612
7.10774
7.10936
7.11098
7.11259
7.1142
7.11581
7.11741
7.11902
7.12061
7.12221
7.12381
7.1254
7.12699
7.12857
7.13016
7.13174
7.13333
7.13491
7.13648
7.13806
7.13963
7.14121
7.14278
7.14435
7.14591
7.14747
7.14903
7.15059
7.15215
7.1537
7.15525
7.15679
7.15834
7.15987
7.16141
7.16294
7.16447
7.166
7.16752
7.16903
7.17055
7.17206
7.17356
7.17506
7.17656
7.17806
7.17955
7.18103
7.18252
7.184
7.18547
7.18695
7.18841
7.18988
7.19134
7.1928
7.19426
7.19571
7.19716
7.19861
7.20005
7.20149
7.20293
7.20437
7.2058
7.20723
7.20866
7.21009
7.21151
7.21293
7.21435
7.21577
7.21719
7.2186
7.22001
7.22142
7.22283
7.22424
7.22564
7.22705
7.22845
7.22985
7.23125
7.23264
7.23404
7.23543
7.23682
7.23821
7.2396
7.24099
7.24238
7.24376
7.24515
7.24653
7.24792
7.2493
7.25068
7.25206
7.25344
7.25482
7.2562
7.25758
7.25896
7.26034
7.26172
7.2631
7.26448
7.26586
7.26724
7.26862
7.27
7.27138
7.27276
7.27414
7.27552
7.27691
7.27829
7.27967
7.28105
7.28244
7.28382
7.2852
7.28659
7.28798
7.28936
7.29075
7.29214
7.29352
7.29491
7.2963
7.29769
7.29908
7.30047
7.30187
7.30326
7.30465
7.30605
7.30744
7.30884
7.31023
7.31163
7.31303
7.31443
7.31583
7.31723
7.31863
7.32003
7.32144
7.32284
7.32424
7.32565
7.32705
7.32846
7.32987
7.33128
7.33268
7.33409
7.3355
7.33691
7.33833
7.33974
7.34115
7.34256
7.34398
7.34539
7.34681
7.34822
7.34964
7.35106
7.35248
7.35389
7.35531
7.35673
7.35815
7.35957
7.361
7.36242
7.36384
7.36526
7.36668
7.36811
7.36953
7.37096
7.37238
7.37381
7.37523
7.37666
7.37809
7.37951
7.38094
7.38237
7.3838
7.38522
7.38665
7.38808
7.38951
7.39094
7.39237
7.3938
7.39523
7.39666
7.39809
7.39952
7.40095
7.40238
7.40381
7.40524
7.40667
7.4081
7.40954
7.41097
7.4124
7.41383
7.41526
7.41669
7.41813
7.41956
7.42099
7.42242
7.42385
7.42528
7.4267
7.42812
7.42954
7.43095
7.43236
7.43377
7.43517
7.43657
7.43797
7.43937
7.44076
7.44216
7.44355
7.44495
7.44634
7.44774
7.44913
7.45053
7.45192
7.45332
7.45472
7.45611
7.45751
7.45891
7.46031
7.4617
7.4631
7.4645
7.46591
7.46731
7.46871
7.47011
7.47151
7.47292
7.47432
7.47573
7.47713
7.47854
7.47994
7.48135
7.48276
7.48416
7.48557
7.48698
7.48839
7.48979
7.4912
7.49261
7.49402
7.49543
7.49684
7.49825
7.49967
7.50108
7.50249
7.5039
7.50531
7.50673
7.50814
7.50955
7.51097
7.51238
7.5138
7.51521
7.51663
7.51804
7.51946
7.52088
7.52229
7.52371
7.52513
7.52654
7.52796
7.52938
7.53079
7.5322
7.5336
7.535
7.53639
7.53778
7.53917
7.54055
7.54194
7.54333
7.54471
7.5461
7.54748
7.54887
7.55026
7.55165
7.55303
7.55442
7.55581
7.5572
7.55859
7.55998
7.56137
7.56276
7.56415
7.56554
7.56693
7.56833
7.56972
7.57111
7.57251
7.5739
7.5753
7.57669
7.57809
7.57949
7.58089
7.58228
7.58368
7.58508
7.58648
7.58788
7.58928
7.59068
7.59209
7.59349
7.59489
7.5963
7.5977
7.59911
7.60052
7.60192
7.60333
7.60474
7.60615
7.60756
7.60898
7.61039
7.61181
7.61322
7.61464
7.61606
7.61748
7.6189
7.62032
7.62174
7.62316
7.62459
7.62602
7.62744
7.62887
7.6303
7.63173
7.63316
7.6346
7.63603
7.63747
7.63891
7.64035
7.64179
7.64323
7.64468
7.64612
7.64757
7.64902
7.65047
7.65193
7.65338
7.65484
7.6563
7.65775
7.65922
7.66068
7.66214
7.66361
7.66508
7.66655
7.66802
7.6695
7.67097
7.67245
7.67393
7.67541
7.6769
7.67838
7.67987
7.68136
7.68285
7.68435
7.68585
7.68735
7.68885
7.69035
7.69186
7.69337
7.69488
7.69639
7.6979
7.69942
7.70094
7.70246
7.70398
7.70551
7.70703
7.70856
7.7101
7.71163
7.71317
7.7147
7.71624
7.71779
7.71933
7.72088
7.72243
7.72398
7.72554
7.72709
7.72865
7.73021
7.73178
7.73334
7.73491
7.73648
7.73805
7.73963
7.74121
7.74279
7.74437
7.74595
7.74754
7.74913
7.75072
7.75231
7.75391
7.75551
7.75711
7.75871
7.76032
7.76193
7.76354
7.76515
7.76676
7.76838
7.77
7.77162
7.77325
7.77487
7.7765
7.77813
7.77976
7.7814
7.78304
7.78467
7.78631
7.78796
7.7896
7.79125
7.7929
7.79455
7.7962
7.79785
7.79951
7.80117
7.80283
7.80449
7.80616
7.80782
7.80949
7.81116
7.81284
7.81451
7.81619
7.81787
7.81955
7.82123
7.82291
7.8246
7.82628
7.82797
7.82966
7.83136
7.83305
7.83475
7.83644
7.83814
7.83984
7.84155
7.84325
7.84496
7.84667
7.84838
7.85009
7.8518
7.85352
7.85523
7.85695
7.85867
7.86039
7.86212
7.86384
7.86557
7.8673
7.86903
7.87075
7.87248
7.87421
7.87593
7.87765
7.87937
7.88109
7.88281
7.88453
7.88624
7.88796
7.88967
7.89139
7.8931
7.89482
7.89653
7.89824
7.89995
7.90165
7.90336
7.90505
7.90675
7.90844
7.91012
7.9118
7.91348
7.91515
7.91682
7.91849
7.92015
7.92181
7.92347
7.92512
7.92678
7.92843
7.93008
7.93172
7.93336
7.93501
7.93664
7.93828
7.93992
7.94155
7.94318
7.94481
7.94643
7.94805
7.94967
7.95129
7.95291
7.95452
7.95613
7.95773
7.95933
7.96093
7.96253
7.96412
7.96571
7.96729
7.96887
7.97045
7.97202
7.97359
7.97515
7.97672
7.97827
7.97983
7.98137
7.98292
7.98446
7.986
7.98753
7.98906
7.99059
7.99211
7.99363
7.99515
7.99666
7.99817
7.99968
8.00118
8.00268
8.00418
8.00567
8.00717
8.00865
8.01014
8.01162
8.01311
8.01458
8.01606
8.01753
8.019
8.02047
8.02194
8.0234
8.02487
8.02633
8.02778
8.02924
8.03069
8.03214
8.03359
8.03504
8.03649
8.03793
8.03937
8.04081
8.04225
8.04369
8.04513
8.04656
8.04799
8.04943
8.05086
8.05229
8.05372
8.05514
8.05657
8.058
8.05942
8.06085
8.06227
8.0637
8.06512
8.06655
8.06797
8.06939
8.07082
8.07224
8.07366
8.07508
8.07651
8.07793
8.07935
8.08078
8.0822
8.08362
8.08505
8.08647
8.0879
8.08932
8.09075
8.09217
8.0936
8.09502
8.09645
8.09788
8.09931
8.10073
8.10216
8.10359
8.10502
8.10645
8.10788
8.10931
8.11075
8.11218
8.11361
8.11505
8.11648
8.11792
8.11935
8.12079
8.12223
8.12366
8.1251
8.12654
8.12798
8.12942
8.13086
8.13231
8.13375
8.13519
8.13664
8.13808
8.13952
8.14097
8.14242
8.14386
8.14531
8.14676
8.14821
8.14966
8.15111
8.15256
8.15401
8.15546
8.15691
8.15836
8.15982
8.16127
8.16272
8.16418
8.16563
8.16709
8.16854
8.17
8.17146
8.17292
8.17437
8.17583
8.17729
8.17875
8.18021
8.18167
8.18313
8.18459
8.18605
8.18751
8.18898
8.19044
8.1919
8.19336
8.19483
8.19629
8.19775
8.19922
8.20068
8.20214
8.20361
8.20507
8.20654
8.208
8.20947
8.21093
8.2124
8.21386
8.21533
8.21679
8.21826
8.21972
8.22119
8.22265
8.22412
8.22558
8.22705
8.22851
8.22998
8.23145
8.23291
8.23438
8.23584
8.2373
8.23876
8.24022
8.24167
8.24311
8.24456
8.246
8.24743
8.24887
8.2503
8.25173
8.25316
8.25459
8.25601
8.25744
8.25887
8.26029
8.26172
8.26314
8.26457
8.266
8.26742
8.26885
8.27028
8.27171
8.27314
8.27457
8.276
8.27743
8.27886
8.2803
8.28173
8.28316
8.2846
8.28603
8.28746
8.2889
8.29034
8.29177
8.29321
8.29465
8.29608
8.29752
8.29896
8.3004
8.30184
8.30328
8.30472
8.30616
8.3076
8.30904
8.31048
8.31192
8.31337
8.31481
8.31625
8.3177
8.31914
8.32058
8.32203
8.32347
8.32492
8.32636
8.32781
8.32925
8.3307
8.33215
8.33359
8.33504
8.33649
8.33794
8.33938
8.34083
8.34227
8.34371
8.34514
8.34656
8.34798
8.3494
8.35081
8.35223
8.35364
8.35506
8.35647
8.35789
8.3593
8.36072
8.36214
8.36355
8.36497
8.36639
8.3678
8.36922
8.37064
8.37206
8.37348
8.3749
8.37632
8.37774
8.37916
8.38058
8.382
8.38342
8.38484
8.38627
8.38769
8.38911
8.39054
8.39196
8.39339
8.39482
8.39624
8.39767
8.3991
8.40053
8.40195
8.40338
8.40481
8.40624
8.40767
8.40911
8.41054
8.41197
8.41341
8.41484
8.41628
8.41771
8.41915
8.42059
8.42203
8.42347
8.42491
8.42636
8.4278
8.42924
8.43069
8.43214
8.43359
8.43503
8.43648
8.43793
8.43939
8.44084
8.44229
8.44375
8.44521
8.44666
8.44812
8.44958
8.45105
8.45251
8.45398
8.45544
8.45691
8.45838
8.45985
8.46133
8.4628
8.46428
8.46575
8.46723
8.46871
8.4702
8.47168
8.47317
8.47465
8.47614
8.47763
8.47913
8.48062
8.48212
8.48361
8.48511
8.48662
8.48812
8.48962
8.49113
8.49264
8.49415
8.49567
8.49718
8.4987
8.50022
8.50174
8.50327
8.5048
8.50633
8.50786
8.50939
8.51092
8.51246
8.514
8.51554
8.51709
8.51863
8.52018
8.52173
8.52328
8.52484
8.52639
8.52795
8.52951
8.53108
8.53264
8.53421
8.53578
8.53735
8.53893
8.5405
8.54208
8.54367
8.54525
8.54684
8.54843
8.55002
8.55161
8.55321
8.5548
8.5564
8.55801
8.55961
8.56122
8.56283
8.56444
8.56606
8.56767
8.56929
8.57091
8.57254
8.57416
8.57579
8.57742
8.57906
8.58069
8.58233
8.58397
8.58562
8.58726
8.58891
8.59056
8.59221
8.59386
8.59552
8.59718
8.59884
8.6005
8.60216
8.60383
8.60549
8.60716
8.60884
8.61051
8.61219
8.61386
8.61554
8.61723
8.61891
8.6206
8.62228
8.62397
8.62567
8.62736
8.62906
8.63075
8.63245
8.63416
8.63586
8.63756
8.63927
8.64098
8.64269
8.6444
8.64612
8.64783
8.64955
8.65127
8.65299
8.65472
8.65644
8.65817
8.6599
8.66163
8.66336
8.66509
8.66683
8.66857
8.67031
8.67205
8.67379
8.67553
8.67728
8.67903
8.68078
8.68253
8.68428
8.68604
8.68779
8.68955
8.69131
8.69307
8.69483
8.6966
8.69836
8.70013
8.7019
8.70366
8.70543
8.7072
8.70896
8.71072
8.71248
8.71424
8.716
8.71775
8.71951
8.72126
8.72301
8.72476
8.72651
8.72826
8.73001
8.73175
8.73349
8.73523
8.73696
8.73868
8.7404
8.74211
8.74382
8.74553
8.74723
8.74892
8.75061
8.7523
8.75398
8.75567
8.75734
8.75902
8.76069
8.76236
8.76403
8.7657
8.76736
8.76902
8.77068
8.77234
8.774
8.77565
8.7773
8.77895
8.7806
8.78225
8.78389
8.78553
8.78717
8.7888
8.79043
8.79206
8.79369
8.79531
8.79693
8.79855
8.80016
8.80177
8.80338
8.80498
8.80658
8.80817
8.80976
8.81135
8.81293
8.81451
8.81609
8.81766
8.81922
8.82079
8.82234
8.8239
8.82545
8.827
8.82854
8.83008
8.83162
8.83315
8.83468
8.83621
8.83773
8.83925
8.84077
8.84228
8.8438
8.84531
8.84681
8.84832
8.84982
8.85132
8.85282
8.85431
8.85581
8.8573
8.85878
8.86027
8.86175
8.86323
8.86471
8.86619
8.86766
8.86913
8.8706
8.87207
8.87353
8.875
8.87646
8.87792
8.87938
8.88084
8.88229
8.88375
8.8852
8.88665
8.88811
8.88956
8.89101
8.89246
8.89391
8.89535
8.8968
8.89825
8.89969
8.90114
8.90259
8.90403
8.90548
8.90692
8.90837
8.90981
8.91125
8.9127
8.91414
8.91559
8.91703
8.91848
8.91992
8.92137
8.92281
8.92426
8.92571
8.92715
8.9286
8.93005
8.93149
8.93294
8.93439
8.93584
8.93729
8.93874
8.94019
8.94164
8.94309
8.94454
8.94599
8.94744
8.9489
8.95035
8.95181
8.95326
8.95472
8.95617
8.95763
8.95909
8.96055
8.96201
8.96347
8.96493
8.96639
8.96785
8.96931
8.97077
8.97223
8.9737
8.97516
8.97663
8.97809
8.97956
8.98103
8.98249
8.98396
8.98543
8.9869
8.98837
8.98984
8.99131
8.99278
8.99425
8.99572
8.99719
8.99867
9.00014
9.00161
9.00309
9.00456
9.00604
9.00752
9.00899
9.01047
9.01195
9.01342
9.0149
9.01638
9.01786
9.01934
9.02082
9.0223
9.02378
9.02526
9.02674
9.02822
9.0297
9.03118
9.03266
9.03415
9.03563
9.03711
9.03859
9.04008
9.04156
9.04304
9.04452
9.04601
9.04749
9.04897
9.05045
9.05194
9.05342
9.0549
9.05639
9.05787
9.05935
9.06083
9.06232
9.0638
9.06528
9.06676
9.06825
9.06973
9.07121
9.07269
9.07417
9.07566
9.07714
9.07862
9.08009
9.08156
9.08303
9.0845
9.08595
9.08741
9.08886
9.09031
9.09176
9.0932
9.09464
9.09608
9.09752
9.09896
9.1004
9.10183
9.10327
9.10471
9.10614
9.10758
9.10902
9.11046
9.11189
9.11333
9.11477
9.11621
9.11765
9.11909
9.12053
9.12197
9.12341
9.12485
9.1263
9.12774
9.12918
9.13062
9.13207
9.13351
9.13496
9.1364
9.13784
9.13929
9.14073
9.14218
9.14363
9.14507
9.14652
9.14797
9.14941
9.15086
9.15231
9.15375
9.1552
9.15665
9.1581
9.15955
9.16099
9.16244
9.16389
9.16534
9.16679
9.16824
9.16969
9.17113
9.17257
9.174
9.17543
9.17685
9.17827
9.17969
9.18111
9.18252
9.18394
9.18536
9.18678
9.1882
9.18962
9.19103
9.19245
9.19387
9.19529
9.19671
9.19813
9.19955
9.20097
9.20239
9.20381
9.20523
9.20665
9.20808
9.2095
9.21092
9.21234
9.21377
9.21519
9.21661
9.21804
9.21946
9.22089
9.22231
9.22374
9.22516
9.22659
9.22802
9.22944
9.23087
9.2323
9.23373
9.23516
9.23659
9.23802
9.23945
9.24088
9.24231
9.24374
9.24518
9.24661
9.24805
9.24948
9.25092
9.25236
9.2538
9.25524
9.25668
9.25812
9.25956
9.261
9.26245
9.26389
9.26534
9.26678
9.26823
9.26968
9.27113
9.27258
9.27403
9.27548
9.27694
9.27839
9.27985
9.28131
9.28277
9.28423
9.28569
9.28716
9.28862
9.29009
9.29156
9.29303
9.2945
9.29598
9.29745
9.29893
9.3004
9.30188
9.30336
9.30485
9.30633
9.30782
9.3093
9.31079
9.31228
9.31378
9.31527
9.31677
9.31827
9.31977
9.32127
9.32278
9.32428
9.32579
9.3273
9.32881
9.33033
9.33185
9.33336
9.33489
9.33641
9.33793
9.33946
9.34099
9.34252
9.34406
9.34559
9.34713
9.34867
9.35021
9.35176
9.3533
9.35485
9.3564
9.35796
9.35951
9.36107
9.36263
9.36419
9.36576
9.36732
9.36889
9.37047
9.37204
9.37362
9.37519
9.37677
9.37836
9.37994
9.38153
9.38312
9.38471
9.3863
9.3879
9.3895
9.3911
9.3927
9.3943
9.39591
9.39752
9.39914
9.40075
9.40237
9.40399
9.40561
9.40724
9.40886
9.41049
9.41212
9.41376
9.4154
9.41704
9.41868
9.42032
9.42197
9.42361
9.42527
9.42692
9.42857
9.43023
9.43189
9.43355
9.43521
9.43688
9.43854
9.44021
9.44188
9.44356
9.44523
9.44691
9.44859
9.45027
9.45196
9.45364
9.45533
9.45702
9.45871
9.46041
9.4621
9.4638
9.4655
9.4672
9.46891
9.47061
9.47232
9.47403
9.47574
9.47745
9.47917
9.48088
9.4826
9.48432
9.48604
9.48777
9.48949
9.49122
9.49295
9.49468
9.49641
9.49815
9.49988
9.50162
9.50336
9.5051
9.50685
9.50859
9.51034
9.51209
9.51384
9.51559
9.51734
9.5191
9.52085
9.52261
9.52437
9.52613
9.52789
9.52966
9.53142
9.53319
9.53496
9.53673
9.5385
9.54028
9.54205
9.54383
9.5456
9.54737
9.54915
9.55092
9.55268
9.55445
9.55621
9.55798
9.55974
9.5615
9.56326
9.56501
9.56677
9.56853
9.57028
9.57202
9.57377
9.5755
9.57723
9.57896
9.58068
9.58239
9.5841
9.58581
9.58751
9.58921
9.5909
9.59259
9.59428
9.59597
9.59766
9.59934
9.60102
9.6027
9.60438
9.60605
9.60772
9.6094
9.61107
9.61274
9.6144
9.61607
9.61773
9.61939
9.62105
9.6227
9.62435
9.62601
9.62765
9.6293
9.63094
9.63258
9.63421
9.63585
9.63748
9.6391
9.64072
9.64234
9.64396
9.64557
9.64718
9.64878
9.65038
9.65197
9.65356
9.65515
9.65673
9.65831
9.65988
9.66146
9.66302
9.66459
9.66615
9.6677
9.66926
9.67081
9.67235
9.6739
9.67544
9.67697
9.67851
9.68004
9.68157
9.6831
9.68462
9.68614
9.68766
9.68918
9.69069
9.6922
9.69371
9.69522
9.69673
9.69823
9.69973
9.70123
9.70273
9.70423
9.70572
9.70721
9.7087
9.71019
9.71168
9.71316
9.71464
9.71613
9.71761
9.71909
9.72056
9.72204
9.72351
9.72499
9.72646
9.72793
9.72941
9.73088
9.73235
9.73382
9.73529
9.73675
9.73822
9.73969
9.74116
9.74262
9.74409
9.74556
9.74702
9.74849
9.74996
9.75142
9.75289
9.75436
9.75582
9.75729
9.75876
9.76023
9.76169
9.76316
9.76463
9.7661
9.76757
9.76904
9.77051
9.77198
9.77345
9.77492
9.77639
9.77786
9.77933
9.78081
9.78228
9.78375
9.78523
9.7867
9.78818
9.78965
9.79113
9.79261
9.79409
9.79557
9.79705
9.79853
9.80001
9.80149
9.80297
9.80445
9.80594
9.80742
9.8089
9.81039
9.81187
9.81336
9.81485
9.81633
9.81782
9.81931
9.8208
9.82229
9.82378
9.82527
9.82676
9.82825
9.82974
9.83123
9.83273
9.83422
9.83572
9.83721
9.83871
9.8402
9.8417
9.84319
9.84469
9.84619
9.84769
9.84919
9.85068
9.85218
9.85368
9.85518
9.85668
9.85819
9.85969
9.86119
9.86269
9.86419
9.8657
9.8672
9.8687
9.87021
9.87171
9.87322
9.87472
9.87623
9.87773
9.87924
9.88074
9.88225
9.88376
9.88526
9.88677
9.88828
9.88978
9.89129
9.8928
9.8943
9.89581
9.89732
9.89882
9.90033
9.90183
9.90334
9.90485
9.90635
9.90786
9.90936
9.91087
9.91238
9.91388
9.91539
9.91689
9.9184
9.9199
9.92141
9.92291
9.92442
9.92592
9.92743
9.92893
9.93043
9.93193
9.93343
9.93492
9.93641
9.93789
9.93937
9.94084
9.94231
9.94378
9.94524
9.94671
9.94817
9.94963
9.95109
9.95254
9.954
9.95546
9.95692
9.95837
9.95983
9.96129
9.96275
9.96421
9.96567
9.96713
9.96859
9.97005
9.97151
9.97297
9.97443
9.97589
9.97736
9.97882
9.98028
9.98175
9.98321
9.98467
9.98614
9.9876
9.98907
9.99053
9.992
9.99347
9.99493
9.9964
9.99787
9.99933
10.0008
10.0023
10.0037
10.0052
10.0067
10.0081
10.0096
10.0111
10.0125
10.014
10.0155
10.017
10.0184
10.0199
10.0213
10.0228
10.0242
10.0257
10.0271
10.0285
10.03
10.0314
10.0329
10.0343
10.0357
10.0372
10.0386
10.04
10.0415
10.0429
10.0444
10.0458
10.0472
10.0487
10.0501
10.0516
10.053
10.0545
10.0559
10.0573
10.0588
10.0602
10.0617
10.0631
10.0646
10.066
10.0675
10.0689
10.0703
10.0718
10.0732
10.0747
10.0761
10.0776
10.079
10.0805
10.0819
10.0834
10.0848
10.0863
10.0877
10.0892
10.0906
10.0921
10.0935
10.095
10.0965
10.0979
10.0994
10.1008
10.1023
10.1037
10.1052
10.1067
10.1081
10.1096
10.1111
10.1125
10.114
10.1155
10.1169
10.1184
10.1199
10.1213
10.1228
10.1243
10.1258
10.1272
10.1287
10.1302
10.1317
10.1332
10.1347
10.1361
10.1376
10.1391
10.1406
10.1421
10.1436
10.1451
10.1466
10.1481
10.1496
10.1511
10.1526
10.1541
10.1556
10.1571
10.1586
10.1601
10.1616
10.1631
10.1647
10.1662
10.1677
10.1692
10.1707
10.1723
10.1738
10.1753
10.1769
10.1784
10.1799
10.1815
10.183
10.1846
10.1861
10.1876
10.1892
10.1907
10.1923
10.1939
10.1954
10.197
10.1985
10.2001
10.2017
10.2032
10.2048
10.2064
10.208
10.2095
10.2111
10.2127
10.2143
10.2159
10.2175
10.219
10.2206
10.2222
10.2238
10.2254
10.227
10.2287
10.2303
10.2319
10.2335
10.2351
10.2367
10.2383
10.24
10.2416
10.2432
10.2449
10.2465
10.2481
10.2498
10.2514
10.2531
10.2547
10.2564
10.258
10.2597
10.2613
10.263
10.2646
10.2663
10.268
10.2696
10.2713
10.273
10.2747
10.2763
10.278
10.2797
10.2814
10.2831
10.2848
10.2865
10.2882
10.2899
10.2916
10.2933
10.295
10.2967
10.2984
10.3001
10.3018
10.3035
10.3052
10.307
10.3087
10.3104
10.3121
10.3139
10.3156
10.3173
10.319
10.3208
10.3225
10.3243
10.326
10.3277
10.3295
10.3312
10.333
10.3347
10.3365
10.3382
10.34
10.3418
10.3435
10.3453
10.3471
10.3488
10.3506
10.3524
10.3541
10.3559
10.3577
10.3595
10.3612
10.363
10.3648
10.3666
10.3684
10.3702
10.372
10.3738
10.3756
10.3774
10.3792
10.381
10.3828
10.3846
10.3863
10.3881
10.3899
10.3917
10.3935
10.3953
10.3971
10.3989
10.4007
10.4024
10.4042
10.406
10.4078
10.4096
10.4113
10.4131
10.4149
10.4166
10.4184
10.4201
10.4219
10.4236
10.4253
10.4271
10.4288
10.4305
10.4322
10.4339
10.4356
10.4373
10.4391
10.4408
10.4425
10.4442
10.4459
10.4476
10.4492
10.4509
10.4526
10.4543
10.456
10.4577
10.4594
10.461
10.4627
10.4644
10.4661
10.4677
10.4694
10.4711
10.4727
10.4744
10.476
10.4777
10.4793
10.481
10.4826
10.4842
10.4859
10.4875
10.4891
10.4907
10.4924
10.494
10.4956
10.4972
10.4988
10.5004
10.502
10.5036
10.5051
10.5067
10.5083
10.5099
10.5114
10.513
10.5146
10.5161
10.5177
10.5192
10.5208
10.5223
10.5239
10.5254
10.5269
10.5285
10.53
10.5315
10.5331
10.5346
10.5361
10.5376
10.5392
10.5407
10.5422
10.5437
10.5452
10.5467
10.5482
10.5497
10.5512
10.5527
10.5542
10.5557
10.5572
10.5587
10.5602
10.5617
10.5632
10.5646
10.5661
10.5676
10.5691
10.5706
10.572
10.5735
10.575
10.5765
10.5779
10.5794
10.5809
10.5824
10.5838
10.5853
10.5868
10.5883
10.5897
10.5912
10.5927
10.5941
10.5956
10.5971
10.5985
10.6
10.6015
10.603
10.6044
10.6059
10.6074
10.6088
10.6103
10.6118
10.6132
10.6147
10.6162
10.6177
10.6191
10.6206
10.6221
10.6235
10.625
10.6265
10.628
10.6294
10.6309
10.6324
10.6339
10.6353
10.6368
10.6383
10.6398
10.6412
10.6427
10.6442
10.6457
10.6472
10.6486
10.6501
10.6516
10.6531
10.6546
10.656
10.6575
10.659
10.6605
10.662
10.6635
10.6649
10.6664
10.6679
10.6694
10.6709
10.6724
10.6738
10.6753
10.6768
10.6783
10.6798
10.6813
10.6828
10.6843
10.6858
10.6872
10.6887
10.6902
10.6917
10.6932
10.6947
10.6962
10.6977
10.6992
10.7007
10.7022
10.7037
10.7051
10.7066
10.7081
10.7096
10.7111
10.7126
10.7141
10.7156
10.7171
10.7186
10.7201
10.7216
10.7231
10.7246
10.7261
10.7276
10.7291
10.7306
10.7321
10.7336
10.7351
10.7366
10.7381
10.7395
10.741
10.7425
10.744
10.7455
10.747
10.7485
10.75
10.7515
10.753
10.7545
10.756
10.7575
10.759
10.7605
10.762
10.7635
10.765
10.7665
10.768
10.7695
10.771
10.7724
10.7739
10.7754
10.7769
10.7784
10.7798
10.7813
10.7827
10.7842
10.7857
10.7871
10.7886
10.79
10.7915
10.7929
10.7944
10.7958
10.7973
10.7987
10.8002
10.8016
10.8031
10.8045
10.806
10.8074
10.8089
10.8103
10.8118
10.8132
10.8147
10.8161
10.8176
10.819
10.8205
10.8219
10.8234
10.8248
10.8263
10.8278
10.8292
10.8307
10.8321
10.8336
10.835
10.8365
10.838
10.8394
10.8409
10.8423
10.8438
10.8452
10.8467
10.8482
10.8496
10.8511
10.8525
10.854
10.8555
10.8569
10.8584
10.8598
10.8613
10.8627
10.8642
10.8656
10.867
10.8684
10.8699
10.8713
10.8727
10.8742
10.8756
10.877
10.8784
10.8799
10.8813
10.8827
10.8842
10.8856
10.887
10.8884
10.8899
10.8913
10.8927
10.8942
10.8956
10.897
10.8985
10.8999
10.9013
10.9028
10.9042
10.9056
10.9071
10.9085
10.9099
10.9114
10.9128
10.9142
10.9157
10.9171
10.9185
10.92
10.9214
10.9229
10.9243
10.9257
10.9272
10.9286
10.93
10.9315
10.9329
10.9344
10.9358
10.9373
10.9387
10.9402
10.9416
10.943
10.9445
10.9459
10.9474
10.9488
10.9503
10.9517
10.9532
10.9546
10.9561
10.9576
10.959
10.9605
10.9619
10.9634
10.9649
10.9663
10.9678
10.9692
10.9707
10.9722
10.9736
10.9751
10.9766
10.9781
10.9795
10.981
10.9825
10.984
10.9854
10.9869
10.9884
10.9899
10.9914
10.9929
10.9943
10.9958
10.9973
10.9988
11.0003
11.0018
11.0033
11.0048
11.0063
11.0078
11.0093
11.0108
11.0123
11.0138
11.0154
11.0169
11.0184
11.0199
11.0214
11.023
11.0245
11.026
11.0275
11.0291
11.0306
11.0321
11.0337
11.0352
11.0368
11.0383
11.0398
11.0414
11.0429
11.0445
11.046
11.0476
11.0492
11.0507
11.0523
11.0539
11.0554
11.057
11.0586
11.0601
11.0617
11.0633
11.0649
11.0665
11.068
11.0696
11.0712
11.0728
11.0744
11.076
11.0776
11.0792
11.0808
11.0824
11.084
11.0857
11.0873
11.0889
11.0905
11.0921
11.0938
11.0954
11.097
11.0986
11.1003
11.1019
11.1036
11.1052
11.1068
11.1085
11.1101
11.1118
11.1134
11.1151
11.1168
11.1184
11.1201
11.1217
11.1234
11.1251
11.1267
11.1284
11.1301
11.1318
11.1334
11.1351
11.1368
11.1385
11.1402
11.1419
11.1436
11.1453
11.1469
11.1486
11.1503
11.152
11.1538
11.1555
11.1572
11.1589
11.1606
11.1623
11.164
11.1657
11.1674
11.1692
11.1709
11.1726
11.1743
11.1761
11.1778
11.1795
11.1813
11.183
11.1847
11.1865
11.1882
11.19
11.1917
11.1934
11.1952
11.1969
11.1987
11.2004
11.2022
11.204
11.2057
11.2075
11.2092
11.211
11.2128
11.2145
11.2163
11.2181
11.2198
11.2216
11.2234
11.2252
11.2269
11.2287
11.2305
11.2323
11.234
11.2358
11.2376
11.2394
11.2411
11.2429
11.2446
11.2464
11.2482
11.2499
11.2517
11.2534
11.2552
11.2569
11.2587
11.2604
11.2622
11.2639
11.2656
11.2673
11.2691
11.2708
11.2725
11.2742
11.2759
11.2776
11.2793
11.2809
11.2826
11.2843
11.286
11.2877
11.2893
11.291
11.2927
11.2943
11.296
11.2977
11.2993
11.301
11.3026
11.3043
11.3059
11.3076
11.3092
11.3109
11.3125
11.3142
11.3158
11.3174
11.3191
11.3207
11.3223
11.3239
11.3255
11.3271
11.3287
11.3303
11.3319
11.3335
11.3351
11.3367
11.3383
11.3399
11.3414
11.343
11.3446
11.3461
11.3477
11.3493
11.3508
11.3524
11.3539
11.3554
11.357
11.3585
11.36
11.3616
11.3631
11.3646
11.3661
11.3676
11.3691
11.3706
11.3722
11.3737
11.3752
11.3766
11.3781
11.3796
11.3811
11.3826
11.3841
11.3856
11.387
11.3885
11.39
11.3915
11.3929
11.3944
11.3959
11.3973
11.3988
11.4002
11.4017
11.4031
11.4046
11.406
11.4075
11.4089
11.4104
11.4118
11.4133
11.4147
11.4162
11.4176
11.419
11.4205
11.4219
11.4233
11.4248
11.4262
11.4276
11.4291
11.4305
11.4319
11.4334
11.4348
11.4362
11.4377
11.4391
11.4405
11.4419
11.4434
11.4448
11.4462
11.4477
11.4491
11.4505
11.452
11.4534
11.4548
11.4562
11.4577
11.4591
11.4605
11.462
11.4634
11.4648
11.4663
11.4677
11.4691
11.4706
11.472
11.4734
11.4749
11.4763
11.4777
11.4792
11.4806
11.482
11.4835
11.4849
11.4863
11.4878
11.4892
11.4906
11.4921
11.4935
11.495
11.4964
11.4978
11.4993
11.5007
11.5021
11.5036
11.505
11.5065
11.5079
11.5094
11.5108
11.5122
11.5137
11.5151
11.5166
11.518
11.5195
11.5209
11.5223
11.5238
11.5252
11.5267
11.5281
11.5296
11.531
11.5325
11.5339
11.5354
11.5368
11.5382
11.5397
11.5411
11.5426
11.544
11.5455
11.5469
11.5484
11.5498
11.5513
11.5527
11.5542
11.5556
11.5571
11.5585
11.56
11.5614
11.5629
11.5643
11.5658
11.5672
11.5687
11.5701
11.5716
11.573
11.5745
11.5759
11.5774
11.5788
11.5803
11.5817
11.5832
11.5846
11.5861
11.5875
11.589
11.5904
11.5919
11.5933
11.5948
11.5962
11.5977
11.5991
11.6006
11.602
11.6035
11.6049
11.6064
11.6078
11.6092
11.6107
11.6121
11.6135
11.6149
11.6163
11.6177
11.6191
11.6205
11.6219
11.6233
11.6248
11.6262
11.6276
11.629
11.6304
11.6318
11.6332
11.6346
11.636
11.6374
11.6388
11.6402
11.6416
11.643
11.6444
11.6458
11.6472
11.6486
11.65
11.6514
11.6528
11.6542
11.6556
11.657
11.6584
11.6598
11.6613
11.6627
11.6641
11.6655
11.6669
11.6683
11.6697
11.6711
11.6725
11.6739
11.6754
11.6768
11.6782
11.6796
11.681
11.6824
11.6838
11.6852
11.6866
11.6881
11.6895
11.6909
11.6923
11.6937
11.6951
11.6965
11.6978
11.6992
11.7006
11.702
11.7034
11.7047
11.7061
11.7075
11.7089
11.7103
11.7116
11.713
11.7144
11.7158
11.7172
11.7185
11.7199
11.7213
11.7227
11.7241
11.7254
11.7268
11.7282
11.7296
11.731
11.7324
11.7337
11.7351
11.7365
11.7379
11.7393
11.7407
11.742
11.7434
11.7448
11.7462
11.7476
11.749
11.7503
11.7517
11.7531
11.7545
11.7559
11.7573
11.7587
11.7601
11.7614
11.7628
11.7642
11.7656
11.767
11.7684
11.7698
11.7712
11.7726
11.774
11.7754
11.7768
11.7782
11.7796
11.781
11.7824
11.7838
11.7852
11.7866
11.788
11.7894
11.7908
11.7922
11.7936
11.795
11.7964
11.7978
11.7992
11.8006
11.802
11.8035
11.8049
11.8063
11.8077
11.8091
11.8105
11.812
11.8134
11.8148
11.8162
11.8177
11.8191
11.8205
11.822
11.8234
11.8248
11.8263
11.8277
11.8291
11.8306
11.832
11.8335
11.8349
11.8364
11.8378
11.8393
11.8407
11.8422
11.8436
11.8451
11.8466
11.848
11.8495
11.8509
11.8524
11.8539
11.8554
11.8568
11.8583
11.8598
11.8613
11.8628
11.8642
11.8657
11.8672
11.8687
11.8702
11.8717
11.8732
11.8747
11.8762
11.8777
11.8792
11.8807
11.8822
11.8837
11.8852
11.8868
11.8883
11.8898
11.8913
11.8928
11.8944
11.8959
11.8974
11.899
11.9005
11.902
11.9036
11.9051
11.9067
11.9082
11.9098
11.9113
11.9129
11.9144
11.916
11.9175
11.9191
11.9207
11.9222
11.9238
11.9254
11.9269
11.9285
11.9301
11.9317
11.9332
11.9348
11.9364
11.938
11.9396
11.9412
11.9428
11.9444
11.946
11.9476
11.9492
11.9508
11.9524
11.954
11.9556
11.9572
11.9588
11.9604
11.9621
11.9637
11.9653
11.9669
11.9686
11.9702
11.9718
11.9735
11.9751
11.9767
11.9784
11.98
11.9816
11.9833
11.9849
11.9866
11.9882
11.9899
11.9915
11.9932
11.9949
11.9965
11.9982
11.9998
12.0015
12.0032
12.0048
12.0065
12.0082
12.0099
12.0115
12.0132
12.0149
12.0166
12.0183
12.0199
12.0216
12.0233
12.025
12.0267
12.0284
12.0301
12.0318
12.0335
12.0352
12.0369
12.0386
12.0403
12.042
12.0437
12.0454
12.0471
12.0488
12.0505
12.0523
12.054
12.0557
12.0574
12.0591
12.0608
12.0626
12.0643
12.066
12.0678
12.0695
12.0712
12.0729
12.0747
12.0764
12.0781
12.0799
12.0816
12.0834
12.0851
12.0868
12.0886
12.0903
12.092
12.0937
12.0955
12.0972
12.0989
12.1006
12.1024
12.1041
12.1058
12.1075
12.1092
12.1109
12.1126
12.1143
12.116
12.1177
12.1193
12.121
12.1227
12.1243
12.126
12.1277
12.1293
12.131
12.1326
12.1342
12.1359
12.1375
12.1392
12.1408
12.1424
12.1441
12.1457
12.1473
12.1489
12.1506
12.1522
12.1538
12.1554
12.157
12.1586
12.1603
12.1619
12.1635
12.1651
12.1667
12.1683
12.1699
12.1715
12.173
12.1746
12.1762
12.1778
12.1794
12.1809
12.1825
12.1841
12.1856
12.1872
12.1887
12.1903
12.1918
12.1934
12.1949
12.1964
12.198
12.1995
12.201
12.2025
12.204
12.2055
12.2071
12.2086
12.2101
12.2116
12.213
12.2145
12.216
12.2175
12.219
12.2205
12.222
12.2234
12.2249
12.2264
12.2278
12.2293
12.2308
12.2322
12.2337
12.2352
12.2366
12.2381
12.2395
12.241
12.2424
12.2439
12.2453
12.2467
12.2482
12.2496
12.2511
12.2525
12.2539
12.2554
12.2568
12.2582
12.2596
12.2611
12.2625
12.2639
12.2654
12.2668
12.2682
12.2696
12.271
12.2725
12.2739
12.2753
12.2767
12.2782
12.2796
12.281
12.2824
12.2838
12.2853
12.2867
12.2881
12.2895
12.2909
12.2924
12.2938
12.2952
12.2966
12.298
12.2995
12.3009
12.3023
12.3037
12.3052
12.3066
12.308
12.3094
12.3109
12.3123
12.3137
12.3151
12.3166
12.318
12.3194
12.3208
12.3223
12.3237
12.3251
12.3266
12.328
12.3294
12.3309
12.3323
12.3337
12.3352
12.3366
12.338
12.3395
12.3409
12.3423
12.3438
12.3452
12.3467
12.3481
12.3495
12.351
12.3524
12.3539
12.3553
12.3568
12.3582
12.3596
12.3611
12.3625
12.364
12.3654
12.3669
12.3683
12.3698
12.3712
12.3727
12.3741
12.3756
12.377
12.3785
12.3799
12.3814
12.3828
12.3843
12.3857
12.3872
12.3886
12.3901
12.3915
12.393
12.3944
12.3959
12.3973
12.3988
12.4003
12.4017
12.4032
12.4046
12.4061
12.4075
12.409
12.4105
12.4119
12.4134
12.4148
12.4163
12.4177
12.4192
12.4207
12.4221
12.4236
12.425
12.4265
12.4279
12.4294
12.4308
12.4323
12.4338
12.4352
12.4367
12.4381
12.4396
12.441
12.4425
12.444
12.4454
12.4469
12.4483
12.4498
12.4512
12.4527
12.4541
12.4556
12.457
12.4584
12.4598
12.4613
12.4627
12.4641
12.4655
12.4669
12.4683
12.4698
12.4712
12.4726
12.474
12.4754
12.4768
12.4782
12.4796
12.481
12.4825
12.4839
12.4853
12.4867
12.4881
12.4895
12.4909
12.4923
12.4938
12.4952
12.4966
12.498
12.4994
12.5008
12.5023
12.5037
12.5051
12.5065
12.5079
12.5093
12.5108
12.5122
12.5136
12.515
12.5164
12.5179
12.5193
12.5207
12.5221
12.5235
12.525
12.5264
12.5278
12.5292
12.5306
12.5321
12.5335
12.5349
12.5363
12.5377
12.5392
12.5406
12.542
12.5434
12.5448
12.5462
12.5476
12.549
12.5504
12.5518
12.5532
12.5546
12.556
12.5574
12.5588
12.5602
12.5616
12.563
12.5643
12.5657
12.5671
12.5685
12.5699
12.5713
12.5727
12.5741
12.5755
12.5769
12.5783
12.5797
12.5811
12.5825
12.5839
12.5853
12.5867
12.5881
12.5895
12.5909
12.5923
12.5937
12.5951
12.5965
12.5979
12.5993
12.6007
12.6021
12.6035
12.6049
12.6063
12.6077
12.6091
12.6105
12.6119
12.6133
12.6147
12.6161
12.6176
12.619
12.6204
12.6218
12.6232
12.6246
12.626
12.6274
12.6289
12.6303
12.6317
12.6331
12.6345
12.636
12.6374
12.6388
12.6402
12.6417
12.6431
12.6445
12.6459
12.6474
12.6488
12.6502
12.6517
12.6531
12.6546
12.656
12.6574
12.6589
12.6603
12.6618
12.6632
12.6647
12.6661
12.6676
12.669
12.6705
12.6719
12.6734
12.6748
12.6763
12.6778
12.6792
12.6807
12.6822
12.6836
12.6851
12.6866
12.6881
12.6895
12.691
12.6925
12.694
12.6955
12.697
12.6985
12.7
12.7015
12.7029
12.7044
12.7059
12.7075
12.709
12.7105
12.712
12.7135
12.715
12.7165
12.718
12.7196
12.7211
12.7226
12.7241
12.7257
12.7272
12.7287
12.7303
12.7318
12.7333
12.7349
12.7364
12.738
12.7395
12.7411
12.7426
12.7442
12.7458
12.7473
12.7489
12.7505
12.752
12.7536
12.7552
12.7567
12.7583
12.7599
12.7615
12.7631
12.7646
12.7662
12.7678
12.7694
12.771
12.7726
12.7742
12.7758
12.7774
12.779
12.7806
12.7822
12.7838
12.7855
12.7871
12.7887
12.7903
12.792
12.7936
12.7952
12.7968
12.7985
12.8001
12.8017
12.8034
12.805
12.8067
12.8083
12.81
12.8116
12.8133
12.8149
12.8166
12.8182
12.8199
12.8216
12.8232
12.8249
12.8266
12.8282
12.8299
12.8316
12.8333
12.8349
12.8366
12.8383
12.84
12.8417
12.8434
12.8451
12.8468
12.8484
12.8501
12.8518
12.8535
12.8552
12.8569
12.8586
12.8603
12.8621
12.8638
12.8655
12.8672
12.8689
12.8706
12.8723
12.8741
12.8758
12.8775
12.8792
12.881
12.8827
12.8844
12.8862
12.8879
12.8896
12.8914
12.8931
12.8948
12.8966
12.8983
12.9001
12.9018
12.9035
12.9053
12.907
12.9088
12.9105
12.9122
12.914
12.9157
12.9174
12.9192
12.9209
12.9226
12.9243
12.9261
12.9278
12.9295
12.9312
12.933
12.9347
12.9364
12.9381
12.9398
12.9415
12.9432
12.9448
12.9465
12.9482
12.9499
12.9515
12.9532
12.9549
12.9565
12.9582
12.9599
12.9615
12.9632
12.9648
12.9665
12.9681
12.9698
12.9714
12.9731
12.9747
12.9764
12.978
12.9796
12.9813
12.9829
12.9845
12.9862
12.9878
12.9894
12.991
12.9926
12.9942
12.9958
12.9974
12.999
13.0006
13.0022
13.0038
13.0054
13.007
13.0085
13.0101
13.0117
13.0132
13.0148
13.0163
13.0179
13.0194
13.021
13.0225
13.0241
13.0256
13.0271
13.0287
13.0302
13.0317
13.0332
13.0347
13.0362
13.0377
13.0393
13.0408
13.0423
13.0438
13.0453
13.0467
13.0482
13.0497
13.0512
13.0527
13.0542
13.0557
13.0571
13.0586
13.0601
13.0616
13.063
13.0645
13.066
13.0674
13.0689
13.0704
13.0718
13.0733
13.0747
13.0762
13.0776
13.0791
13.0806
13.082
13.0835
13.0849
13.0864
13.0878
13.0893
13.0907
13.0921
13.0936
13.095
13.0965
13.0979
13.0994
13.1008
13.1023
13.1037
13.1052
13.1066
13.108
13.1095
13.1109
13.1124
13.1138
13.1153
13.1167
13.1182
13.1196
13.1211
13.1225
13.124
13.1254
13.1269
13.1283
13.1298
13.1312
13.1327
13.1341
13.1356
13.137
13.1385
13.1399
13.1414
13.1428
13.1443
13.1458
13.1472
13.1487
13.1501
13.1516
13.1531
13.1545
13.156
13.1575
13.1589
13.1604
13.1619
13.1633
13.1648
13.1663
13.1677
13.1692
13.1707
13.1721
13.1736
13.1751
13.1765
13.178
13.1795
13.181
13.1824
13.1839
13.1854
13.1869
13.1884
13.1898
13.1913
13.1928
13.1943
13.1958
13.1972
13.1987
13.2002
13.2017
13.2032
13.2047
13.2061
13.2076
13.2091
13.2106
13.2121
13.2136
13.2151
13.2165
13.218
13.2195
13.221
13.2225
13.224
13.2255
13.227
13.2285
13.23
13.2314
13.2329
13.2344
13.2359
13.2374
13.2389
13.2404
13.2419
13.2434
13.2449
13.2464
13.2479
13.2494
13.2509
13.2523
13.2538
13.2553
13.2568
13.2583
13.2598
13.2613
13.2628
13.2643
13.2658
13.2673
13.2688
13.2703
13.2717
13.2732
13.2747
13.2762
13.2776
13.2791
13.2806
13.282
13.2835
13.2849
13.2864
13.2879
13.2893
13.2908
13.2922
13.2937
13.2951
13.2966
13.2981
13.2995
13.301
13.3024
13.3039
13.3054
13.3068
13.3083
13.3097
13.3112
13.3127
13.3141
13.3156
13.3171
13.3185
13.32
13.3215
13.3229
13.3244
13.3259
13.3273
13.3288
13.3303
13.3318
13.3332
13.3347
13.3362
13.3376
13.3391
13.3406
13.3421
13.3435
13.345
13.3465
13.348
13.3494
13.3509
13.3524
13.3539
13.3553
13.3568
13.3583
13.3598
13.3613
13.3627
13.3642
13.3657
13.3672
13.3687
13.3701
13.3716
13.3731
13.3746
13.3761
13.3776
13.379
13.3805
13.382
13.3835
13.3849
13.3864
13.3878
13.3893
13.3907
13.3922
13.3936
13.3951
13.3965
13.398
13.3994
13.4009
13.4023
13.4038
13.4052
13.4067
13.4082
13.4096
13.4111
13.4125
13.414
13.4154
13.4169
13.4184
13.4198
13.4213
13.4227
13.4242
13.4257
13.4271
13.4286
13.4301
13.4315
13.433
13.4345
13.4359
13.4374
13.4389
13.4403
13.4418
13.4433
13.4447
13.4462
13.4477
13.4492
13.4506
13.4521
13.4536
13.4551
13.4565
13.458
13.4595
13.461
13.4625
13.464
13.4654
13.4669
13.4684
13.4699
13.4714
13.4729
13.4744
13.4759
13.4774
13.4789
13.4803
13.4818
13.4833
13.4848
13.4863
13.4878
13.4894
13.4909
13.4924
13.4939
13.4954
13.4969
13.4984
13.4999
13.5015
13.503
13.5045
13.506
13.5075
13.5091
13.5106
13.5121
13.5137
13.5152
13.5167
13.5183
13.5198
13.5213
13.5229
13.5244
13.526
13.5275
13.5291
13.5306
13.5322
13.5337
13.5353
13.5369
13.5384
13.54
13.5416
13.5431
13.5447
13.5463
13.5479
13.5494
13.551
13.5526
13.5542
13.5558
13.5574
13.559
13.5606
13.5621
13.5637
13.5653
13.567
13.5686
13.5702
13.5718
13.5734
13.575
13.5766
13.5782
13.5799
13.5815
13.5831
13.5847
13.5864
13.588
13.5896
13.5913
13.5929
13.5946
13.5962
13.5979
13.5995
13.6012
13.6028
13.6045
13.6061
13.6078
13.6095
13.6111
13.6128
13.6145
13.6162
13.6178
13.6195
13.6212
13.6229
13.6246
13.6263
13.6279
13.6296
13.6313
13.633
13.6347
13.6364
13.6381
13.6398
13.6416
13.6433
13.645
13.6467
13.6484
13.6501
13.6518
13.6536
13.6553
13.657
13.6587
13.6605
13.6622
13.6639
13.6657
13.6674
13.6692
13.6709
13.6726
13.6744
13.6761
13.6779
13.6796
13.6814
13.6831
13.6849
13.6867
13.6884
13.6902
13.6919
13.6937
13.6955
13.6972
13.699
13.7008
13.7026
13.7043
13.7061
13.7079
13.7097
13.7115
13.7132
13.715
13.7168
13.7186
13.7204
13.7222
13.724
13.7258
13.7276
13.7294
13.7312
13.733
13.7348
13.7366
13.7384
13.7402
13.742
13.7438
13.7457
13.7475
13.7493
13.7511
13.7529
13.7547
13.7565
13.7583
13.7601
13.7619
13.7637
13.7655
13.7673
13.7691
13.7709
13.7727
13.7744
13.7762
13.778
13.7798
13.7815
13.7833
13.7851
13.7868
13.7885
13.7903
13.792
13.7937
13.7955
13.7972
13.7989
13.8006
13.8023
13.804
13.8058
13.8075
13.8092
13.8109
13.8126
13.8143
13.816
13.8177
13.8194
13.821
13.8227
13.8244
13.8261
13.8278
13.8295
13.8311
13.8328
13.8345
13.8362
13.8378
13.8395
13.8412
13.8428
13.8445
13.8461
13.8478
13.8494
13.8511
13.8527
13.8543
13.856
13.8576
13.8592
13.8608
13.8624
13.8641
13.8657
13.8673
13.8689
13.8705
13.872
13.8736
13.8752
13.8768
13.8784
13.88
13.8815
13.8831
13.8847
13.8862
13.8878
13.8893
13.8909
13.8924
13.894
13.8955
13.8971
13.8986
13.9002
13.9017
13.9032
13.9048
13.9063
13.9078
13.9094
13.9109
13.9124
13.9139
13.9154
13.9169
13.9185
13.92
13.9215
13.923
13.9245
13.926
13.9275
13.929
13.9305
13.932
13.9335
13.935
13.9365
13.938
13.9395
13.941
13.9425
13.944
13.9455
13.947
13.9485
13.95
13.9515
13.953
13.9545
13.956
13.9574
13.9589
13.9604
13.9619
13.9634
13.9649
13.9664
13.9679
13.9694
13.9709
13.9724
13.9739
13.9754
13.9769
13.9784
13.9799
13.9814
13.9829
13.9844
13.9859
13.9874
13.9889
13.9904
13.9919
13.9934
13.9949
13.9964
13.9979
13.9994
14.0009
14.0024
14.0039
14.0055
14.007
14.0085
14.01
14.0115
14.013
14.0145
14.016
14.0176
14.0191
14.0206
14.0221
14.0236
14.0251
14.0267
14.0282
14.0297
14.0312
14.0327
14.0343
14.0358
14.0373
14.0388
14.0403
14.0419
14.0434
14.0449
14.0464
14.048
14.0495
14.051
14.0526
14.0541
14.0556
14.0571
14.0587
14.0602
14.0617
14.0633
14.0648
14.0663
14.0679
14.0694
14.0709
14.0725
14.074
14.0755
14.0771
14.0786
14.0801
14.0817
14.0832
14.0847
14.0863
14.0878
14.0893
14.0909
14.0924
14.094
14.0955
14.097
14.0986
14.1001
14.1016
14.1032
14.1047
14.1063
14.1078
14.1093
14.1109
14.1124
14.1139
14.1155
14.117
14.1185
14.1201
14.1216
14.1231
14.1247
14.1262
14.1277
14.1292
14.1308
14.1323
14.1338
14.1353
14.1369
14.1384
14.1399
14.1414
14.1429
14.1445
14.146
14.1475
14.149
14.1505
14.152
14.1536
14.1551
14.1566
14.1581
14.1596
14.1611
14.1626
14.1641
14.1656
14.1671
14.1686
14.1702
14.1717
14.1732
14.1747
14.1762
14.1777
14.1792
14.1807
14.1822
14.1837
14.1852
14.1867
14.1882
14.1897
14.1912
14.1927
14.1942
14.1957
14.1972
14.1987
14.2003
14.2018
14.2033
14.2048
14.2063
14.2078
14.2093
14.2108
14.2123
14.2138
14.2153
14.2168
14.2183
14.2198
14.2213
14.2228
14.2243
14.2258
14.2273
14.2288
14.2303
14.2318
14.2334
14.2349
14.2364
14.2379
14.2394
14.2409
14.2424
14.2439
14.2455
14.247
14.2485
14.25
14.2515
14.2531
14.2546
14.2561
14.2576
14.2591
14.2607
14.2622
14.2637
14.2652
14.2668
14.2683
14.2698
14.2714
14.2729
14.2744
14.2759
14.2775
14.279
14.2805
14.2821
14.2836
14.2851
14.2866
14.2882
14.2897
14.2912
14.2927
14.2942
14.2957
14.2973
14.2988
14.3003
14.3018
14.3033
14.3048
14.3063
14.3078
14.3094
14.3109
14.3124
14.3139
14.3154
14.317
14.3185
14.32
14.3215
14.323
14.3246
14.3261
14.3276
14.3291
14.3307
14.3322
14.3337
14.3353
14.3368
14.3383
14.3399
14.3414
14.343
14.3445
14.346
14.3476
14.3491
14.3507
14.3522
14.3537
14.3553
14.3568
14.3584
14.3599
14.3614
14.363
14.3645
14.3661
14.3676
14.3691
14.3707
14.3722
14.3738
14.3753
14.3769
14.3784
14.38
14.3815
14.3831
14.3847
14.3862
14.3878
14.3893
14.3909
14.3925
14.3941
14.3956
14.3972
14.3988
14.4004
14.4019
14.4035
14.4051
14.4067
14.4083
14.4099
14.4115
14.4131
14.4147
14.4163
14.4179
14.4195
14.4211
14.4227
14.4244
14.426
14.4276
14.4292
14.4309
14.4325
14.4341
14.4358
14.4374
14.439
14.4407
14.4423
14.444
14.4456
14.4473
14.4489
14.4506
14.4523
14.4539
14.4556
14.4573
14.4589
14.4606
14.4623
14.464
14.4656
14.4673
14.469
14.4707
14.4724
14.4741
14.4758
14.4775
14.4792
14.4809
14.4826
14.4843
14.486
14.4878
14.4895
14.4912
14.4929
14.4947
14.4964
14.4981
14.4999
14.5016
14.5033
14.5051
14.5068
14.5086
14.5103
14.5121
14.5139
14.5156
14.5174
14.5191
14.5209
14.5227
14.5244
14.5262
14.528
14.5298
14.5315
14.5333
14.5351
14.5369
14.5387
14.5404
14.5422
14.544
14.5458
14.5476
14.5493
14.5511
14.5529
14.5547
14.5564
14.5582
14.56
14.5617
14.5635
14.5653
14.567
14.5688
14.5706
14.5723
14.5741
14.5758
14.5776
14.5794
14.5811
14.5829
14.5847
14.5864
14.5882
14.59
14.5917
14.5935
14.5952
14.597
14.5988
14.6005
14.6023
14.604
14.6058
14.6075
14.6093
14.611
14.6128
14.6145
14.6163
14.618
14.6197
14.6215
14.6232
14.6249
14.6267
14.6284
14.6301
14.6318
14.6335
14.6352
14.6369
14.6386
14.6403
14.642
14.6437
14.6453
14.647
14.6487
14.6503
14.652
14.6537
14.6553
14.657
14.6586
14.6603
14.6619
14.6636
14.6652
14.6668
14.6685
14.6701
14.6718
14.6734
14.675
14.6767
14.6783
14.6799
14.6816
14.6832
14.6848
14.6865
14.6881
14.6897
14.6913
14.693
14.6946
14.6962
14.6978
14.6995
14.7011
14.7027
14.7043
14.7059
14.7076
14.7092
14.7108
14.7124
14.714
14.7156
14.7172
14.7189
14.7205
14.7221
14.7237
14.7253
14.7269
14.7285
14.7301
14.7317
14.7333
14.7349
14.7365
14.7381
14.7398
14.7414
14.743
14.7446
14.7462
14.7478
14.7494
14.751
14.7526
14.7542
14.7558
14.7574
14.759
14.7606
14.7623
14.7639
14.7655
14.7671
14.7687
14.7703
14.7719
14.7735
14.7752
14.7768
14.7784
14.78
14.7816
14.7832
14.7849
14.7865
14.7881
14.7897
14.7913
14.793
14.7946
14.7962
14.7978
14.7995
14.8011
14.8027
14.8043
14.806
14.8076
14.8092
14.8109
14.8125
14.8141
14.8157
14.8174
14.819
14.8206
14.8223
14.8239
14.8255
14.8272
14.8288
14.8305
14.8321
14.8337
14.8354
14.837
14.8387
14.8403
14.8419
14.8436
14.8452
14.8469
14.8485
14.8502
14.8518
14.8534
14.8551
14.8567
14.8584
14.86
14.8617
14.8633
14.865
14.8666
14.8683
14.8699
14.8716
14.8732
14.8749
14.8765
14.8782
14.8798
14.8815
14.8831
14.8848
14.8864
14.8881
14.8897
14.8914
14.8931
14.8947
14.8964
14.898
14.8997
14.9013
14.903
14.9046
14.9063
14.908
14.9096
14.9113
14.9129
14.9146
14.9162
14.9179
14.9196
14.9212
14.9229
14.9245
14.9262
14.9279
14.9295
14.9312
14.9328
14.9345
14.9362
14.9378
14.9394
14.9411
14.9427
14.9444
14.946
14.9476
14.9493
14.9509
14.9525
14.9542
14.9558
14.9574
14.9591
14.9607
14.9623
14.964
14.9656
14.9672
14.9689
14.9705
14.9722
14.9738
14.9754
14.9771
14.9787
14.9804
14.982
14.9837
14.9853
14.987
14.9886
14.9903
14.992
14.9936
14.9953
14.9969
14.9986
15.0003
15.0019
15.0036
15.0052
15.0069
15.0086
15.0102
15.0119
15.0136
15.0153
15.0169
15.0186
15.0203
15.022
15.0236
15.0253
15.027
15.0287
15.0303
15.032
15.0337
15.0354
15.0371
15.0388
15.0404
15.0421
15.0438
15.0455
15.0472
15.0489
15.0506
15.0523
15.054
15.0557
15.0574
15.0591
15.0608
15.0625
15.0642
15.0659
15.0676
15.0693
15.071
15.0727
15.0744
15.0761
15.0778
15.0795
15.0812
15.0829
15.0846
15.0864
15.0881
15.0898
15.0915
15.0932
15.0949
15.0967
15.0984
15.1001
15.1018
15.1036
15.1053
15.107
15.1087
15.1105
15.1122
15.1139
15.1156
15.1174
15.1191
15.1208
15.1226
15.1243
15.1261
15.1278
15.1295
15.1313
15.133
15.1348
15.1365
15.1383
15.14
15.1418
15.1435
15.1453
15.147
15.1488
15.1505
15.1523
15.154
15.1557
15.1575
15.1592
15.1609
15.1626
15.1644
15.1661
15.1678
15.1695
15.1713
15.173
15.1747
15.1764
15.1782
15.1799
15.1816
15.1834
15.1851
15.1868
15.1886
15.1903
15.1921
15.1938
15.1956
15.1973
15.1991
15.2008
15.2026
15.2043
15.2061
15.2078
15.2096
15.2114
15.2131
15.2149
15.2166
15.2184
15.2202
15.2219
15.2237
15.2255
15.2273
15.229
15.2308
15.2326
15.2344
15.2361
15.2379
15.2397
15.2415
15.2433
15.2451
15.2469
15.2486
15.2504
15.2522
15.254
15.2558
15.2576
15.2594
15.2612
15.263
15.2648
15.2666
15.2683
15.2701
15.2719
15.2737
15.2754
15.2772
15.279
15.2807
15.2825
15.2842
15.286
15.2877
15.2895
15.2913
15.293
15.2948
15.2965
15.2983
15.3
15.3018
15.3036
15.3053
15.3071
15.3088
15.3106
15.3124
15.3141
15.3159
15.3176
15.3194
15.3212
15.3229
15.3247
15.3264
15.3282
15.3299
15.3317
15.3334
15.3351
15.3369
15.3386
15.3404
15.3421
15.3438
15.3456
15.3473
15.349
15.3507
15.3525
15.3542
15.3559
15.3576
15.3593
15.3611
15.3628
15.3645
15.3662
15.3679
15.3696
15.3713
15.373
15.3746
15.3763
15.378
15.3796
15.3813
15.383
15.3846
15.3863
15.3879
15.3896
15.3913
15.3929
15.3946
15.3962
15.3978
15.3995
15.4011
15.4028
15.4044
15.4061
15.4077
15.4094
15.411
15.4126
15.4143
15.4159
15.4176
15.4192
15.4208
15.4225
15.4241
15.4258
15.4274
15.4291
15.4307
15.4323
15.434
15.4356
15.4373
15.4389
15.4405
15.4422
15.4438
15.4455
15.4471
15.4487
15.4504
15.452
15.4537
15.4553
15.4569
15.4586
15.4602
15.4618
15.4635
15.4651
15.4667
15.4684
15.47
15.4716
15.4733
15.4749
15.4766
15.4782
15.4798
15.4815
15.4831
15.4847
15.4864
15.488
15.4896
15.4913
15.4929
15.4946
15.4962
15.4978
15.4995
15.5011
15.5028
15.5044
15.5061
15.5077
15.5094
15.511
15.5127
15.5143
15.516
15.5176
15.5193
15.5209
15.5226
15.5242
15.5259
15.5275
15.5292
15.5308
15.5325
15.5341
15.5358
15.5375
15.5391
15.5408
15.5424
15.5441
15.5458
15.5474
15.5491
15.5508
15.5524
15.5541
15.5558
15.5574
15.5591
15.5608
15.5625
15.5641
15.5658
15.5675
15.5692
15.5708
15.5725
15.5742
15.5759
15.5776
15.5792
15.5809
15.5826
15.5843
15.586
15.5877
15.5894
15.5911
15.5928
15.5945
15.5962
15.5979
15.5996
15.6013
15.603
15.6047
15.6064
15.6081
15.6098
15.6115
15.6132
15.6149
15.6166
15.6184
15.6201
15.6218
15.6235
15.6253
15.627
15.6287
15.6304
15.6322
15.6339
15.6357
15.6374
15.6391
15.6409
15.6426
15.6444
15.6461
15.6479
15.6496
15.6514
15.6532
15.6549
15.6567
15.6584
15.6602
15.662
15.6638
15.6655
15.6673
15.6691
15.6709
15.6727
15.6744
15.6762
15.678
15.6798
15.6816
15.6834
15.6852
15.687
15.6888
15.6906
15.6924
15.6942
15.696
15.6979
15.6997
15.7015
15.7033
15.7051
15.7069
15.7088
15.7106
15.7124
15.7143
15.7161
15.7179
15.7197
15.7216
15.7234
15.7253
15.7271
15.7289
15.7308
15.7326
15.7345
15.7363
15.7382
15.74
15.7419
15.7437
15.7456
15.7474
15.7493
15.7511
15.753
15.7548
15.7567
15.7586
15.7604
15.7623
15.7641
15.766
15.7678
15.7697
15.7716
15.7734
15.7753
15.7771
15.779
15.7809
15.7827
15.7846
15.7864
15.7883
15.7901
15.792
15.7939
15.7957
15.7976
15.7994
15.8013
15.8032
15.805
15.8069
15.8087
15.8106
15.8125
15.8143
15.8162
15.818
15.8199
15.8218
15.8236
15.8255
15.8273
15.8292
15.8311
15.8329
15.8348
15.8366
15.8385
15.8404
15.8422
15.8441
15.846
15.8478
15.8497
15.8515
15.8534
15.8553
15.8571
15.859
15.8609
15.8627
15.8646
15.8665
15.8683
15.8702
15.8721
15.8739
15.8758
15.8777
15.8795
15.8814
15.8833
15.8852
15.887
15.8889
15.8908
15.8927
15.8945
15.8964
15.8983
15.9002
15.9021
15.9039
15.9058
15.9077
15.9096
15.9115
15.9134
15.9153
15.9171
15.919
15.9209
15.9228
15.9247
15.9266
15.9285
15.9304
15.9323
15.9342
15.9361
15.938
15.9399
15.9418
15.9437
15.9456
15.9475
15.9494
15.9513
15.9532
15.9551
15.957
15.959
15.9609
15.9628
15.9647
15.9666
15.9685
15.9704
15.9723
15.9742
15.9761
15.978
15.9799
15.9818
15.9837
15.9855
15.9874
15.9893
15.9912
15.9931
15.995
15.9968
15.9987
16.0006
16.0025
16.0044
16.0062
16.0081
16.01
16.0119
16.0138
16.0157
16.0175
16.0194
16.0213
16.0232
16.0251
16.0269
16.0288
16.0307
16.0326
16.0345
16.0364
16.0382
16.0401
16.042
16.0439
16.0458
16.0476
16.0495
16.0514
16.0533
16.0552
16.0571
16.0589
16.0608
16.0627
16.0646
16.0665
16.0683
16.0702
16.0721
16.074
16.0759
16.0778
16.0796
16.0815
16.0834
16.0853
16.0872
16.0891
16.0909
16.0928
16.0947
16.0966
16.0985
16.1004
16.1022
16.1041
16.106
16.1079
16.1098
16.1117
16.1135
16.1154
16.1173
16.1192
16.121
16.1229
16.1248
16.1266
16.1285
16.1303
16.1321
16.134
16.1358
16.1376
16.1394
16.1412
16.143
16.1448
16.1466
16.1484
16.1502
16.152
16.1538
16.1556
16.1574
16.1592
16.161
16.1627
16.1645
16.1663
16.1681
16.1699
16.1717
16.1735
16.1753
16.177
16.1788
16.1806
16.1824
16.1842
16.1859
16.1877
16.1895
16.1913
16.193
16.1948
16.1966
16.1984
16.2001
16.2019
16.2037
16.2054
16.2072
16.2089
16.2107
16.2125
16.2142
16.216
16.2177
16.2195
16.2212
16.223
16.2247
16.2265
16.2282
16.23
16.2317
16.2335
16.2352
16.2369
16.2387
16.2404
16.2421
16.2438
16.2455
16.2472
16.2489
16.2506
16.2523
16.254
16.2557
16.2574
16.2591
16.2608
16.2625
16.2642
16.2659
16.2676
16.2693
16.271
16.2726
16.2743
16.276
16.2777
16.2794
16.2811
16.2828
16.2845
16.2862
16.2879
16.2896
16.2912
16.2929
16.2946
16.2963
16.298
16.2997
16.3014
16.3031
16.3048
16.3065
16.3082
16.3099
16.3116
16.3133
16.315
16.3167
16.3184
16.3201
16.3218
16.3235
16.3252
16.3269
16.3286
16.3303
16.332
16.3338
16.3355
16.3372
16.3389
16.3406
16.3423
16.344
16.3458
16.3475
16.3492
16.3509
16.3527
16.3544
16.3561
16.3578
16.3596
16.3613
16.363
16.3648
16.3665
16.3682
16.37
16.3717
16.3735
16.3752
16.3769
16.3787
16.3804
16.3822
16.3839
16.3857
16.3874
16.3892
16.3909
16.3927
16.3944
16.3962
16.398
16.3997
16.4015
16.4032
16.405
16.4068
16.4085
16.4103
16.4121
16.4138
16.4156
16.4174
16.4192
16.4209
16.4227
16.4245
16.4262
16.428
16.4298
16.4316
16.4334
16.4351
16.4369
16.4387
16.4405
16.4423
16.4441
16.4459
16.4476
16.4494
16.4512
16.453
16.4548
16.4566
16.4584
16.4602
16.462
16.4638
16.4656
16.4674
16.4692
16.4709
16.4727
16.4745
16.4763
16.4781
16.4799
16.4817
16.4835
16.4853
16.4871
16.4889
16.4907
16.4925
16.4943
16.4961
16.4979
16.4997
16.5015
16.5033
16.5051
16.5069
16.5087
16.5105
16.5123
16.5141
16.5159
16.5177
16.5195
16.5213
16.5231
16.5249
16.5267
16.5285
16.5303
16.5321
16.5339
16.5357
16.5375
16.5393
16.5411
16.5429
16.5447
16.5465
16.5482
16.55
16.5518
16.5536
16.5554
16.5572
16.559
16.5608
16.5626
16.5643
16.5661
16.5679
16.5697
16.5715
16.5733
16.575
16.5768
16.5786
16.5804
16.5821
16.5839
16.5857
16.5875
16.5892
16.591
16.5928
16.5946
16.5964
16.5981
16.5999
16.6017
16.6034
16.6052
16.607
16.6088
16.6105
16.6123
16.6141
16.6158
16.6176
16.6194
16.6212
16.6229
16.6247
16.6265
16.6282
16.63
16.6318
16.6335
16.6353
16.6371
16.6389
16.6406
16.6424
16.6442
16.6459
16.6477
16.6495
16.6513
16.653
16.6548
16.6566
16.6584
16.6601
16.6619
16.6637
16.6655
16.6673
16.6691
16.6708
16.6726
16.6744
16.6762
16.678
16.6798
16.6816
16.6834
16.6852
16.687
16.6888
16.6906
16.6924
16.6942
16.696
16.6978
16.6996
16.7014
16.7033
16.7051
16.7069
16.7087
16.7105
16.7123
16.7142
16.716
16.7178
16.7196
16.7215
16.7233
16.7251
16.727
16.7288
16.7306
16.7325
16.7343
16.7361
16.738
16.7398
16.7417
16.7435
16.7454
16.7472
16.7491
16.7509
16.7528
16.7546
16.7565
16.7583
16.7602
16.762
16.7639
16.7657
16.7676
16.7695
16.7713
16.7732
16.7751
16.7769
16.7788
16.7807
16.7825
16.7844
16.7863
16.7881
16.79
16.7919
16.7937
16.7956
16.7975
16.7994
16.8012
16.8031
16.805
16.8068
16.8087
16.8106
16.8125
16.8143
16.8162
16.8181
16.82
16.8218
16.8237
16.8256
16.8275
16.8293
16.8312
16.8331
16.835
16.8368
16.8387
16.8406
16.8425
16.8444
16.8462
16.8481
16.85
16.8519
16.8538
16.8557
16.8576
16.8595
16.8614
16.8633
16.8651
16.867
16.8689
16.8708
16.8727
16.8746
16.8766
16.8785
16.8804
16.8823
16.8842
16.8861
16.888
16.8899
16.8919
16.8938
16.8957
16.8976
16.8996
16.9015
16.9034
16.9054
16.9073
16.9092
16.9112
16.9131
16.9151
16.917
16.9189
16.9209
16.9228
16.9248
16.9268
16.9287
16.9307
16.9327
16.9346
16.9366
16.9386
16.9406
16.9425
16.9445
16.9465
16.9485
16.9505
16.9525
16.9545
16.9565
16.9585
16.9605
16.9625
16.9645
16.9666
16.9686
16.9706
16.9726
16.9747
16.9767
16.9787
16.9808
16.9828
16.9849
16.9869
16.989
16.991
16.9931
16.9951
16.9972
16.9993
17.0013
17.0034
17.0055
17.0076
17.0097
17.0117
17.0138
17.0159
17.018
17.0201
17.0222
17.0243
17.0265
17.0286
17.0307
17.0328
17.0349
17.0371
17.0392
17.0413
17.0435
17.0456
17.0478
17.0499
17.0521
17.0542
17.0564
17.0586
17.0607
17.0629
17.0651
17.0673
17.0694
17.0716
17.0738
17.076
17.0782
17.0804
17.0826
17.0848
17.087
17.0892
17.0914
17.0936
17.0958
17.098
17.1003
17.1025
17.1047
17.107
17.1092
17.1114
17.1137
17.1159
17.1182
17.1204
17.1227
17.1249
17.1272
17.1294
17.1317
17.134
17.1362
17.1385
17.1408
17.1431
17.1453
17.1476
17.1499
17.1522
17.1545
17.1568
17.1591
17.1614
17.1637
17.166
17.1683
17.1706
17.173
17.1753
17.1776
17.1799
17.1823
17.1846
17.1869
17.1893
17.1916
17.194
17.1963
17.1987
17.2011
17.2034
17.2058
17.2081
17.2105
17.2129
17.2153
17.2176
17.22
17.2224
17.2248
17.2272
17.2296
17.2319
17.2343
17.2367
17.2391
17.2415
17.2439
17.2463
17.2487
17.2511
17.2536
17.256
17.2584
17.2608
17.2632
17.2656
17.268
17.2705
17.2729
17.2753
17.2777
17.2802
17.2826
17.285
17.2875
17.2899
17.2923
17.2948
17.2972
17.2996
17.3021
17.3045
17.307
17.3094
17.3119
17.3143
17.3168
17.3192
17.3217
17.3241
17.3266
17.329
17.3315
17.3339
17.3364
17.3388
17.3412
17.3437
17.3461
17.3486
17.351
17.3535
17.3559
17.3583
17.3608
17.3632
17.3656
17.3681
17.3705
17.3729
17.3754
17.3778
17.3802
17.3827
17.3851
17.3875
17.3899
17.3924
17.3948
17.3972
17.3996
17.402
17.4045
17.4069
17.4093
17.4117
17.4141
17.4165
17.4189
17.4214
17.4238
17.4262
17.4286
17.431
17.4334
17.4358
17.4382
17.4406
17.4431
17.4455
17.4479
17.4503
17.4527
17.4551
17.4575
17.4599
17.4623
17.4647
17.4671
17.4695
17.4719
17.4743
17.4768
17.4792
17.4816
17.484
17.4864
17.4888
17.4912
17.4936
17.496
17.4984
17.5008
17.5032
17.5056
17.508
17.5104
17.5128
17.5152
17.5176
17.52
17.5224
17.5248
17.5272
17.5296
17.532
17.5344
17.5368
17.5392
17.5416
17.544
17.5464
17.5488
17.5512
17.5536
17.556
17.5584
17.5608
17.5632
17.5656
17.568
17.5704
17.5728
17.5752
17.5776
17.58
17.5824
17.5848
17.5872
17.5896
17.592
17.5944
17.5968
17.5992
17.6016
17.604
17.6064
17.6088
17.6112
17.6135
17.6159
17.6183
17.6207
17.6231
17.6255
17.6279
17.6303
17.6326
17.635
17.6374
17.6398
17.6422
17.6445
17.6469
17.6493
17.6517
17.6541
17.6565
17.6588
17.6612
17.6636
