distance
0
-1.08216e-07
-4.10136e-07
-7.64601e-07
-1.28871e-06
-1.94394e-06
-2.80363e-06
-3.82713e-06
-5.08728e-06
-6.54542e-06
-8.27056e-06
-1.02259e-05
-1.24749e-05
-1.49834e-05
-1.78089e-05
-2.09308e-05
-2.44041e-05
-2.82071e-05
-3.23847e-05
-3.69201e-05
-4.18495e-05
-4.71271e-05
-5.28469e-05
-5.90395e-05
-6.57704e-05
-7.3045e-05
-8.09133e-05
-8.93567e-05
-9.84367e-05
-0.00010817
-0.000118595
-0.000129704
-0.000141542
-0.000154074
-0.000167181
-0.000180734
-0.000194479
-0.000208614
-0.000222997
-0.000237387
-0.000252087
-0.000266893
-0.000281595
-0.000296363
-0.000311129
-0.000325741
-0.000340472
-0.000355118
-0.00036954
-0.000384003
-0.000398338
-0.000412405
-0.000426055
-0.000439616
-0.000452971
-0.000465859
-0.000478218
-0.000490363
-0.000502171
-0.000513447
-0.000524216
-0.000534823
-0.000545
-0.000554566
-0.000563394
-0.000571844
-0.000579715
-0.000586992
-0.000593366
-0.000598662
-0.000603116
-0.0006065
-0.000609176
-0.000610993
-0.000611712
-0.000611595
-0.000610368
-0.000608137
-0.000604571
-0.000599439
-0.000593132
-0.00058552
-0.000576346
-0.00056542
-0.000552521
-0.000538155
-0.000522148
-0.000504281
-0.000484349
-0.000462137
-0.000438141
-0.000412198
-0.000384089
-0.000353538
-0.000320377
-0.000285149
-0.000247619
-0.00020755
-0.000164675
-0.00011881
-7.00479e-05
-1.81361e-05
3.68299e-05
9.5036e-05
0.000156621
0.000221615
0.000290103
0.00036202
0.000437556
0.000516801
0.000599715
0.000686471
0.00077712
0.000871525
0.000969812
0.00107121
0.00117591
0.00128408
0.00139585
0.00151049
0.0016282
0.00174905
0.00187254
0.00199877
0.00212733
0.00225832
0.00239173
0.00252724
0.00266485
0.00280283
0.00294217
0.00308328
0.00322598
0.00336978
0.00351488
0.00366133
0.00380892
0.00395778
0.0041082
0.00425995
0.00441328
0.00456838
0.00472527
0.00488416
0.00504534
0.00520881
0.00537494
0.00554386
0.00571544
0.00588968
0.00606662
0.00624613
0.00642801
0.00661227
0.00679898
0.00698809
0.0071795
0.0073733
0.00756963
0.00776848
0.0079698
0.00817368
0.00838027
0.00858957
0.00880152
0.00901623
0.00923382
0.00945431
0.00967769
0.00990403
0.0101334
0.0103659
0.0106015
0.0108401
0.0110821
0.0113274
0.0115759
0.0118277
0.012083
0.0123417
0.0126039
0.0128697
0.0131391
0.013412
0.0136886
0.0139689
0.0142529
0.0145406
0.0148322
0.0151275
0.0154268
0.0157299
0.016037
0.016348
0.0166632
0.0169823
0.0173056
0.017633
0.0179645
0.0183002
0.0186399
0.0189838
0.0193318
0.019684
0.0200404
0.0204008
0.0207654
0.0211342
0.021507
0.021884
0.0222653
0.0226508
0.0230407
0.0234349
0.0238335
0.0242365
0.0246439
0.025056
0.0254727
0.025894
0.0263202
0.0267511
0.0271868
0.0276274
0.0280728
0.0285231
0.0289783
0.0294386
0.0299037
0.0303737
0.0308487
0.0313287
0.0318136
0.0323033
0.032798
0.0332975
0.0338019
0.0343111
0.034825
0.0353438
0.0358672
0.0363954
0.0369282
0.0374656
0.0380075
0.038554
0.039105
0.0396604
0.04022
0.040784
0.0413523
0.0419247
0.0425011
0.0430815
0.0436659
0.0442542
0.0448462
0.0454419
0.0460412
0.0466441
0.0472504
0.04786
0.048473
0.0490891
0.0497083
0.0503304
0.0509555
0.0515834
0.052214
0.0528473
0.0534829
0.054121
0.0547613
0.0554038
0.0560484
0.0566949
0.0573432
0.0579932
0.0586448
0.0592979
0.0599523
0.060608
0.0612648
0.0619228
0.0625818
0.0632419
0.0639029
0.0645647
0.0652274
0.065891
0.0665552
0.0672202
0.0678858
0.0685521
0.069219
0.0698865
0.0705545
0.0712231
0.0718922
0.0725617
0.0732318
0.0739024
0.0745734
0.0752448
0.0759167
0.0765891
0.0772618
0.077935
0.0786086
0.0792808
0.07995
0.0806152
0.0812761
0.0819326
0.0825851
0.0832343
0.0838805
0.0845245
0.0851666
0.0858073
0.0864473
0.0870869
0.0877264
0.0883663
0.0890067
0.0896479
0.09029
0.0909332
0.0915775
0.0922229
0.0928694
0.093517
0.0941656
0.0948154
0.0954663
0.0961184
0.0967715
0.0974257
0.098081
0.0987374
0.099395
0.100054
0.100713
0.101374
0.102036
0.102699
0.103363
0.104028
0.104695
0.105362
0.10603
0.1067
0.10737
0.108042
0.108715
0.109389
0.110064
0.11074
0.111417
0.112095
0.112774
0.113455
0.114136
0.114819
0.115503
0.116188
0.116874
0.117561
0.118249
0.118938
0.119629
0.120321
0.121013
0.121707
0.122403
0.123099
0.123796
0.124495
0.125195
0.125896
0.126598
0.127302
0.128007
0.128713
0.12942
0.130128
0.130838
0.131547
0.132257
0.132968
0.133681
0.134394
0.135109
0.135825
0.136543
0.137261
0.137981
0.138701
0.139423
0.140146
0.140871
0.141596
0.142323
0.143051
0.14378
0.14451
0.145242
0.145975
0.14671
0.147445
0.148183
0.148921
0.149661
0.150402
0.151145
0.151889
0.152634
0.153381
0.154129
0.154879
0.155629
0.156381
0.157134
0.157889
0.158645
0.159402
0.160161
0.160921
0.161683
0.162447
0.163211
0.163978
0.164744
0.165509
0.166276
0.167044
0.167814
0.168585
0.169357
0.17013
0.170905
0.171682
0.17246
0.17324
0.17402
0.174803
0.175587
0.176371
0.177158
0.177945
0.178733
0.179522
0.180311
0.181102
0.181893
0.182685
0.183478
0.184271
0.185064
0.185857
0.186651
0.187445
0.188239
0.189033
0.189827
0.190621
0.191414
0.192208
0.193001
0.193794
0.194586
0.195378
0.19617
0.196961
0.197752
0.198542
0.199331
0.20012
0.200908
0.201695
0.202482
0.203268
0.204054
0.204838
0.205622
0.206406
0.207188
0.20797
0.208751
0.209531
0.210311
0.21109
0.211869
0.212647
0.213424
0.214201
0.214977
0.215752
0.216527
0.217302
0.218076
0.21885
0.219624
0.220397
0.22117
0.221942
0.222715
0.223487
0.224259
0.22503
0.225802
0.226573
0.227345
0.228116
0.228888
0.229659
0.230431
0.231202
0.231974
0.232746
0.233518
0.23429
0.235063
0.235836
0.23661
0.237384
0.238158
0.238933
0.239709
0.240485
0.241262
0.242039
0.242818
0.243597
0.244377
0.245157
0.245939
0.246722
0.247506
0.248291
0.249077
0.249864
0.250652
0.251442
0.252233
0.253025
0.253819
0.254614
0.255411
0.256209
0.257008
0.257809
0.258612
0.259416
0.260222
0.26103
0.26184
0.262651
0.263464
0.264279
0.265097
0.265916
0.266737
0.26756
0.268386
0.269213
0.270043
0.270875
0.27171
0.272546
0.273386
0.274227
0.275071
0.275918
0.276767
0.277618
0.278472
0.279329
0.280188
0.28105
0.281915
0.282782
0.283652
0.284525
0.2854
0.286279
0.28716
0.288044
0.288931
0.28982
0.290713
0.291608
0.292507
0.293408
0.294313
0.29522
0.29613
0.297044
0.29796
0.298879
0.299802
0.300727
0.301656
0.302587
0.303522
0.30446
0.305401
0.306345
0.307291
0.308242
0.309195
0.310151
0.31111
0.312073
0.313038
0.314007
0.314979
0.315954
0.316932
0.317913
0.318898
0.319885
0.320876
0.32187
0.322867
0.323867
0.32487
0.325877
0.326887
0.327899
0.328915
0.329935
0.330957
0.331982
0.333011
0.334043
0.335077
0.336115
0.337156
0.338201
0.339248
0.340298
0.341351
0.342408
0.343467
0.344529
0.345595
0.346663
0.347734
0.348808
0.349885
0.350965
0.352047
0.353133
0.354221
0.355311
0.356404
0.3575
0.358599
0.3597
0.360803
0.361909
0.363017
0.364128
0.36524
0.366355
0.367472
0.368591
0.369712
0.370835
0.37196
0.373086
0.374215
0.375345
0.376476
0.377609
0.378743
0.379879
0.381016
0.382154
0.383293
0.384434
0.385576
0.386718
0.387862
0.389006
0.390152
0.391298
0.392445
0.393593
0.394742
0.395891
0.397041
0.398191
0.399342
0.400493
0.401645
0.402798
0.403951
0.405104
0.406256
0.407408
0.408561
0.409714
0.410863
0.412007
0.413145
0.414277
0.415403
0.416526
0.417646
0.418764
0.419881
0.420997
0.422114
0.42323
0.424347
0.425464
0.426582
0.427701
0.42882
0.429939
0.43106
0.432181
0.433302
0.434425
0.435548
0.436672
0.437796
0.438921
0.440047
0.441173
0.4423
0.443427
0.444555
0.445684
0.446814
0.447944
0.449075
0.450207
0.45134
0.452474
0.453609
0.454744
0.455879
0.457016
0.458153
0.459291
0.460429
0.461568
0.462708
0.463848
0.464989
0.46613
0.467272
0.468415
0.469558
0.470702
0.471847
0.472993
0.47414
0.475288
0.476435
0.477584
0.478734
0.479885
0.481036
0.482188
0.483341
0.484495
0.48565
0.486802
0.487952
0.489097
0.490239
0.491378
0.492515
0.493651
0.494786
0.495921
0.497057
0.498193
0.49933
0.500468
0.501607
0.502747
0.503889
0.505032
0.506176
0.507322
0.508468
0.509617
0.510766
0.511917
0.513069
0.514223
0.515379
0.516535
0.517694
0.518853
0.520014
0.521177
0.522341
0.523506
0.524673
0.525841
0.527011
0.528181
0.529354
0.530527
0.531702
0.532878
0.534055
0.535233
0.536413
0.537593
0.538775
0.539959
0.541143
0.542328
0.543515
0.544703
0.545892
0.547082
0.548273
0.549466
0.55066
0.551854
0.553051
0.554248
0.555446
0.556646
0.557846
0.559048
0.560251
0.561456
0.562661
0.563868
0.565076
0.566285
0.567495
0.568706
0.569919
0.571132
0.572347
0.573563
0.574781
0.575999
0.577219
0.57844
0.579662
0.580885
0.58211
0.583336
0.584563
0.585791
0.587021
0.588252
0.589484
0.590718
0.591951
0.593183
0.594413
0.595641
0.596868
0.598092
0.599314
0.600534
0.601753
0.602969
0.604184
0.605398
0.606611
0.607824
0.609037
0.610246
0.611452
0.612655
0.613855
0.61505
0.616242
0.617429
0.618613
0.619795
0.620975
0.622154
0.623333
0.624511
0.625689
0.626867
0.628045
0.629225
0.630404
0.631585
0.632766
0.633948
0.635131
0.636314
0.637497
0.638681
0.639864
0.641048
0.642231
0.643415
0.644597
0.645779
0.646961
0.648141
0.649321
0.650499
0.651675
0.652849
0.654021
0.655191
0.656358
0.657522
0.658683
0.659841
0.660996
0.662147
0.663294
0.664438
0.665579
0.666716
0.667849
0.668979
0.670106
0.671229
0.672349
0.673466
0.67458
0.67569
0.676798
0.677903
0.679005
0.680104
0.6812
0.682294
0.683386
0.684475
0.685562
0.686647
0.687729
0.688809
0.689888
0.690964
0.692038
0.69311
0.694181
0.69525
0.696316
0.697381
0.698445
0.699506
0.700566
0.701624
0.70268
0.703734
0.704787
0.705838
0.706888
0.707935
0.708982
0.710026
0.711069
0.71211
0.713149
0.714187
0.715224
0.716258
0.717292
0.718323
0.719353
0.720382
0.72141
0.722435
0.72346
0.724483
0.725505
0.726525
0.727544
0.728562
0.729578
0.730593
0.731607
0.73262
0.733631
0.734641
0.73565
0.736658
0.737664
0.738669
0.739674
0.740676
0.741678
0.742679
0.743678
0.744676
0.745674
0.74667
0.747665
0.748658
0.749651
0.750642
0.751633
0.752622
0.75361
0.754598
0.755584
0.756568
0.757552
0.758535
0.759517
0.760497
0.761477
0.762455
0.763432
0.764408
0.765383
0.766357
0.76733
0.768301
0.769272
0.770241
0.771209
0.772176
0.773141
0.774105
0.775068
0.77603
0.776991
0.77795
0.778908
0.779864
0.780819
0.781774
0.782726
0.783678
0.784628
0.785577
0.786525
0.787472
0.788417
0.789362
0.790305
0.791247
0.792187
0.793127
0.794066
0.795003
0.79594
0.796875
0.79781
0.798743
0.799676
0.800607
0.801538
0.802467
0.803396
0.804324
0.805251
0.806177
0.807102
0.808026
0.80895
0.809873
0.810795
0.811716
0.812637
0.813557
0.814476
0.815395
0.816313
0.81723
0.818147
0.819063
0.819979
0.820894
0.821808
0.822722
0.823636
0.824549
0.825462
0.826375
0.827287
0.828198
0.82911
0.830021
0.830932
0.831843
0.832753
0.833663
0.834573
0.835483
0.836393
0.837302
0.838212
0.839121
0.84003
0.84094
0.841849
0.842758
0.843667
0.844576
0.845486
0.846395
0.847304
0.848214
0.849123
0.850033
0.850943
0.851853
0.852763
0.853673
0.854584
0.855494
0.856405
0.857316
0.858228
0.859139
0.860051
0.860963
0.861876
0.862788
0.863702
0.864615
0.865529
0.866443
0.867357
0.868272
0.869187
0.870103
0.871019
0.871935
0.872852
0.873769
0.874687
0.875605
0.876523
0.877442
0.878362
0.879282
0.880202
0.881122
0.882044
0.882965
0.883887
0.88481
0.885733
0.886656
0.88758
0.888505
0.88943
0.890355
0.89128
0.892205
0.89313
0.894054
0.894978
0.895901
0.896824
0.897746
0.898667
0.899588
0.900508
0.901428
0.902348
0.903268
0.904187
0.905107
0.906026
0.906946
0.907865
0.908786
0.909706
0.910627
0.911548
0.91247
0.913393
0.914316
0.915239
0.916164
0.917089
0.918015
0.918941
0.919869
0.920797
0.921726
0.922656
0.923587
0.924519
0.925452
0.926385
0.92732
0.928255
0.929192
0.93013
0.931068
0.932008
0.932949
0.93389
0.934833
0.935777
0.936722
0.937668
0.938615
0.939563
0.940512
0.941463
0.942414
0.943367
0.944321
0.945276
0.946232
0.947189
0.948147
0.949107
0.950067
0.951029
0.951992
0.952956
0.953921
0.954887
0.955854
0.956822
0.957791
0.958762
0.959733
0.960705
0.961679
0.962653
0.963628
0.964605
0.965582
0.966561
0.96754
0.96852
0.969501
0.970484
0.971467
0.972451
0.973436
0.974422
0.975408
0.976396
0.977384
0.978374
0.979364
0.980355
0.981347
0.98234
0.983333
0.984328
0.985323
0.986319
0.987316
0.988314
0.989313
0.990312
0.991312
0.992313
0.993315
0.994318
0.995319
0.996316
0.997306
0.99829
0.999269
1.00024
1.00122
1.00219
1.00316
1.00414
1.00511
1.00608
1.00706
1.00803
1.00901
1.00999
1.01097
1.01195
1.01293
1.01391
1.01489
1.01588
1.01686
1.01784
1.01883
1.01982
1.0208
1.02179
1.02278
1.02377
1.02476
1.02575
1.02674
1.02773
1.02873
1.02972
1.03072
1.03171
1.03271
1.0337
1.0347
1.0357
1.0367
1.0377
1.0387
1.0397
1.0407
1.0417
1.04271
1.04371
1.04471
1.04572
1.04672
1.04773
1.04873
1.04974
1.05075
1.05176
1.05277
1.05378
1.05479
1.0558
1.05681
1.05783
1.05884
1.05985
1.06087
1.06189
1.0629
1.06392
1.06494
1.06596
1.06698
1.068
1.06903
1.07005
1.07108
1.0721
1.07313
1.07416
1.07518
1.07621
1.07725
1.07828
1.07931
1.08034
1.08138
1.08242
1.08345
1.08449
1.08553
1.08657
1.08761
1.08866
1.0897
1.09075
1.0918
1.09284
1.09389
1.09494
1.096
1.09705
1.09811
1.09916
1.10022
1.10128
1.10234
1.1034
1.10446
1.10553
1.10659
1.10766
1.10873
1.1098
1.11087
1.11194
1.11302
1.11409
1.11517
1.11625
1.11733
1.11841
1.11949
1.12057
1.12166
1.12275
1.12383
1.12492
1.12602
1.12711
1.1282
1.1293
1.1304
1.13149
1.13259
1.1337
1.1348
1.1359
1.13701
1.13812
1.13922
1.14033
1.14145
1.14256
1.14367
1.14479
1.14591
1.14703
1.14815
1.14927
1.15039
1.15152
1.15264
1.15377
1.1549
1.15603
1.15716
1.1583
1.15943
1.16057
1.16171
1.16285
1.16399
1.16513
1.16628
1.16742
1.16857
1.16972
1.17087
1.17202
1.17318
1.17433
1.17549
1.17665
1.17781
1.17897
1.18013
1.18129
1.18246
1.18363
1.18479
1.18596
1.18714
1.18831
1.18948
1.19066
1.19184
1.19302
1.1942
1.19538
1.19656
1.19775
1.19893
1.20012
1.20131
1.2025
1.20369
1.20488
1.20608
1.20727
1.20847
1.20967
1.21087
1.21207
1.21327
1.21448
1.21568
1.21689
1.2181
1.21931
1.22052
1.22173
1.22295
1.22416
1.22538
1.2266
1.22782
1.22904
1.23026
1.23148
1.23271
1.23393
1.23516
1.23639
1.23762
1.23885
1.24009
1.24132
1.24256
1.24379
1.24503
1.24627
1.24751
1.24875
1.24999
1.25122
1.25246
1.2537
1.25494
1.25618
1.25741
1.25865
1.25989
1.26112
1.26236
1.2636
1.26483
1.26607
1.26731
1.26854
1.26978
1.27102
1.27225
1.27349
1.27473
1.27596
1.2772
1.27843
1.27966
1.2809
1.28213
1.28336
1.28459
1.28582
1.28705
1.28829
1.28952
1.29075
1.29198
1.29321
1.29443
1.29566
1.29689
1.29812
1.29935
1.30057
1.3018
1.30302
1.30425
1.30547
1.30669
1.30791
1.30913
1.31035
1.31157
1.31279
1.314
1.31521
1.31642
1.31763
1.31884
1.32005
1.32125
1.32246
1.32366
1.32486
1.32605
1.32725
1.32844
1.32963
1.33082
1.33201
1.33319
1.33438
1.33556
1.33674
1.33791
1.33909
1.34026
1.34143
1.3426
1.34376
1.34493
1.34609
1.34725
1.34841
1.34957
1.35072
1.35188
1.35303
1.35418
1.35533
1.35647
1.35762
1.35876
1.35991
1.36105
1.36219
1.36332
1.36446
1.3656
1.36673
1.36786
1.36899
1.37012
1.37125
1.37238
1.37351
1.37463
1.37575
1.37688
1.378
1.37912
1.38023
1.38135
1.38247
1.38358
1.38469
1.3858
1.38691
1.38802
1.38912
1.39022
1.39132
1.39242
1.39352
1.39462
1.39571
1.39681
1.3979
1.39899
1.40008
1.40116
1.40225
1.40333
1.40442
1.4055
1.40658
1.40766
1.40874
1.40981
1.41089
1.41196
1.41304
1.41411
1.41519
1.41626
1.41733
1.4184
1.41947
1.42054
1.42162
1.42269
1.42375
1.42482
1.42589
1.42696
1.42803
1.4291
1.43017
1.43124
1.43231
1.43338
1.43445
1.43552
1.43659
1.43766
1.43873
1.4398
1.44087
1.44194
1.44301
1.44408
1.44515
1.44622
1.4473
1.44837
1.44944
1.45052
1.45159
1.45267
1.45374
1.45482
1.45589
1.45697
1.45805
1.45912
1.4602
1.46128
1.46236
1.46344
1.46452
1.4656
1.46668
1.46776
1.46884
1.46993
1.47101
1.4721
1.47318
1.47427
1.47535
1.47644
1.47753
1.47861
1.4797
1.48079
1.48188
1.48297
1.48407
1.48516
1.48625
1.48734
1.48844
1.48953
1.49063
1.49173
1.49282
1.49392
1.49502
1.49612
1.49722
1.49832
1.49942
1.50053
1.50163
1.50273
1.50384
1.50494
1.50605
1.50716
1.50827
1.50938
1.51048
1.5116
1.51271
1.51382
1.51493
1.51604
1.51716
1.51827
1.51939
1.5205
1.52162
1.52274
1.52386
1.52498
1.5261
1.52722
1.52834
1.52946
1.53058
1.53171
1.53283
1.53395
1.53508
1.53621
1.53733
1.53846
1.53959
1.54072
1.54185
1.54298
1.54411
1.54524
1.54637
1.54751
1.54864
1.54977
1.55091
1.55204
1.55318
1.55432
1.55546
1.5566
1.55774
1.55888
1.56002
1.56116
1.5623
1.56345
1.56459
1.56574
1.56688
1.56803
1.56918
1.57033
1.57148
1.57263
1.57378
1.57493
1.57609
1.57724
1.5784
1.57955
1.58071
1.58187
1.58303
1.58419
1.58535
1.58652
1.58768
1.58885
1.59001
1.59118
1.59235
1.59352
1.59469
1.59586
1.59703
1.59821
1.59938
1.60056
1.60174
1.60292
1.6041
1.60528
1.60646
1.60765
1.60883
1.61002
1.61121
1.6124
1.61359
1.61478
1.61598
1.61717
1.61837
1.61957
1.62077
1.62197
1.62317
1.62437
1.62558
1.62679
1.62799
1.62921
1.63042
1.63163
1.63284
1.63406
1.63528
1.6365
1.63772
1.63894
1.64017
1.64139
1.64262
1.64385
1.64508
1.64631
1.64754
1.64878
1.65002
1.65126
1.6525
1.65374
1.65498
1.65623
1.65747
1.65872
1.65997
1.66122
1.66248
1.66373
1.66499
1.66624
1.6675
1.66876
1.67003
1.67129
1.67256
1.67382
1.67509
1.67636
1.67763
1.67891
1.68018
1.68146
1.68274
1.68401
1.68528
1.68655
1.68781
1.68907
1.69032
1.69157
1.69282
1.69407
1.69533
1.69658
1.69784
1.69909
1.70035
1.70162
1.70288
1.70414
1.70541
1.70668
1.70795
1.70922
1.71049
1.71177
1.71304
1.71432
1.7156
1.71688
1.71817
1.71945
1.72074
1.72202
1.72331
1.7246
1.72589
1.72719
1.72848
1.72978
1.73108
1.73238
1.73368
1.73498
1.73628
1.73759
1.73889
1.7402
1.74151
1.74282
1.74413
1.74545
1.74676
1.74808
1.7494
1.75072
1.75204
1.75336
1.75468
1.75601
1.75734
1.75867
1.75999
1.76132
1.76266
1.76399
1.76532
1.76666
1.76799
1.76933
1.77067
1.77201
1.77335
1.7747
1.77605
1.77739
1.77874
1.7801
1.78145
1.78281
1.78417
1.78553
1.78689
1.78825
1.78962
1.79098
1.79235
1.79372
1.79508
1.79645
1.79782
1.79918
1.80055
1.80192
1.80329
1.80466
1.80603
1.80741
1.80878
1.81016
1.81153
1.81291
1.81429
1.81567
1.81705
1.81844
1.81982
1.82121
1.8226
1.82398
1.82537
1.82676
1.82816
1.82955
1.83094
1.83234
1.83373
1.83513
1.83653
1.83792
1.83932
1.84072
1.84212
1.84352
1.84492
1.84632
1.84772
1.84912
1.85052
1.85192
1.85332
1.85472
1.85611
1.85751
1.8589
1.8603
1.86169
1.86308
1.86447
1.86586
1.86725
1.86863
1.87002
1.8714
1.87278
1.87417
1.87555
1.87693
1.8783
1.87968
1.88106
1.88243
1.8838
1.88517
1.88655
1.88792
1.88928
1.89065
1.89202
1.89338
1.89475
1.89611
1.89747
1.89883
1.90019
1.90155
1.90291
1.90426
1.90562
1.90697
1.90833
1.90968
1.91103
1.91237
1.91372
1.91507
1.91641
1.91775
1.91909
1.92043
1.92177
1.9231
1.92444
1.92577
1.9271
1.92843
1.92976
1.93109
1.93241
1.93373
1.93505
1.93637
1.93769
1.93901
1.94032
1.94164
1.94295
1.94426
1.94557
1.94687
1.94818
1.94948
1.95079
1.95209
1.95339
1.95469
1.95598
1.95728
1.95857
1.95986
1.96115
1.96244
1.96373
1.96502
1.96631
1.96759
1.96887
1.97015
1.97143
1.97271
1.97399
1.97527
1.97654
1.97781
1.97909
1.98036
1.98163
1.9829
1.98416
1.98543
1.98669
1.98796
1.98922
1.99048
1.99174
1.993
1.99426
1.99552
1.99677
1.99803
1.99928
2.00054
2.00179
2.00304
2.00429
2.00554
2.00679
2.00804
2.00929
2.01054
2.01178
2.01303
2.01428
2.01552
2.01677
2.01801
2.01926
2.0205
2.02175
2.02299
2.02424
2.02548
2.02673
2.02797
2.02921
2.03046
2.0317
2.03295
2.03419
2.03544
2.03668
2.03792
2.03917
2.04041
2.04166
2.04291
2.04415
2.0454
2.04664
2.04789
2.04914
2.05039
2.05163
2.05288
2.05413
2.05538
2.05663
2.05788
2.05913
2.06038
2.06163
2.06288
2.06414
2.06539
2.06664
2.0679
2.06915
2.07041
2.07166
2.07292
2.07418
2.07543
2.07669
2.07795
2.07921
2.08047
2.08173
2.08299
2.08425
2.08552
2.08678
2.08804
2.0893
2.09056
2.09182
2.09309
2.09435
2.09561
2.09687
2.09813
2.09939
2.10065
2.10191
2.10318
2.10444
2.1057
2.10696
2.10822
2.10949
2.11075
2.11202
2.11328
2.11455
2.11581
2.11708
2.11834
2.11961
2.12088
2.12215
2.12342
2.12469
2.12596
2.12724
2.12851
2.12978
2.13106
2.13233
2.13361
2.13489
2.13617
2.13744
2.13872
2.14
2.14129
2.14257
2.14385
2.14514
2.14642
2.14771
2.149
2.15028
2.15157
2.15286
2.15416
2.15545
2.15674
2.15804
2.15933
2.16063
2.16192
2.16322
2.16452
2.16582
2.16712
2.16843
2.16973
2.17104
2.17234
2.17365
2.17496
2.17627
2.17758
2.17889
2.1802
2.18151
2.18283
2.18415
2.18546
2.18678
2.1881
2.18942
2.19074
2.19207
2.19339
2.19472
2.19605
2.19737
2.1987
2.20004
2.20137
2.2027
2.20404
2.20537
2.20671
2.20805
2.20939
2.21073
2.21208
2.21342
2.21477
2.21612
2.21747
2.21882
2.22017
2.22152
2.22288
2.22423
2.22559
2.22695
2.22831
2.22968
2.23104
2.23241
2.23377
2.23514
2.23651
2.23788
2.23926
2.24063
2.24201
2.24338
2.24476
2.24614
2.24752
2.24891
2.25029
2.25168
2.25307
2.25446
2.25585
2.25724
2.25863
2.26003
2.26143
2.26283
2.26423
2.26563
2.26703
2.26843
2.26984
2.27125
2.27265
2.27406
2.27547
2.27687
2.27827
2.27966
2.28105
2.28244
2.28382
2.28521
2.28659
2.28798
2.28936
2.29075
2.29214
2.29353
2.29493
2.29632
2.29772
2.29912
2.30052
2.30192
2.30333
2.30473
2.30614
2.30755
2.30896
2.31037
2.31179
2.3132
2.31462
2.31604
2.31746
2.31888
2.3203
2.32172
2.32315
2.32458
2.32601
2.32744
2.32887
2.3303
2.33173
2.33317
2.33461
2.33605
2.33749
2.33893
2.34037
2.34182
2.34326
2.34471
2.34616
2.34761
2.34906
2.35052
2.35197
2.35343
2.35489
2.35635
2.35781
2.35927
2.36074
2.3622
2.36367
2.36514
2.36661
2.36809
2.36956
2.37104
2.37252
2.374
2.37548
2.37697
2.37846
2.37994
2.38143
2.38293
2.38442
2.38592
2.38741
2.38891
2.39041
2.39192
2.39342
2.39493
2.39644
2.39795
2.39946
2.40098
2.40249
2.40401
2.40552
2.40704
2.40856
2.41008
2.4116
2.41312
2.41464
2.41616
2.41768
2.4192
2.42072
2.42225
2.42377
2.4253
2.42683
2.42836
2.42989
2.43142
2.43295
2.43448
2.43601
2.43754
2.43907
2.44059
2.44212
2.44364
2.44516
2.44668
2.4482
2.44972
2.45124
2.45276
2.45428
2.45579
2.45731
2.45883
2.46035
2.46187
2.46339
2.46491
2.46643
2.46795
2.46947
2.47099
2.47251
2.47403
2.47555
2.47707
2.47859
2.48011
2.48163
2.48315
2.48467
2.48619
2.48771
2.48922
2.49074
2.49225
2.49376
2.49527
2.49678
2.49828
2.49978
2.50128
2.50278
2.50427
2.50576
2.50725
2.50874
2.51022
2.5117
2.51318
2.51466
2.51613
2.5176
2.51906
2.52053
2.52199
2.52345
2.52491
2.52636
2.52781
2.52926
2.53071
2.53216
2.5336
2.53504
2.53649
2.53792
2.53936
2.5408
2.54223
2.54366
2.5451
2.54653
2.54795
2.54938
2.55081
2.55223
2.55365
2.55507
2.55649
2.55791
2.55933
2.56074
2.56216
2.56357
2.56498
2.56639
2.5678
2.5692
2.57061
2.57201
2.57341
2.57481
2.57621
2.5776
2.579
2.58039
2.58178
2.58317
2.58456
2.58595
2.58733
2.58872
2.5901
2.59148
2.59286
2.59424
2.59562
2.59699
2.59837
2.59974
2.60111
2.60248
2.60385
2.60522
2.60658
2.60795
2.60931
2.61067
2.61204
2.6134
2.61476
2.61611
2.61747
2.61883
2.62018
2.62154
2.62289
2.62424
2.6256
2.62695
2.6283
2.62965
2.631
2.63234
2.63369
2.63504
2.63638
2.63773
2.63908
2.64042
2.64176
2.64311
2.64445
2.64579
2.64714
2.64848
2.64982
2.65116
2.65251
2.65385
2.65519
2.65653
2.65787
2.65922
2.66056
2.6619
2.66324
2.66458
2.66592
2.66727
2.66861
2.66995
2.67129
2.67263
2.67398
2.67532
2.67666
2.67801
2.67935
2.68069
2.68204
2.68338
2.68473
2.68607
2.68742
2.68876
2.69011
2.69146
2.69281
2.69415
2.6955
2.69685
2.6982
2.69955
2.7009
2.70225
2.7036
2.70495
2.7063
2.70766
2.70901
2.71036
2.71172
2.71307
2.71443
2.71578
2.71714
2.71849
2.71985
2.72121
2.72257
2.72393
2.72529
2.72665
2.72801
2.72937
2.73073
2.73209
2.73345
2.73482
2.73618
2.73754
2.73891
2.74027
2.74164
2.74301
2.74437
2.74574
2.74711
2.74848
2.74985
2.75122
2.75259
2.75396
2.75533
2.7567
2.75808
2.75945
2.76082
2.7622
2.76357
2.76495
2.76633
2.7677
2.76908
2.77045
2.77183
2.7732
2.77458
2.77595
2.77732
2.7787
2.78007
2.78144
2.78281
2.78418
2.78555
2.78692
2.78829
2.78967
2.79104
2.79241
2.79378
2.79515
2.79653
2.7979
2.79927
2.80065
2.80202
2.8034
2.80478
2.80615
2.80753
2.80891
2.81029
2.81167
2.81305
2.81444
2.81582
2.8172
2.81859
2.81998
2.82136
2.82275
2.82414
2.82553
2.82692
2.82831
2.8297
2.8311
2.83249
2.83389
2.83528
2.83668
2.83808
2.83948
2.84088
2.84228
2.84368
2.84508
2.84648
2.84789
2.84929
2.8507
2.85211
2.85352
2.85492
2.85634
2.85775
2.85916
2.86057
2.86199
2.86341
2.86482
2.86624
2.86766
2.86908
2.8705
2.87193
2.87335
2.87478
2.87621
2.87763
2.87906
2.88049
2.88193
2.88336
2.8848
2.88623
2.88767
2.88911
2.89055
2.89199
2.89344
2.89488
2.89633
2.89777
2.89922
2.90067
2.90212
2.90358
2.90503
2.90649
2.90795
2.9094
2.91087
2.91233
2.91379
2.91525
2.91672
2.91819
2.91966
2.92113
2.9226
2.92407
2.92555
2.92702
2.9285
2.92998
2.93146
2.93294
2.93442
2.93591
2.93739
2.93886
2.94033
2.9418
2.94326
2.94472
2.94618
2.94764
2.9491
2.95056
2.95202
2.95348
2.95495
2.95641
2.95788
2.95935
2.96082
2.9623
2.96377
2.96525
2.96673
2.96821
2.96969
2.97117
2.97266
2.97415
2.97564
2.97713
2.97862
2.98011
2.98161
2.9831
2.9846
2.9861
2.9876
2.9891
2.99061
2.99211
2.99362
2.99513
2.99664
2.99815
2.99966
3.00118
3.00269
3.00421
3.00573
3.00725
3.00877
3.0103
3.01182
3.01335
3.01488
3.01641
3.01794
3.01947
3.02101
3.02255
3.02408
3.02562
3.02717
3.02871
3.03026
3.0318
3.03335
3.0349
3.03646
3.03801
3.03957
3.04113
3.04269
3.04425
3.04582
3.04738
3.04895
3.05052
3.0521
3.05367
3.05525
3.05683
3.05841
3.05999
3.06157
3.06315
3.06473
3.06631
3.06789
3.06948
3.07106
3.07264
3.07423
3.07582
3.07741
3.079
3.08059
3.08218
3.08378
3.08538
3.08698
3.08857
3.09017
3.09177
3.09337
3.09497
3.09656
3.09816
3.09975
3.10135
3.10294
3.10452
3.10611
3.1077
3.10929
3.11088
3.11246
3.11405
3.11564
3.11722
3.11881
3.1204
3.12198
3.12357
3.12516
3.12675
3.12834
3.12993
3.13152
3.13311
3.1347
3.13629
3.13788
3.13948
3.14107
3.14266
3.14425
3.14584
3.14743
3.14902
3.1506
3.15219
3.15377
3.15535
3.15693
3.15851
3.16008
3.16165
3.16322
3.16479
3.16635
3.16791
3.16947
3.17102
3.17258
3.17413
3.17567
3.17722
3.17876
3.1803
3.18183
3.18336
3.18489
3.18642
3.18795
3.18947
3.19099
3.19251
3.19403
3.19555
3.19706
3.19857
3.20008
3.20159
3.2031
3.20461
3.20611
3.20762
3.20912
3.21062
3.21212
3.21362
3.21511
3.21661
3.2181
3.21959
3.22108
3.22257
3.22406
3.22555
3.22703
3.22852
3.23
3.23148
3.23296
3.23443
3.23591
3.23738
3.23886
3.24033
3.2418
3.24326
3.24473
3.2462
3.24766
3.24912
3.25058
3.25204
3.2535
3.25495
3.25641
3.25786
3.25931
3.26076
3.26221
3.26366
3.2651
3.26655
3.26799
3.26944
3.27088
3.27232
3.27376
3.2752
3.27663
3.27807
3.2795
3.28094
3.28237
3.2838
3.28523
3.28666
3.28809
3.28951
3.29094
3.29237
3.29379
3.29521
3.29664
3.29806
3.29948
3.3009
3.30232
3.30374
3.30516
3.30657
3.30799
3.30941
3.31082
3.31224
3.31365
3.31507
3.31648
3.3179
3.31931
3.32072
3.32214
3.32355
3.32496
3.32638
3.32779
3.3292
3.33061
3.33202
3.33344
3.33485
3.33626
3.33767
3.33908
3.3405
3.34191
3.34332
3.34473
3.34615
3.34756
3.34897
3.35039
3.3518
3.35321
3.35463
3.35604
3.35746
3.35887
3.36029
3.3617
3.36312
3.36453
3.36595
3.36737
3.36878
3.3702
3.37162
3.37304
3.37446
3.37588
3.3773
3.37872
3.38014
3.38156
3.38298
3.3844
3.38583
3.38725
3.38867
3.3901
3.39152
3.39295
3.39437
3.3958
3.39723
3.39865
3.40008
3.40151
3.40294
3.40437
3.4058
3.40723
3.40866
3.41009
3.41152
3.41295
3.41438
3.41582
3.41725
3.41869
3.42012
3.42156
3.42299
3.42443
3.42587
3.4273
3.42874
3.43018
3.43162
3.43306
3.4345
3.43594
3.43738
3.43882
3.44027
3.44171
3.44315
3.44459
3.44603
3.44746
3.4489
3.45034
3.45177
3.4532
3.45464
3.45607
3.4575
3.45893
3.46036
3.46179
3.46322
3.46466
3.46609
3.46752
3.46895
3.47039
3.47182
3.47325
3.47469
3.47612
3.47756
3.479
3.48043
3.48187
3.48331
3.48475
3.48619
3.48763
3.48908
3.49052
3.49196
3.49341
3.49485
3.4963
3.49775
3.4992
3.50064
3.50209
3.50355
3.505
3.50645
3.5079
3.50936
3.51081
3.51227
3.51372
3.51518
3.51664
3.5181
3.51956
3.52102
3.52248
3.52394
3.52541
3.52687
3.52834
3.52981
3.53127
3.53274
3.53421
3.53568
3.53716
3.53863
3.5401
3.54158
3.54306
3.54453
3.54601
3.54749
3.54897
3.55046
3.55194
3.55342
3.55491
3.5564
3.55789
3.55938
3.56087
3.56236
3.56385
3.56535
3.56685
3.56834
3.56984
3.57134
3.57284
3.57435
3.57585
3.57736
3.57886
3.58037
3.58188
3.58339
3.58491
3.58642
3.58794
3.58945
3.59097
3.59249
3.59401
3.59553
3.59705
3.59858
3.60011
3.60163
3.60316
3.60469
3.60622
3.60776
3.60929
3.61083
3.61236
3.6139
3.61544
3.61697
3.6185
3.62003
3.62155
3.62306
3.62457
3.62609
3.6276
3.62911
3.63063
3.63215
3.63366
3.63518
3.6367
3.63823
3.63975
3.64128
3.64281
3.64433
3.64587
3.6474
3.64893
3.65047
3.65201
3.65355
3.65509
3.65663
3.65818
3.65973
3.66128
3.66283
3.66438
3.66594
3.6675
3.66906
3.67062
3.67218
3.67375
3.67531
3.67688
3.67845
3.68002
3.68159
3.68317
3.68475
3.68632
3.6879
3.68948
3.69107
3.69265
3.69424
3.69583
3.69742
3.69901
3.7006
3.70219
3.70379
3.70539
3.70699
3.70859
3.7102
3.7118
3.71341
3.71502
3.71663
3.71825
3.71986
3.72148
3.7231
3.72472
3.72635
3.72797
3.7296
3.73123
3.73286
3.7345
3.73613
3.73777
3.73941
3.74105
3.7427
3.74434
3.74599
3.74763
3.74928
3.75093
3.75257
3.75422
3.75587
3.75752
3.75917
3.76082
3.76247
3.76412
3.76578
3.76743
3.76909
3.77075
3.77241
3.77407
3.77573
3.77739
3.77905
3.78071
3.78236
3.78402
3.78567
3.78731
3.78896
3.7906
3.79224
3.79388
3.79552
3.79716
3.7988
3.80044
3.80208
3.80372
3.80536
3.807
3.80864
3.81027
3.81192
3.81356
3.8152
3.81684
3.81848
3.82013
3.82177
3.82341
3.82506
3.8267
3.82835
3.82999
3.83163
3.83328
3.83492
3.83657
3.83821
3.83984
3.84148
3.84312
3.84475
3.84638
3.848
3.84962
3.85124
3.85286
3.85447
3.85608
3.85769
3.8593
3.8609
3.86249
3.86408
3.86567
3.86726
3.86884
3.87042
3.872
3.87358
3.87515
3.87672
3.87828
3.87985
3.88141
3.88297
3.88452
3.88608
3.88763
3.88918
3.89073
3.89228
3.89383
3.89537
3.89691
3.89845
3.89999
3.90153
3.90307
3.9046
3.90613
3.90766
3.90919
3.91072
3.91225
3.91377
3.91529
3.91681
3.91833
3.91985
3.92136
3.92287
3.92439
3.92589
3.9274
3.92891
3.93041
3.93191
3.93341
3.93491
3.9364
3.9379
3.93939
3.94088
3.94237
3.94385
3.94534
3.94682
3.9483
3.94978
3.95126
3.95274
3.95421
3.95569
3.95716
3.95863
3.9601
3.96157
3.96304
3.9645
3.96597
3.96743
3.96889
3.97035
3.97181
3.97327
3.97473
3.97618
3.97764
3.97909
3.98055
3.982
3.98345
3.9849
3.98635
3.9878
3.98924
3.99069
3.99214
3.99359
3.99503
3.99648
3.99792
3.99936
4.00081
4.00225
4.0037
4.00514
4.00658
4.00802
4.00947
4.01091
4.01235
4.01379
4.01523
4.01666
4.0181
4.01953
4.02095
4.02238
4.0238
4.02522
4.02664
4.02805
4.02946
4.03087
4.03228
4.03369
4.0351
4.0365
4.03791
4.03931
4.04072
4.04212
4.04352
4.04493
4.04633
4.04773
4.04913
4.05053
4.05194
4.05334
4.05474
4.05614
4.05754
4.05895
4.06035
4.06175
4.06315
4.06455
4.06596
4.06736
4.06876
4.07017
4.07157
4.07297
4.07438
4.07578
4.07718
4.07859
4.07999
4.0814
4.0828
4.08421
4.08561
4.08702
4.08843
4.08983
4.09124
4.09265
4.09406
4.09546
4.09687
4.09828
4.09969
4.1011
4.10251
4.10392
4.10533
4.10674
4.10816
4.10957
4.11098
4.11239
4.11381
4.11522
4.11664
4.11805
4.11947
4.12089
4.1223
4.12372
4.12514
4.12656
4.12798
4.1294
4.13082
4.13224
4.13366
4.13508
4.1365
4.13793
4.13935
4.14078
4.1422
4.14363
4.14505
4.14648
4.14791
4.14934
4.15077
4.1522
4.15363
4.15506
4.1565
4.15793
4.15936
4.1608
4.16223
4.16367
4.16511
4.16655
4.16799
4.16943
4.17087
4.17231
4.17375
4.1752
4.17664
4.17809
4.17953
4.18098
4.18243
4.18388
4.18533
4.18678
4.18823
4.18968
4.19113
4.19259
4.19404
4.1955
4.19696
4.19841
4.19987
4.20133
4.20279
4.20425
4.20572
4.20718
4.20864
4.21011
4.21157
4.21304
4.21451
4.21597
4.21744
4.21891
4.22038
4.22185
4.22333
4.2248
4.22627
4.22775
4.22922
4.2307
4.23218
4.23365
4.23513
4.23661
4.23809
4.23957
4.24105
4.24253
4.24402
4.2455
4.24699
4.24847
4.24996
4.25144
4.25293
4.25442
4.25591
4.25739
4.25888
4.26037
4.26186
4.26336
4.26485
4.26634
4.26784
4.26933
4.27082
4.27232
4.27382
4.27531
4.27681
4.27831
4.27981
4.28131
4.28281
4.28431
4.28581
4.28731
4.28881
4.29031
4.29182
4.29332
4.29483
4.29633
4.29784
4.29935
4.30085
4.30236
4.30387
4.30538
4.30689
4.3084
4.30991
4.31142
4.31293
4.31445
4.31596
4.31748
4.31899
4.32051
4.32202
4.32354
4.32506
4.32657
4.32809
4.3296
4.33111
4.33261
4.33412
4.33563
4.33713
4.33864
4.34015
4.34166
4.34317
4.34468
4.34619
4.34771
4.34922
4.35074
4.35226
4.35377
4.35529
4.35682
4.35834
4.35986
4.36139
4.36292
4.36445
4.36598
4.36751
4.36904
4.37058
4.37211
4.37365
4.37519
4.37673
4.37828
4.37982
4.38137
4.38291
4.38446
4.38601
4.38757
4.38912
4.39068
4.39223
4.39379
4.39535
4.39691
4.39848
4.40004
4.40161
4.40318
4.40475
4.40632
4.4079
4.40947
4.41105
4.41263
4.41421
4.41579
4.41738
4.41896
4.42055
4.42214
4.42373
4.42533
4.42692
4.42852
4.43012
4.43172
4.43332
4.43492
4.43653
4.43814
4.43975
4.44136
4.44297
4.44459
4.4462
4.44782
4.44944
4.45107
4.45269
4.45432
4.45595
4.45758
4.45921
4.46084
4.46248
4.46412
4.46576
4.4674
4.46904
4.47069
4.47234
4.47398
4.47563
4.47728
4.47893
4.48057
4.48222
4.48387
4.48552
4.48716
4.48879
4.49042
4.49205
4.49367
4.49528
4.4969
4.49851
4.50012
4.50172
4.50333
4.50493
4.50653
4.50813
4.50973
4.51133
4.51293
4.51453
4.51613
4.51773
4.51934
4.52094
4.52255
4.52415
4.52576
4.52737
4.52897
4.53058
4.53219
4.5338
4.53541
4.53702
4.53863
4.54024
4.54184
4.54345
4.54506
4.54667
4.54827
4.54988
4.55148
4.55309
4.55469
4.55629
4.5579
4.55949
4.56109
4.56268
4.56426
4.56584
4.56742
4.569
4.57057
4.57213
4.57369
4.57525
4.57681
4.57836
4.57991
4.58145
4.58299
4.58453
4.58606
4.58759
4.58912
4.59065
4.59217
4.59369
4.59521
4.59673
4.59825
4.59976
4.60127
4.60278
4.60429
4.6058
4.60731
4.60882
4.61033
4.61183
4.61334
4.61484
4.61634
4.61785
4.61935
4.62085
4.62235
4.62385
4.62535
4.62684
4.62834
4.62983
4.63133
4.63282
4.63431
4.6358
4.63729
4.63877
4.64026
4.64174
4.64322
4.64471
4.64618
4.64766
4.64914
4.65061
4.65209
4.65356
4.65503
4.6565
4.65797
4.65943
4.6609
4.66236
4.66383
4.66529
4.66675
4.66821
4.66967
4.67112
4.67258
4.67403
4.67549
4.67694
4.67839
4.67984
4.68129
4.68274
4.68419
4.68564
4.68708
4.68853
4.68998
4.69142
4.69286
4.69431
4.69575
4.69719
4.69863
4.70007
4.70151
4.70295
4.70439
4.70583
4.70727
4.70871
4.71015
4.71159
4.71303
4.71446
4.7159
4.71734
4.71878
4.72021
4.72165
4.72309
4.72453
4.72596
4.7274
4.72884
4.73027
4.73171
4.73315
4.73459
4.73602
4.73746
4.7389
4.74033
4.74177
4.74321
4.74465
4.74609
4.74752
4.74896
4.7504
4.75184
4.75327
4.75471
4.75614
4.75757
4.75899
4.76041
4.76183
4.76325
4.76466
4.76607
4.76747
4.76888
4.77028
4.77169
4.77309
4.77449
4.77589
4.77729
4.77869
4.78009
4.78149
4.78289
4.78429
4.78569
4.78709
4.78849
4.78989
4.79129
4.79269
4.79409
4.79549
4.7969
4.7983
4.7997
4.8011
4.80251
4.80391
4.80532
4.80672
4.80813
4.80953
4.81094
4.81234
4.81375
4.81516
4.81657
4.81797
4.81938
4.82079
4.8222
4.82361
4.82502
4.82643
4.82785
4.82926
4.83067
4.83209
4.8335
4.83492
4.83633
4.83775
4.83916
4.84058
4.842
4.84342
4.84484
4.84626
4.84768
4.8491
4.85052
4.85195
4.85337
4.8548
4.85622
4.85765
4.85907
4.8605
4.86193
4.86336
4.86479
4.86622
4.86765
4.86909
4.87052
4.87195
4.87339
4.87483
4.87626
4.8777
4.87914
4.88058
4.88202
4.88346
4.88491
4.88635
4.88779
4.88924
4.89069
4.89213
4.89358
4.89503
4.89648
4.89793
4.89939
4.90084
4.9023
4.90375
4.90521
4.90667
4.90813
4.90959
4.91105
4.91251
4.91397
4.91544
4.9169
4.91837
4.91984
4.92131
4.92278
4.92425
4.92572
4.92719
4.92867
4.93014
4.93162
4.9331
4.93457
4.93605
4.93753
4.93901
4.9405
4.94198
4.94347
4.94495
4.94644
4.94792
4.94941
4.9509
4.95239
4.95388
4.95538
4.95687
4.95836
4.95986
4.96136
4.96285
4.96435
4.96585
4.96735
4.96885
4.97035
4.97185
4.97336
4.97486
4.97637
4.97787
4.97938
4.98089
4.9824
4.9839
4.98541
4.98693
4.98844
4.98995
4.99146
4.99298
4.99449
4.99601
4.99753
4.99904
5.00056
5.00208
5.0036
5.00512
5.00664
5.00817
5.00969
5.01121
5.01274
5.01426
5.01579
5.01732
5.01884
5.02037
5.0219
5.02343
5.02496
5.0265
5.02803
5.02956
5.0311
5.03263
5.03417
5.03571
5.03724
5.03878
5.04032
5.04186
5.0434
5.04494
5.04649
5.04803
5.04957
5.05111
5.05265
5.05419
5.05573
5.05726
5.0588
5.06034
5.06188
5.06342
5.06496
5.0665
5.06804
5.06958
5.07113
5.07268
5.07422
5.07577
5.07732
5.07888
5.08043
5.08198
5.08354
5.0851
5.08666
5.08822
5.08978
5.09135
5.09291
5.09448
5.09605
5.09762
5.09919
5.10076
5.10234
5.10391
5.10549
5.10707
5.10864
5.11022
5.1118
5.11337
5.11493
5.1165
5.11806
5.11963
5.12119
5.12275
5.12431
5.12587
5.12744
5.129
5.13056
5.13212
5.13369
5.13525
5.13682
5.13839
5.13996
5.14153
5.14311
5.14468
5.14626
5.14785
5.14943
5.15101
5.1526
5.15419
5.15578
5.15737
5.15896
5.16056
5.16215
5.16375
5.16535
5.16695
5.16855
5.17015
5.17175
5.17336
5.17496
5.17657
5.17818
5.17978
5.18139
5.183
5.18461
5.18622
5.18783
5.18944
5.19105
5.19266
5.19427
5.19588
5.19749
5.19911
5.20072
5.20233
5.20394
5.20554
5.20715
5.20875
5.21035
5.21195
5.21354
5.21514
5.21673
5.21832
5.21991
5.2215
5.22309
5.22468
5.22626
5.22784
5.22943
5.23101
5.23259
5.23417
5.23574
5.23732
5.2389
5.24047
5.24205
5.24362
5.2452
5.24677
5.24834
5.24992
5.25149
5.25306
5.25463
5.2562
5.25777
5.25933
5.2609
5.26247
5.26403
5.26559
5.26716
5.26872
5.27028
5.27184
5.27339
5.27495
5.2765
5.27806
5.27961
5.28116
5.28271
5.28426
5.2858
5.28734
5.28889
5.29043
5.29197
5.2935
5.29504
5.29657
5.29811
5.29964
5.30117
5.3027
5.30422
5.30575
5.30727
5.30879
5.31032
5.31183
5.31335
5.31487
5.31639
5.3179
5.31942
5.32093
5.32244
5.32395
5.32546
5.32697
5.32847
5.32998
5.33148
5.33298
5.33449
5.33599
5.33749
5.33899
5.34048
5.34198
5.34348
5.34497
5.34646
5.34796
5.34945
5.35094
5.35243
5.35392
5.35541
5.35689
5.35838
5.35987
5.36135
5.36284
5.36432
5.36581
5.36729
5.36878
5.37026
5.37174
5.37323
5.37471
5.37619
5.37767
5.37916
5.38064
5.38212
5.3836
5.38508
5.38656
5.38804
5.38952
5.39099
5.39246
5.39393
5.39539
5.39685
5.39831
5.39976
5.40121
5.40266
5.4041
5.40554
5.40698
5.40842
5.40986
5.4113
5.41274
5.41418
5.41561
5.41705
5.41849
5.41992
5.42136
5.4228
5.42424
5.42568
5.42712
5.42856
5.43
5.43144
5.43288
5.43432
5.43577
5.43721
5.43865
5.4401
5.44155
5.44299
5.44444
5.44589
5.44733
5.44878
5.45023
5.45168
5.45314
5.45459
5.45604
5.45749
5.45895
5.4604
5.46186
5.46332
5.46477
5.46623
5.46769
5.46915
5.47061
5.47207
5.47354
5.475
5.47646
5.47793
5.47939
5.48086
5.48233
5.4838
5.48527
5.48674
5.48821
5.48968
5.49116
5.49264
5.49411
5.49559
5.49707
5.49855
5.50003
5.50151
5.503
5.50448
5.50597
5.50746
5.50895
5.51044
5.51193
5.51342
5.51491
5.51641
5.51791
5.5194
5.5209
5.5224
5.5239
5.52541
5.52691
5.52842
5.52992
5.53143
5.53294
5.53445
5.53596
5.53747
5.53899
5.5405
5.54202
5.54354
5.54506
5.54658
5.5481
5.54962
5.55114
5.55267
5.5542
5.55572
5.55725
5.55878
5.56031
5.56185
5.56338
5.56492
5.56645
5.56799
5.56953
5.57107
5.57261
5.57415
5.57569
5.57724
5.57878
5.58033
5.58188
5.58343
5.58498
5.58653
5.58808
5.58963
5.59119
5.59274
5.5943
5.59586
5.59742
5.59898
5.60054
5.6021
5.60366
5.60522
5.60679
5.60835
5.60992
5.61149
5.61306
5.61463
5.6162
5.61777
5.61934
5.62092
5.62249
5.62407
5.62565
5.62722
5.6288
5.63038
5.63197
5.63355
5.63513
5.63672
5.6383
5.63989
5.64148
5.64307
5.64466
5.64625
5.64784
5.64943
5.65103
5.65263
5.65422
5.65582
5.65742
5.65902
5.66062
5.66222
5.66383
5.66543
5.66704
5.66864
5.67025
5.67186
5.67347
5.67508
5.67669
5.6783
5.67992
5.68153
5.68315
5.68477
5.68639
5.68801
5.68963
5.69125
5.69287
5.6945
5.69612
5.69775
5.69937
5.701
5.70263
5.70426
5.7059
5.70753
5.70916
5.7108
5.71244
5.71407
5.71571
5.71735
5.71899
5.72064
5.72228
5.72393
5.72557
5.72722
5.72887
5.73052
5.73218
5.73383
5.73549
5.73714
5.7388
5.74045
5.74211
5.74377
5.74543
5.74708
5.74873
5.75037
5.75201
5.75365
5.75529
5.75692
5.75855
5.76018
5.76181
5.76344
5.76507
5.7667
5.76832
5.76995
5.77158
5.77322
5.77485
5.77648
5.77812
5.77976
5.7814
5.78305
5.78469
5.78634
5.78799
5.78964
5.79129
5.79295
5.7946
5.79626
5.79792
5.79957
5.80123
5.8029
5.80456
5.80622
5.80789
5.80955
5.81122
5.81288
5.81455
5.81622
5.81789
5.81955
5.82122
5.82289
5.82456
5.82623
5.8279
5.82957
5.83123
5.83289
5.83455
5.83621
5.83786
5.83952
5.84117
5.84281
5.84446
5.84611
5.84775
5.84939
5.85103
5.85267
5.8543
5.85594
5.85757
5.8592
5.86084
5.86247
5.8641
5.86572
5.86735
5.86898
5.87061
5.87224
5.87386
5.87549
5.87711
5.87874
5.88036
5.88198
5.88361
5.88523
5.88685
5.88847
5.89009
5.89171
5.89332
5.89494
5.89656
5.89817
5.89978
5.90139
5.903
5.90461
5.90622
5.90782
5.90943
5.91103
5.91263
5.91423
5.91583
5.91742
5.91902
5.92061
5.9222
5.92379
5.92538
5.92696
5.92855
5.93013
5.93171
5.93329
5.93487
5.93645
5.93803
5.9396
5.94118
5.94275
5.94432
5.94589
5.94746
5.94903
5.95059
5.95216
5.95372
5.95528
5.95684
5.9584
5.95996
5.96152
5.96308
5.96463
5.96618
5.96774
5.96929
5.97084
5.97239
5.97394
5.97548
5.97703
5.97857
5.98012
5.98166
5.9832
5.98474
5.98628
5.98781
5.98935
5.99089
5.99242
5.99396
5.99549
5.99702
5.99855
6.00009
6.00162
6.00315
6.00468
6.0062
6.00773
6.00926
6.01079
6.01232
6.01384
6.01537
6.0169
6.01843
6.01995
6.02148
6.02301
6.02453
6.02606
6.02759
6.02911
6.03064
6.03217
6.03369
6.03522
6.03675
6.03828
6.0398
6.04133
6.04286
6.04439
6.04591
6.04744
6.04897
6.0505
6.05203
6.05356
6.05509
6.05661
6.05814
6.05966
6.06118
6.0627
6.06421
6.06572
6.06722
6.06872
6.07022
6.07172
6.07321
6.0747
6.0762
6.07769
6.07918
6.08067
6.08216
6.08365
6.08514
6.08663
6.08813
6.08962
6.09111
6.09261
6.0941
6.0956
6.0971
6.0986
6.10009
6.10159
6.1031
6.1046
6.1061
6.1076
6.10911
6.11061
6.11212
6.11363
6.11513
6.11664
6.11815
6.11966
6.12117
6.12269
6.1242
6.12571
6.12723
6.12874
6.13026
6.13178
6.1333
6.13482
6.13634
6.13786
6.13938
6.1409
6.14242
6.14395
6.14547
6.147
6.14853
6.15006
6.15159
6.15312
6.15465
6.15618
6.15771
6.15925
6.16078
6.16232
6.16385
6.16539
6.16693
6.16847
6.17001
6.17155
6.17309
6.17464
6.17618
6.17773
6.17928
6.18082
6.18237
6.18392
6.18547
6.18703
6.18858
6.19013
6.19169
6.19325
6.1948
6.19636
6.19792
6.19948
6.20105
6.20261
6.20417
6.20574
6.20731
6.20888
6.21044
6.21202
6.21359
6.21516
6.21673
6.21831
6.21988
6.22146
6.22304
6.22462
6.2262
6.22778
6.22937
6.23095
6.23254
6.23412
6.23571
6.2373
6.23889
6.24048
6.24208
6.24367
6.24527
6.24686
6.24846
6.25006
6.25166
6.25326
6.25486
6.25646
6.25807
6.25967
6.26128
6.26289
6.2645
6.26611
6.26772
6.26933
6.27095
6.27256
6.27418
6.27579
6.27741
6.27903
6.28065
6.28227
6.2839
6.28552
6.28714
6.28877
6.2904
6.29203
6.29366
6.29529
6.29692
6.29855
6.30019
6.30182
6.30346
6.3051
6.30673
6.30837
6.31002
6.31166
6.3133
6.31495
6.31659
6.31824
6.31989
6.32154
6.32319
6.32484
6.3265
6.32815
6.32981
6.33146
6.33312
6.33478
6.33644
6.33811
6.33977
6.34143
6.3431
6.34477
6.34644
6.34811
6.34978
6.35145
6.35313
6.3548
6.35648
6.35816
6.35984
6.36152
6.3632
6.36489
6.36658
6.36826
6.36995
6.37164
6.37333
6.37503
6.37672
6.37842
6.38012
6.38182
6.38352
6.38522
6.38692
6.38863
6.39034
6.39205
6.39376
6.39547
6.39718
6.3989
6.40061
6.40232
6.40404
6.40576
6.40748
6.40919
6.4109
6.41261
6.41431
6.41601
6.4177
6.41939
6.42107
6.42276
6.42444
6.42612
6.4278
6.42948
6.43116
6.43284
6.43452
6.43621
6.43789
6.43958
6.44126
6.44295
6.44465
6.44634
6.44804
6.44974
6.45144
6.45314
6.45484
6.45654
6.45825
6.45995
6.46166
6.46337
6.46508
6.46679
6.4685
6.47021
6.47193
6.47364
6.47535
6.47707
6.47878
6.4805
6.48221
6.48392
6.48564
6.48735
6.48907
6.49078
6.49249
6.4942
6.4959
6.4976
6.49929
6.50099
6.50268
6.50436
6.50605
6.50773
6.50941
6.51108
6.51276
6.51443
6.5161
6.51777
6.51943
6.5211
6.52276
6.52443
6.52609
6.52775
6.52941
6.53107
6.53273
6.53438
6.53604
6.5377
6.53935
6.54101
6.54266
6.54432
6.54597
6.54763
6.54928
6.55093
6.55258
6.55423
6.55588
6.55753
6.55917
6.56082
6.56246
6.5641
6.56574
6.56738
6.56902
6.57066
6.57229
6.57392
6.57556
6.57719
6.57881
6.58044
6.58206
6.58369
6.58531
6.58693
6.58855
6.59016
6.59178
6.59339
6.595
6.59662
6.59822
6.59983
6.60144
6.60304
6.60465
6.60625
6.60785
6.60945
6.61105
6.61265
6.61424
6.61584
6.61743
6.61902
6.62062
6.62221
6.62379
6.62538
6.62697
6.62855
6.63014
6.63172
6.6333
6.63488
6.63646
6.63803
6.63961
6.64118
6.64276
6.64433
6.6459
6.64747
6.64903
6.6506
6.65217
6.65373
6.65529
6.65686
6.65842
6.65998
6.66154
6.6631
6.66466
6.66621
6.66777
6.66933
6.67088
6.67244
6.67399
6.67554
6.6771
6.67865
6.6802
6.68176
6.68331
6.68486
6.68641
6.68797
6.68952
6.69107
6.69262
6.69417
6.69572
6.69728
6.69883
6.70038
6.70193
6.70348
6.70503
6.70659
6.70814
6.70969
6.71124
6.71279
6.71435
6.7159
6.71745
6.71901
6.72056
6.72211
6.72367
6.72522
6.72677
6.72833
6.72988
6.73143
6.73298
6.73453
6.73607
6.73761
6.73914
6.74067
6.74219
6.74372
6.74523
6.74675
6.74827
6.74978
6.7513
6.75281
6.75432
6.75583
6.75735
6.75886
6.76037
6.76189
6.7634
6.76492
6.76644
6.76795
6.76947
6.77099
6.77251
6.77403
6.77555
6.77708
6.7786
6.78013
6.78165
6.78318
6.7847
6.78623
6.78776
6.78929
6.79082
6.79235
6.79388
6.79541
6.79695
6.79848
6.80001
6.80155
6.80309
6.80462
6.80616
6.8077
6.80924
6.81078
6.81232
6.81386
6.81541
6.81695
6.8185
6.82004
6.82159
6.82314
6.82468
6.82623
6.82778
6.82933
6.83089
6.83244
6.83399
6.83555
6.8371
6.83866
6.84021
6.84177
6.84333
6.84489
6.84645
6.84801
6.84958
6.85114
6.85271
6.85427
6.85584
6.85741
6.85898
6.86055
6.86212
6.86369
6.86526
6.86684
6.86841
6.86999
6.87156
6.87314
6.87472
6.8763
6.87788
6.87947
6.88105
6.88264
6.88422
6.88581
6.8874
6.88899
6.89058
6.89217
6.89376
6.89535
6.89695
6.89855
6.90014
6.90174
6.90334
6.90494
6.90654
6.90815
6.90975
6.91136
6.91296
6.91457
6.91618
6.91779
6.9194
6.92101
6.92262
6.92424
6.92585
6.92747
6.92909
6.93071
6.93233
6.93395
6.93557
6.93719
6.93881
6.94044
6.94207
6.94369
6.94532
6.94695
6.94858
6.95021
6.95185
6.95348
6.95512
6.95675
6.95839
6.96003
6.96167
6.96331
6.96495
6.96659
6.96823
6.96988
6.97152
6.97317
6.97482
6.97647
6.97812
6.97977
6.98142
6.98308
6.98473
6.98639
6.98804
6.9897
6.99136
6.99302
6.99468
6.99635
6.99801
6.99968
7.00134
7.00301
7.00468
7.00635
7.00802
7.00969
7.01137
7.01304
7.01472
7.0164
7.01808
7.01976
7.02144
7.02312
7.02481
7.02649
7.02818
7.02987
7.03156
7.03325
7.03494
7.03664
7.03833
7.04003
7.04173
7.04343
7.04513
7.04683
7.04853
7.05024
7.05195
7.05365
7.05537
7.05708
7.05879
7.06051
7.06222
7.06394
7.06566
7.06738
7.0691
7.07083
7.07255
7.07428
7.07601
7.07774
7.07947
7.0812
7.08293
7.08466
7.08639
7.08812
7.08986
7.09159
7.09332
7.09505
7.09679
7.09852
7.10026
7.10199
7.10373
7.10546
7.10719
7.10891
7.11063
7.11234
7.11404
7.11575
7.11745
7.11915
7.12084
7.12254
7.12423
7.12593
7.12762
7.12932
7.13101
7.13271
7.13441
7.13611
7.13781
7.13952
7.14123
7.14294
7.14465
7.14636
7.14808
7.14979
7.15151
7.15322
7.15494
7.15666
7.15838
7.16011
7.16183
7.16355
7.16527
7.167
7.16872
7.17044
7.17217
7.17389
7.17562
7.17734
7.17906
7.18079
7.18251
7.18424
7.18596
7.18768
7.1894
7.19111
7.19282
7.19452
7.19622
7.19791
7.19961
7.2013
7.20298
7.20466
7.20634
7.20802
7.20969
7.21136
7.21303
7.2147
7.21637
7.21803
7.21969
7.22135
7.22301
7.22467
7.22633
7.22798
7.22964
7.23129
7.23295
7.2346
7.23625
7.23791
7.23956
7.24121
7.24286
7.24451
7.24616
7.2478
7.24945
7.2511
7.25274
7.25438
7.25602
7.25766
7.2593
7.26094
7.26258
7.26421
7.26584
7.26747
7.2691
7.27073
7.27236
7.27398
7.2756
7.27723
7.27885
7.28046
7.28208
7.28369
7.28531
7.28692
7.28853
7.29014
7.29174
7.29335
7.29495
7.29655
7.29815
7.29975
7.30135
7.30295
7.30454
7.30614
7.30773
7.30932
7.31091
7.3125
7.31408
7.31567
7.31725
7.31884
7.32042
7.322
7.32357
7.32515
7.32673
7.3283
7.32987
7.33144
7.33301
7.33458
7.33614
7.33771
7.33927
7.34083
7.34239
7.34395
7.34551
7.34707
7.34862
7.35018
7.35173
7.35328
7.35483
7.35638
7.35793
7.35948
7.36103
7.36257
7.36412
7.36567
7.36721
7.36876
7.3703
7.37184
7.37339
7.37493
7.37647
7.37801
7.37955
7.3811
7.38264
7.38418
7.38572
7.38726
7.3888
7.39034
7.39188
7.39342
7.39496
7.3965
7.39804
7.39958
7.40112
7.40266
7.4042
7.40574
7.40728
7.40882
7.41036
7.4119
7.41344
7.41498
7.41652
7.41806
7.41961
7.42115
7.42269
7.42423
7.42577
7.42732
7.42886
7.4304
7.43194
7.43348
7.43502
7.43655
7.43808
7.4396
7.44112
7.44263
7.44414
7.44565
7.44716
7.44866
7.45016
7.45167
7.45317
7.45467
7.45617
7.45767
7.45917
7.46068
7.46218
7.46368
7.46519
7.46669
7.4682
7.46971
7.47122
7.47272
7.47423
7.47574
7.47726
7.47877
7.48028
7.4818
7.48331
7.48483
7.48634
7.48786
7.48938
7.4909
7.49241
7.49393
7.49546
7.49698
7.4985
7.50002
7.50155
7.50307
7.5046
7.50612
7.50765
7.50918
7.5107
7.51223
7.51376
7.51529
7.51682
7.51835
7.51989
7.52142
7.52295
7.52449
7.52602
7.52756
7.5291
7.53064
7.53217
7.53371
7.53525
7.5368
7.53834
7.53988
7.54142
7.54297
7.54451
7.54606
7.54761
7.54915
7.5507
7.55225
7.5538
7.55535
7.55691
7.55846
7.56001
7.56157
7.56312
7.56468
7.56624
7.5678
7.56936
7.57092
7.57248
7.57404
7.5756
7.57717
7.57873
7.5803
7.58187
7.58343
7.585
7.58657
7.58814
7.58971
7.59129
7.59286
7.59444
7.59601
7.59759
7.59917
7.60074
7.60232
7.6039
7.60548
7.60707
7.60865
7.61023
7.61182
7.61341
7.61499
7.61658
7.61817
7.61976
7.62135
7.62294
7.62453
7.62613
7.62772
7.62932
7.63091
7.63251
7.63411
7.63571
7.63731
7.63891
7.64051
7.64211
7.64372
7.64532
7.64693
7.64853
7.65014
7.65175
7.65336
7.65497
7.65658
7.65819
7.6598
7.66142
7.66303
7.66465
7.66626
7.66788
7.6695
7.67112
7.67274
7.67436
7.67599
7.67761
7.67923
7.68086
7.68249
7.68412
7.68575
7.68738
7.68901
7.69064
7.69227
7.69391
7.69554
7.69718
7.69882
7.70046
7.7021
7.70374
7.70538
7.70703
7.70867
7.71032
7.71197
7.71361
7.71526
7.71692
7.71857
7.72022
7.72188
7.72354
7.72519
7.72685
7.72851
7.73018
7.73184
7.7335
7.73517
7.73683
7.73849
7.74016
7.74182
7.74348
7.74514
7.74681
7.74848
7.75014
7.75181
7.75348
7.75515
7.75683
7.7585
7.76018
7.76186
7.76354
7.76522
7.7669
7.76859
7.77028
7.77197
7.77366
7.77535
7.77705
7.77874
7.78044
7.78215
7.78385
7.78555
7.78726
7.78897
7.79068
7.7924
7.79411
7.79583
7.79755
7.79927
7.80099
7.80272
7.80445
7.80618
7.80791
7.80964
7.81138
7.81312
7.81486
7.8166
7.81835
7.8201
7.82184
7.82359
7.82534
7.82709
7.82883
7.83058
7.83233
7.83408
7.83583
7.83757
7.83931
7.84104
7.84276
7.84447
7.84619
7.84789
7.84959
7.85129
7.85299
7.85468
7.85637
7.85806
7.85975
7.86144
7.86313
7.86482
7.86651
7.86821
7.8699
7.8716
7.8733
7.875
7.8767
7.8784
7.8801
7.8818
7.8835
7.88521
7.88691
7.88861
7.89032
7.89202
7.89372
7.89542
7.89713
7.89883
7.90053
7.90223
7.90393
7.90563
7.90733
7.90902
7.91072
7.91241
7.91411
7.9158
7.91749
7.91918
7.92086
7.92253
7.9242
7.92586
7.92752
7.92918
7.93083
7.93247
7.93411
7.93575
7.93738
7.93901
7.94063
7.94225
7.94387
7.94549
7.9471
7.9487
7.95031
7.95191
7.95352
7.95512
7.95672
7.95831
7.95991
7.9615
7.9631
7.96469
7.96628
7.96787
7.96946
7.97105
7.97264
7.97423
7.97582
7.9774
7.97899
7.98057
7.98215
7.98374
7.98532
7.9869
7.98848
7.99005
7.99163
7.9932
7.99478
7.99635
7.99792
7.99949
8.00105
8.00262
8.00418
8.00575
8.00731
8.00886
8.01042
8.01198
8.01353
8.01509
8.01664
8.01819
8.01973
8.02128
8.02283
8.02437
8.02591
8.02746
8.029
8.03053
8.03207
8.03361
8.03514
8.03668
8.03821
8.03974
8.04127
8.0428
8.04433
8.04585
8.04738
8.0489
8.05042
8.05194
8.05346
8.05498
8.0565
8.05802
8.05953
8.06105
8.06256
8.06408
8.06559
8.0671
8.06861
8.07012
8.07163
8.07314
8.07465
8.07616
8.07766
8.07917
8.08067
8.08218
8.08368
8.08519
8.08669
8.08819
8.0897
8.0912
8.0927
8.0942
8.0957
8.0972
8.0987
8.1002
8.1017
8.1032
8.1047
8.1062
8.1077
8.1092
8.1107
8.1122
8.1137
8.1152
8.1167
8.1182
8.1197
8.12119
8.12269
8.12419
8.12569
8.12719
8.12869
8.13019
8.13169
8.13319
8.13469
8.13619
8.13769
8.13918
8.14068
8.14218
8.14367
8.14516
8.14664
8.14812
8.14959
8.15106
8.15253
8.154
8.15546
8.15692
8.15838
8.15984
8.1613
8.16275
8.16421
8.16567
8.16712
8.16858
8.17004
8.17149
8.17295
8.17441
8.17587
8.17733
8.17878
8.18024
8.1817
8.18316
8.18462
8.18609
8.18755
8.18901
8.19047
8.19194
8.1934
8.19486
8.19633
8.19779
8.19926
8.20072
8.20219
8.20365
8.20512
8.20659
8.20806
8.20953
8.21099
8.21246
8.21393
8.2154
8.21688
8.21835
8.21982
8.22129
8.22277
8.22424
8.22571
8.22719
8.22866
8.23014
8.23162
8.2331
8.23457
8.23605
8.23753
8.23901
8.24049
8.24197
8.24346
8.24494
8.24642
8.24791
8.24939
8.25088
8.25237
8.25385
8.25534
8.25683
8.25832
8.25981
8.2613
8.26279
8.26429
8.26578
8.26728
8.26877
8.27027
8.27176
8.27326
8.27476
8.27626
8.27776
8.27926
8.28077
8.28227
8.28377
8.28528
8.28678
8.28829
8.2898
8.29131
8.29282
8.29433
8.29584
8.29735
8.29886
8.30038
8.30189
8.30341
8.30492
8.30644
8.30796
8.30948
8.311
8.31252
8.31404
8.31556
8.31708
8.31861
8.32013
8.32166
8.32319
8.32471
8.32624
8.32777
8.3293
8.33083
8.33236
8.3339
8.33543
8.33697
8.3385
8.34004
8.34157
8.34311
8.34465
8.34619
8.34773
8.34927
8.35081
8.35235
8.3539
8.35544
8.35699
8.35853
8.36008
8.36163
8.36317
8.36472
8.36627
8.36782
8.36937
8.37093
8.37248
8.37403
8.37559
8.37714
8.3787
8.38026
8.38181
8.38337
8.38493
8.38649
8.38805
8.38961
8.39117
8.39274
8.3943
8.39587
8.39743
8.399
8.40056
8.40213
8.4037
8.40527
8.40684
8.40841
8.40998
8.41156
8.41313
8.4147
8.41627
8.41784
8.41941
8.42098
8.42255
8.42411
8.42568
8.42725
8.42882
8.4304
8.43197
8.43354
8.43512
8.4367
8.43828
8.43986
8.44144
8.44302
8.4446
8.44619
8.44778
8.44937
8.45096
8.45255
8.45414
8.45574
8.45733
8.45893
8.46053
8.46213
8.46374
8.46534
8.46695
8.46856
8.47017
8.47178
8.47339
8.47501
8.47662
8.47824
8.47986
8.48148
8.4831
8.48473
8.48636
8.48798
8.48962
8.49125
8.49288
8.49452
8.49615
8.49779
8.49943
8.50108
8.50272
8.50437
8.50602
8.50767
8.50932
8.51098
8.51263
8.51429
8.51595
8.51762
8.51928
8.52095
8.52262
8.52429
8.52596
8.52763
8.52931
8.53099
8.53267
8.53434
8.53602
8.5377
8.53938
8.54106
8.54275
8.54443
8.5461
8.54777
8.54944
8.5511
8.55275
8.5544
8.55605
8.5577
8.55934
8.56098
8.56262
8.56426
8.5659
8.56753
8.56917
8.5708
8.57244
8.57407
8.57571
8.57735
8.57899
8.58063
8.58228
8.58392
8.58557
8.58721
8.58886
8.59051
8.59216
8.59381
8.59546
8.59711
8.59876
8.60041
8.60206
8.60371
8.60536
8.60701
8.60866
8.61031
8.61196
8.61361
8.61526
8.61691
8.61856
8.6202
8.62185
8.62349
8.62514
8.62678
8.62842
8.63005
8.63169
8.63331
8.63494
8.63656
8.63818
8.63979
8.6414
8.64301
8.64461
8.64621
8.64781
8.6494
8.65099
8.65258
8.65417
8.65575
8.65733
8.65891
8.66048
8.66206
8.66363
8.6652
8.66677
8.66834
8.66991
8.67147
8.67304
8.6746
8.67617
8.67773
8.67929
8.68085
8.68242
8.68398
8.68553
8.68709
8.68865
8.69021
8.69176
8.69332
8.69487
8.69643
8.69798
8.69953
8.70108
8.70263
8.70417
8.70572
8.70726
8.7088
8.71034
8.71188
8.71342
8.71496
8.71649
8.71803
8.71956
8.72109
8.72262
8.72414
8.72567
8.72719
8.72871
8.73024
8.73176
8.73327
8.73479
8.73631
8.73782
8.73934
8.74085
8.74236
8.74387
8.74538
8.74688
8.74839
8.74989
8.7514
8.7529
8.7544
8.7559
8.7574
8.7589
8.7604
8.7619
8.76339
8.76489
8.76638
8.76788
8.76937
8.77086
8.77236
8.77385
8.77534
8.77683
8.77832
8.77981
8.7813
8.78279
8.78427
8.78576
8.78725
8.78874
8.79022
8.79171
8.7932
8.79468
8.79617
8.79766
8.79914
8.80063
8.80211
8.8036
8.80509
8.80657
8.80806
8.80954
8.81103
8.81252
8.814
8.81549
8.81697
8.81846
8.81995
8.82143
8.82292
8.8244
8.82588
8.82735
8.82882
8.83029
8.83176
8.83322
8.83468
8.83614
8.83759
8.83904
8.84049
8.84194
8.84339
8.84484
8.84629
8.84773
8.84918
8.85063
8.85207
8.85352
8.85497
8.85641
8.85786
8.85931
8.86076
8.8622
8.86365
8.8651
8.86655
8.868
8.86945
8.8709
8.87236
8.87381
8.87526
8.87671
8.87817
8.87962
8.88107
8.88253
8.88398
8.88544
8.8869
8.88835
8.88981
8.89127
8.89272
8.89418
8.89564
8.8971
8.89856
8.90002
8.90148
8.90295
8.90441
8.90587
8.90734
8.9088
8.91026
8.91173
8.9132
8.91466
8.91613
8.9176
8.91907
8.92054
8.92201
8.92348
8.92495
8.92642
8.9279
8.92937
8.93084
8.93232
8.9338
8.93527
8.93675
8.93823
8.93971
8.94119
8.94267
8.94416
8.94564
8.94713
8.94861
8.9501
8.95159
8.95308
8.95457
8.95606
8.95755
8.95905
8.96055
8.96204
8.96354
8.96504
8.96654
8.96804
8.96955
8.97105
8.97255
8.97406
8.97557
8.97708
8.97859
8.9801
8.98161
8.98313
8.98464
8.98616
8.98768
8.98919
8.99071
8.99223
8.99376
8.99528
8.9968
8.99833
8.99986
9.00138
9.00291
9.00444
9.00597
9.0075
9.00904
9.01057
9.01211
9.01364
9.01518
9.01672
9.01826
9.0198
9.02134
9.02288
9.02442
9.02597
9.02751
9.02905
9.0306
9.03215
9.0337
9.03524
9.03679
9.03834
9.0399
9.04145
9.043
9.04455
9.04611
9.04766
9.04922
9.05077
9.05233
9.05389
9.05545
9.05701
9.05857
9.06013
9.06169
9.06325
9.06482
9.06638
9.06795
9.06951
9.07108
9.07264
9.07421
9.07578
9.07735
9.07892
9.08049
9.08206
9.08364
9.08521
9.08678
9.08836
9.08994
9.09151
9.09309
9.09467
9.09625
9.09783
9.09941
9.10099
9.10258
9.10416
9.10574
9.10733
9.10892
9.11051
9.11209
9.11368
9.11527
9.11686
9.11845
9.12003
9.12162
9.1232
9.12479
9.12637
9.12795
9.12954
9.13113
9.13271
9.1343
9.13589
9.13748
9.13907
9.14067
9.14226
9.14386
9.14546
9.14706
9.14866
9.15026
9.15186
9.15347
9.15508
9.15668
9.15829
9.15991
9.16152
9.16313
9.16475
9.16637
9.16799
9.16961
9.17123
9.17286
9.17448
9.17611
9.17774
9.17937
9.181
9.18264
9.18427
9.1859
9.18754
9.18918
9.19082
9.19245
9.19409
9.19572
9.19735
9.19897
9.2006
9.20222
9.20383
9.20545
9.20706
9.20868
9.21029
9.2119
9.21351
9.21512
9.21673
9.21834
9.21995
9.22156
9.22318
9.22479
9.22641
9.22803
9.22965
9.23127
9.23289
9.23452
9.23615
9.23778
9.2394
9.24104
9.24267
9.2443
9.24594
9.24757
9.24921
9.25084
9.25248
9.25412
9.25576
9.2574
9.25904
9.26068
9.26232
9.26396
9.2656
9.26724
9.26888
9.27052
9.27216
9.27381
9.27545
9.27709
9.27873
9.28037
9.28201
9.28364
9.28528
9.28691
9.28854
9.29016
9.29179
9.29341
9.29503
9.29665
9.29826
9.29988
9.30149
9.30309
9.3047
9.30631
9.30791
9.30951
9.31111
9.31271
9.3143
9.3159
9.31749
9.31909
9.32068
9.32227
9.32386
9.32545
9.32704
9.32862
9.33021
9.3318
9.33338
9.33497
9.33655
9.33814
9.33972
9.3413
9.34288
9.34446
9.34604
9.34762
9.3492
9.35078
9.35235
9.35393
9.3555
9.35707
9.35864
9.36021
9.36178
9.36334
9.36491
9.36647
9.36803
9.36959
9.37115
9.37271
9.37426
9.37582
9.37737
9.37892
9.38047
9.38202
9.38357
9.38511
9.38666
9.3882
9.38974
9.39128
9.39282
9.39436
9.39589
9.39743
9.39896
9.4005
9.40203
9.40356
9.40509
9.40662
9.40814
9.40967
9.41119
9.41272
9.41424
9.41576
9.41729
9.41881
9.42032
9.42184
9.42336
9.42488
9.42639
9.42791
9.42942
9.43093
9.43244
9.43396
9.43547
9.43698
9.43849
9.44
9.4415
9.44301
9.44452
9.44603
9.44754
9.44904
9.45055
9.45206
9.45356
9.45507
9.45657
9.45808
9.45958
9.46109
9.4626
9.4641
9.46561
9.46711
9.46862
9.47012
9.47163
9.47313
9.47463
9.47613
9.47763
9.47912
9.48061
9.4821
9.48358
9.48506
9.48653
9.48801
9.48948
9.49094
9.49241
9.49388
9.49534
9.49681
9.49827
9.49973
9.5012
9.50266
9.50412
9.50559
9.50705
9.50851
9.50998
9.51144
9.51291
9.51437
9.51584
9.5173
9.51877
9.52024
9.52171
9.52318
9.52465
9.52612
9.52759
9.52906
9.53053
9.532
9.53347
9.53495
9.53642
9.53789
9.53937
9.54085
9.54232
9.5438
9.54528
9.54676
9.54823
9.54971
9.5512
9.55268
9.55416
9.55564
9.55713
9.55861
9.56009
9.56158
9.56307
9.56455
9.56604
9.56753
9.56902
9.57051
9.572
9.5735
9.57499
9.57649
9.57798
9.57948
9.58098
9.58247
9.58397
9.58548
9.58698
9.58848
9.58999
9.59149
9.593
9.59451
9.59602
9.59753
9.59904
9.60055
9.60207
9.60358
9.6051
9.60662
9.60814
9.60966
9.61118
9.6127
9.61423
9.61575
9.61728
9.61881
9.62033
9.62187
9.6234
9.62493
9.62647
9.628
9.62954
9.63108
9.63262
9.63416
9.6357
9.63724
9.63879
9.64033
9.64188
9.64343
9.64498
9.64653
9.64808
9.64963
9.65119
9.65274
9.6543
9.65586
9.65742
9.65898
9.66054
9.6621
9.66367
9.66523
9.6668
9.66837
9.66994
9.6715
9.67308
9.67465
9.67622
9.67779
9.67937
9.68094
9.68252
9.6841
9.68568
9.68726
9.68884
9.69042
9.692
9.69359
9.69517
9.69676
9.69834
9.69993
9.70152
9.70311
9.7047
9.70629
9.70788
9.70948
9.71107
9.71266
9.71426
9.71586
9.71745
9.71905
9.72065
9.72225
9.72385
9.72546
9.72706
9.72867
9.73027
9.73188
9.73348
9.73509
9.7367
9.73831
9.73992
9.74153
9.74315
9.74476
9.74638
9.74799
9.74961
9.75123
9.75285
9.75447
9.75609
9.75771
9.75933
9.76096
9.76258
9.76421
9.76584
9.76747
9.7691
9.77073
9.77236
9.774
9.77563
9.77727
9.7789
9.78054
9.78218
9.78382
9.78546
9.78711
9.78875
9.7904
9.79205
9.79369
9.79534
9.797
9.79865
9.8003
9.80196
9.80362
9.80527
9.80693
9.80859
9.81025
9.81191
9.81357
9.81523
9.81689
9.81855
9.82021
9.82187
9.82353
9.82519
9.82686
9.82852
9.83017
9.83183
9.83348
9.83513
9.83677
9.83841
9.84006
9.8417
9.84333
9.84497
9.84661
9.84825
9.84989
9.85152
9.85316
9.8548
9.85644
9.85809
9.85973
9.86138
9.86303
9.86468
9.86633
9.86799
9.86964
9.8713
9.87296
9.87462
9.87629
9.87795
9.87962
9.88128
9.88295
9.88462
9.88629
9.88796
9.88963
9.8913
9.89297
9.89464
9.89632
9.89799
9.89967
9.90134
9.90302
9.90469
9.90637
9.90804
9.90972
9.9114
9.91307
9.91475
9.91642
9.91809
9.91976
9.92143
9.92309
9.92475
9.92641
9.92807
9.92972
9.93137
9.93302
9.93467
9.93632
9.93797
9.93961
9.94125
9.94289
9.94453
9.94617
9.9478
9.94944
9.95107
9.95271
9.95434
9.95597
9.95761
9.95924
9.96087
9.9625
9.96413
9.96576
9.96739
9.96902
9.97065
9.97227
9.9739
9.97553
9.97715
9.97878
9.9804
9.98202
9.98364
9.98526
9.98688
9.9885
9.99012
9.99173
9.99334
9.99496
9.99657
9.99818
9.99979
10.0014
10.003
10.0046
10.0062
10.0078
10.0094
10.011
10.0126
10.0142
10.0158
10.0174
10.019
10.0206
10.0221
10.0237
10.0253
10.0269
10.0285
10.0301
10.0316
10.0332
10.0348
10.0364
10.0379
10.0395
10.0411
10.0427
10.0442
10.0458
10.0474
10.0489
10.0505
10.0521
10.0536
10.0552
10.0568
10.0583
10.0599
10.0614
10.063
10.0645
10.0661
10.0677
10.0692
10.0708
10.0723
10.0739
10.0754
10.077
10.0785
10.0801
10.0816
10.0831
10.0847
10.0862
10.0878
10.0893
10.0909
10.0924
10.0939
10.0955
10.097
10.0986
10.1001
10.1017
10.1032
10.1047
10.1063
10.1078
10.1094
10.1109
10.1124
10.114
10.1155
10.1171
10.1186
10.1201
10.1217
10.1232
10.1248
10.1263
10.1279
10.1294
10.1309
10.1325
10.134
10.1355
10.1371
10.1386
10.1401
10.1416
10.1432
10.1447
10.1462
10.1477
10.1492
10.1507
10.1522
10.1537
10.1552
10.1567
10.1582
10.1597
10.1612
10.1627
10.1642
10.1657
10.1672
10.1687
10.1702
10.1717
10.1732
10.1747
10.1762
10.1777
10.1793
10.1808
10.1823
10.1838
10.1853
10.1868
10.1883
10.1898
10.1913
10.1929
10.1944
10.1959
10.1974
10.1989
10.2004
10.202
10.2035
10.205
10.2065
10.208
10.2096
10.2111
10.2126
10.2141
10.2157
10.2172
10.2187
10.2202
10.2218
10.2233
10.2248
10.2264
10.2279
10.2294
10.231
10.2325
10.234
10.2356
10.2371
10.2387
10.2402
10.2417
10.2433
10.2448
10.2464
10.2479
10.2495
10.251
10.2526
10.2541
10.2557
10.2572
10.2588
10.2603
10.2619
10.2634
10.265
10.2665
10.2681
10.2697
10.2712
10.2728
10.2743
10.2759
10.2775
10.279
10.2806
10.2822
10.2838
10.2853
10.2869
10.2885
10.2901
10.2916
10.2932
10.2948
10.2964
10.2979
10.2995
10.3011
10.3027
10.3043
10.3059
10.3075
10.3091
10.3106
10.3122
10.3138
10.3154
10.317
10.3186
10.3202
10.3218
10.3234
10.325
10.3266
10.3282
10.3298
10.3315
10.3331
10.3347
10.3363
10.3379
10.3395
10.3411
10.3428
10.3444
10.346
10.3476
10.3492
10.3509
10.3525
10.3541
10.3557
10.3574
10.359
10.3606
10.3623
10.3639
10.3655
10.3672
10.3688
10.3704
10.3721
10.3737
10.3754
10.377
10.3786
10.3803
10.3819
10.3836
10.3852
10.3869
10.3885
10.3902
10.3918
10.3935
10.3952
10.3968
10.3985
10.4001
10.4018
10.4035
10.4051
10.4068
10.4084
10.4101
10.4118
10.4134
10.4151
10.4168
10.4185
10.4201
10.4218
10.4235
10.4252
10.4268
10.4285
10.4302
10.4319
10.4336
10.4353
10.4369
10.4386
10.4403
10.442
10.4437
10.4454
10.4471
10.4488
10.4505
10.4522
10.4539
10.4556
10.4573
10.459
10.4607
10.4624
10.4641
10.4658
10.4675
10.4692
10.4709
10.4725
10.4742
10.4759
10.4776
10.4793
10.4809
10.4826
10.4843
10.486
10.4876
10.4893
10.491
10.4927
10.4944
10.4961
10.4978
10.4994
10.5011
10.5028
10.5045
10.5062
10.5079
10.5097
10.5114
10.5131
10.5148
10.5165
10.5182
10.5199
10.5216
10.5234
10.5251
10.5268
10.5285
10.5303
10.532
10.5337
10.5355
10.5372
10.5389
10.5407
10.5424
10.5441
10.5459
10.5476
10.5494
10.5511
10.5528
10.5546
10.5563
10.558
10.5598
10.5615
10.5632
10.565
10.5667
10.5684
10.5702
10.5719
10.5736
10.5753
10.5771
10.5788
10.5805
10.5823
10.584
10.5857
10.5874
10.5891
10.5909
10.5926
10.5943
10.596
10.5978
10.5995
10.6012
10.6029
10.6046
10.6064
10.6081
10.6098
10.6115
10.6132
10.6149
10.6166
10.6183
10.6201
10.6218
10.6235
10.6252
10.6269
10.6286
10.6303
10.632
10.6336
10.6353
10.637
10.6387
10.6404
10.6421
10.6438
10.6455
10.6471
10.6488
10.6505
10.6522
10.6538
10.6555
10.6572
10.6588
10.6605
10.6622
10.6638
10.6655
10.6672
10.6688
10.6705
10.6721
10.6738
10.6754
10.6771
10.6787
10.6804
10.682
10.6837
10.6853
10.687
10.6886
10.6903
10.6919
10.6935
10.6952
10.6968
10.6984
10.7001
10.7017
10.7033
10.705
10.7066
10.7082
10.7099
10.7115
10.7131
10.7147
10.7164
10.718
10.7196
10.7212
10.7228
10.7245
10.7261
10.7277
10.7293
10.7309
10.7326
10.7342
10.7358
10.7374
10.739
10.7406
10.7423
10.7439
10.7455
10.7471
10.7487
10.7503
10.752
10.7536
10.7552
10.7568
10.7584
10.7601
10.7617
10.7633
10.7649
10.7665
10.7682
10.7698
10.7714
10.773
10.7746
10.7763
10.7779
10.7795
10.7811
10.7828
10.7844
10.786
10.7876
10.7893
10.7909
10.7925
10.7942
10.7958
10.7974
10.7991
10.8007
10.8023
10.804
10.8056
10.8073
10.8089
10.8105
10.8122
10.8138
10.8154
10.8171
10.8187
10.8204
10.822
10.8237
10.8253
10.827
10.8286
10.8303
10.8319
10.8336
10.8352
10.8368
10.8385
10.8401
10.8418
10.8434
10.845
10.8466
10.8483
10.8499
10.8515
10.8531
10.8547
10.8563
10.858
10.8596
10.8612
10.8628
10.8644
10.866
10.8677
10.8693
10.8709
10.8725
10.8742
10.8758
10.8774
10.879
10.8807
10.8823
10.8839
10.8856
10.8872
10.8888
10.8905
10.8921
10.8937
10.8954
10.897
10.8986
10.9003
10.9019
10.9036
10.9052
10.9068
10.9085
10.9101
10.9118
10.9134
10.9151
10.9167
10.9184
10.92
10.9217
10.9233
10.925
10.9266
10.9283
10.9299
10.9316
10.9332
10.9349
10.9365
10.9382
10.9398
10.9415
10.9432
10.9448
10.9465
10.9481
10.9498
10.9515
10.9531
10.9548
10.9565
10.9581
10.9598
10.9615
10.9631
10.9648
10.9665
10.9681
10.9698
10.9715
10.9732
10.9748
10.9765
10.9782
10.9799
10.9816
10.9832
10.9849
10.9866
10.9883
10.99
10.9917
10.9934
10.995
10.9967
10.9984
11.0001
11.0018
11.0035
11.0052
11.0069
11.0086
11.0103
11.012
11.0137
11.0154
11.0171
11.0188
11.0205
11.0223
11.024
11.0257
11.0274
11.0291
11.0308
11.0325
11.0343
11.036
11.0377
11.0394
11.0412
11.0429
11.0446
11.0463
11.0481
11.0498
11.0515
11.0533
11.055
11.0567
11.0585
11.0602
11.062
11.0637
11.0654
11.0672
11.0689
11.0707
11.0724
11.0742
11.0759
11.0777
11.0794
11.0812
11.083
11.0847
11.0865
11.0882
11.09
11.0918
11.0935
11.0953
11.0971
11.0989
11.1006
11.1024
11.1042
11.106
11.1077
11.1095
11.1113
11.1131
11.1149
11.1167
11.1185
11.1202
11.122
11.1238
11.1256
11.1274
11.1292
11.131
11.1328
11.1346
11.1364
11.1382
11.14
11.1417
11.1435
11.1453
11.1471
11.1488
11.1506
11.1524
11.1541
11.1559
11.1577
11.1595
11.1613
11.163
11.1648
11.1666
11.1684
11.1702
11.172
11.1738
11.1756
11.1774
11.1792
11.181
11.1828
11.1846
11.1865
11.1883
11.1901
11.1919
11.1937
11.1956
11.1974
11.1992
11.2011
11.2029
11.2047
11.2066
11.2084
11.2103
11.2121
11.2139
11.2158
11.2176
11.2195
11.2213
11.2231
11.225
11.2268
11.2287
11.2305
11.2323
11.2342
11.236
11.2379
11.2397
11.2415
11.2434
11.2452
11.2471
11.2489
11.2507
11.2526
11.2544
11.2563
11.2581
11.2599
11.2618
11.2636
11.2654
11.2673
11.2691
11.271
11.2728
11.2746
11.2765
11.2783
11.2801
11.2819
11.2838
11.2856
11.2874
11.2893
11.2911
11.2929
11.2947
11.2965
11.2983
11.3002
11.302
11.3038
11.3056
11.3074
11.3092
11.311
11.3128
11.3146
11.3164
11.3182
11.32
11.3218
11.3236
11.3254
11.3271
11.3289
11.3307
11.3325
11.3343
11.3361
11.3378
11.3396
11.3414
11.3431
11.3449
11.3467
11.3484
11.3502
11.352
11.3537
11.3555
11.3572
11.359
11.3607
11.3625
11.3642
11.366
11.3677
11.3695
11.3712
11.373
11.3747
11.3764
11.3782
11.3799
11.3817
11.3834
11.3851
11.3869
11.3886
11.3903
11.3921
11.3938
11.3955
11.3972
11.399
11.4007
11.4024
11.4041
11.4059
11.4076
11.4093
11.411
11.4128
11.4145
11.4162
11.4179
11.4197
11.4214
11.4231
11.4248
11.4265
11.4283
11.43
11.4317
11.4334
11.4352
11.4369
11.4386
11.4403
11.4421
11.4438
11.4455
11.4472
11.449
11.4507
11.4524
11.4542
11.4559
11.4576
11.4594
11.4611
11.4628
11.4646
11.4663
11.468
11.4698
11.4715
11.4733
11.475
11.4767
11.4785
11.4802
11.482
11.4837
11.4855
11.4872
11.489
11.4908
11.4925
11.4943
11.496
11.4978
11.4995
11.5013
11.5031
11.5048
11.5066
11.5084
11.5101
11.5119
11.5137
11.5154
11.5172
11.519
11.5207
11.5225
11.5243
11.5261
11.5278
11.5296
11.5314
11.5332
11.5349
11.5367
11.5385
11.5403
11.5421
11.5438
11.5456
11.5474
11.5492
11.551
11.5527
11.5545
11.5563
11.5581
11.5599
11.5616
11.5634
11.5652
11.5669
11.5687
11.5704
11.5722
11.5739
11.5757
11.5774
11.5791
11.5809
11.5826
11.5844
11.5861
11.5879
11.5896
11.5913
11.5931
11.5948
11.5966
11.5983
11.6001
11.6018
11.6036
11.6053
11.6071
11.6089
11.6106
11.6124
11.6141
11.6159
11.6176
11.6194
11.6212
11.6229
11.6247
11.6265
11.6282
11.63
11.6317
11.6335
11.6353
11.637
11.6388
11.6406
11.6423
11.6441
11.6459
11.6477
11.6494
11.6512
11.653
11.6547
11.6565
11.6583
11.6601
11.6618
11.6636
11.6654
11.6672
11.6689
11.6707
11.6725
11.6743
11.6761
11.6778
11.6796
11.6814
11.6832
11.685
11.6868
11.6886
11.6903
11.6921
11.6939
11.6957
11.6975
11.6993
11.7011
11.7029
11.7047
11.7065
11.7083
11.7101
11.7119
11.7137
11.7155
11.7173
11.7191
11.7209
11.7227
11.7245
11.7263
11.7281
11.7299
11.7317
11.7335
11.7353
11.7371
11.7389
11.7407
11.7426
11.7444
11.7462
11.748
11.7498
11.7516
11.7535
11.7553
11.7571
11.7589
11.7608
11.7626
11.7644
11.7662
11.7681
11.7699
11.7717
11.7736
11.7754
11.7772
11.7791
11.7809
11.7827
11.7846
11.7864
11.7882
11.7901
11.7919
11.7938
11.7956
11.7975
11.7993
11.8011
11.803
11.8048
11.8067
11.8086
11.8104
11.8123
11.8141
11.816
11.8178
11.8197
11.8216
11.8234
11.8253
11.8272
11.829
11.8309
11.8328
11.8346
11.8365
11.8384
11.8403
11.8421
11.844
11.8459
11.8478
11.8497
11.8516
11.8534
11.8553
11.8572
11.859
11.8609
11.8627
11.8646
11.8664
11.8683
11.8701
11.872
11.8738
11.8756
11.8775
11.8794
11.8812
11.8831
11.8849
11.8868
11.8887
11.8905
11.8924
11.8943
11.8962
11.8981
11.8999
11.9018
11.9037
11.9056
11.9075
11.9094
11.9113
11.9132
11.9151
11.917
11.9189
11.9208
11.9227
11.9246
11.9265
11.9285
11.9304
11.9323
11.9342
11.9361
11.938
11.94
11.9419
11.9438
11.9457
11.9476
11.9495
11.9514
11.9534
11.9553
11.9572
11.9591
11.961
11.9629
11.9648
11.9667
11.9686
11.9705
11.9724
11.9744
11.9763
11.9782
11.9801
11.982
11.9839
11.9858
11.9877
11.9896
11.9915
11.9934
11.9953
11.9972
11.9991
12.001
12.0029
12.0048
12.0067
12.0086
12.0105
12.0123
12.0142
12.0161
12.018
12.0199
12.0218
12.0236
12.0255
12.0274
12.0293
12.0311
12.033
12.0349
12.0368
12.0386
12.0405
12.0423
12.0442
12.0461
12.0479
12.0498
12.0516
12.0535
12.0553
12.0572
12.059
12.0608
12.0627
12.0645
12.0664
12.0682
12.07
12.0718
12.0737
12.0755
12.0773
12.0791
12.081
12.0828
12.0846
12.0864
12.0882
12.09
12.0918
12.0937
12.0955
12.0973
12.0991
12.1009
12.1027
12.1045
12.1063
12.1081
12.1099
12.1117
12.1135
12.1153
12.1171
12.1188
12.1206
12.1224
12.1242
12.126
12.1278
12.1296
12.1314
12.1331
12.1349
12.1367
12.1385
12.1403
12.1421
12.1439
12.1456
12.1474
12.1492
12.151
12.1528
12.1546
12.1563
12.1581
12.1599
12.1617
12.1635
12.1653
12.167
12.1688
12.1706
12.1724
12.1742
12.176
12.1778
12.1796
12.1814
12.1832
12.185
12.1868
12.1886
12.1904
12.1922
12.194
12.1958
12.1976
12.1994
12.2012
12.203
12.2049
12.2067
12.2085
12.2103
12.2121
12.214
12.2158
12.2176
12.2195
12.2213
12.2231
12.225
12.2268
12.2286
12.2305
12.2323
12.2342
12.236
12.2379
12.2397
12.2416
12.2434
12.2453
12.2471
12.249
12.2508
12.2527
12.2545
12.2564
12.2583
12.2601
12.262
12.2639
12.2657
12.2676
12.2695
12.2713
12.2732
12.2751
12.2769
12.2788
12.2807
12.2825
12.2844
12.2863
12.2882
12.29
12.2919
12.2938
12.2957
12.2975
12.2994
12.3013
12.3032
12.305
12.3069
12.3088
12.3107
12.3125
12.3144
12.3163
12.3181
12.32
12.3218
12.3236
12.3255
12.3273
12.3292
12.331
12.3328
12.3347
12.3365
12.3383
12.3401
12.342
12.3438
12.3456
12.3474
12.3493
12.3511
12.3529
12.3548
12.3566
12.3584
12.3602
12.3621
12.3639
12.3657
12.3676
12.3694
12.3712
12.3731
12.3749
12.3767
12.3786
12.3804
12.3823
12.3841
12.3859
12.3878
12.3896
12.3915
12.3933
12.3951
12.397
12.3988
12.4007
12.4025
12.4043
12.4062
12.408
12.4099
12.4117
12.4136
12.4154
12.4173
12.4191
12.421
12.4228
12.4247
12.4265
12.4283
12.4302
12.432
12.4339
12.4357
12.4376
12.4394
12.4413
12.4431
12.445
12.4468
12.4487
12.4505
12.4524
12.4543
12.4561
12.458
12.4598
12.4617
12.4635
12.4654
12.4672
12.4691
12.4709
12.4728
12.4747
12.4765
12.4784
12.4802
12.4821
12.484
12.4858
12.4877
12.4895
12.4914
12.4933
12.4951
12.497
12.4989
12.5007
12.5026
12.5045
12.5063
12.5082
12.5101
12.5119
12.5138
12.5157
12.5175
12.5194
12.5213
12.5232
12.525
12.5269
12.5288
12.5307
12.5325
12.5344
12.5363
12.5382
12.54
12.5419
12.5438
12.5457
12.5476
12.5494
12.5513
12.5532
12.5551
12.557
12.5589
12.5607
12.5626
12.5645
12.5664
12.5683
12.5702
12.5721
12.574
12.5759
12.5778
12.5797
12.5816
12.5835
12.5854
12.5873
12.5892
12.5911
12.593
12.5949
12.5968
12.5987
12.6006
12.6025
12.6044
12.6063
12.6082
12.6101
12.612
12.614
12.6159
12.6178
12.6197
12.6216
12.6236
12.6255
12.6274
12.6293
12.6313
12.6332
12.6351
12.637
12.639
12.6409
12.6428
12.6447
12.6467
12.6486
12.6505
12.6525
12.6544
12.6563
12.6583
12.6602
12.6622
12.6641
12.666
12.668
12.6699
12.6719
12.6738
12.6758
12.6777
12.6797
12.6816
12.6835
12.6855
12.6874
12.6893
12.6912
12.6931
12.695
12.6969
12.6988
12.7006
12.7024
12.7043
12.7061
12.7079
12.7097
12.7115
12.7133
12.7151
12.7169
12.7187
12.7205
12.7223
12.7242
12.726
12.7278
12.7296
12.7314
12.7332
12.735
12.7368
12.7387
12.7405
12.7423
12.7441
12.7459
12.7477
12.7495
12.7513
12.7531
12.7549
12.7567
12.7585
12.7603
12.7621
12.7639
12.7657
12.7675
12.7693
12.7711
12.7729
12.7746
12.7764
12.7782
12.78
12.7818
12.7835
12.7853
12.7871
12.7888
12.7906
12.7923
12.794
12.7958
12.7975
12.7992
12.8009
12.8026
12.8043
12.806
12.8076
12.8093
12.811
12.8126
12.8143
12.816
12.8176
12.8193
12.8209
12.8226
12.8242
12.8259
12.8275
12.8292
12.8308
12.8325
12.8341
12.8357
12.8374
12.839
12.8406
12.8423
12.8439
12.8455
12.8471
12.8488
12.8504
12.852
12.8536
12.8552
12.8568
12.8584
12.86
12.8616
12.8632
12.8648
12.8664
12.868
12.8696
12.8712
12.8727
12.8743
12.8759
12.8775
12.879
12.8806
12.8822
12.8837
12.8853
12.8868
12.8884
12.8899
12.8915
12.893
12.8946
12.8961
12.8977
12.8992
12.9007
12.9023
12.9038
12.9053
12.9068
12.9084
12.9099
12.9114
12.9129
12.9144
12.9159
12.9174
12.919
12.9205
12.922
12.9235
12.925
12.9265
12.928
12.9295
12.9309
12.9324
12.9339
12.9354
12.9369
12.9384
12.9399
12.9413
12.9428
12.9443
12.9458
12.9473
12.9487
12.9502
12.9517
12.9531
12.9546
12.9561
12.9575
12.959
12.9605
12.9619
12.9634
12.9649
12.9663
12.9678
12.9692
12.9707
12.9721
12.9736
12.9751
12.9765
12.978
12.9794
12.9809
12.9823
12.9838
12.9852
12.9867
12.9881
12.9896
12.991
12.9925
12.9939
12.9954
12.9968
12.9983
12.9997
13.0012
13.0026
13.004
13.0055
13.0069
13.0084
13.0098
13.0113
13.0127
13.0142
13.0156
13.0171
13.0185
13.02
13.0214
13.0229
13.0243
13.0258
13.0272
13.0287
13.0301
13.0316
13.033
13.0345
13.0359
13.0374
13.0388
13.0403
13.0418
13.0432
13.0447
13.0461
13.0476
13.049
13.0505
13.0519
13.0534
13.0548
13.0563
13.0577
13.0592
13.0607
13.0621
13.0636
13.065
13.0665
13.0679
13.0694
13.0708
13.0723
13.0737
13.0751
13.0765
13.078
13.0794
13.0808
13.0822
13.0836
13.085
13.0864
13.0878
13.0892
13.0906
13.092
13.0934
13.0948
13.0962
13.0976
13.099
13.1004
13.1018
13.1032
13.1046
13.106
13.1074
13.1088
13.1102
13.1116
13.113
13.1144
13.1158
13.1172
13.1186
13.12
13.1214
13.1228
13.1243
13.1257
13.1271
13.1285
13.1299
13.1313
13.1327
13.1341
13.1355
13.1369
13.1383
13.1397
13.1411
13.1425
13.1439
13.1453
13.1467
13.1481
13.1495
13.1509
13.1523
13.1537
13.1551
13.1565
13.1579
13.1593
13.1607
13.1621
13.1635
13.1649
13.1663
13.1677
13.1691
13.1705
13.1719
13.1733
13.1747
13.1761
13.1775
13.1789
13.1803
13.1817
13.1831
13.1845
13.1859
13.1873
13.1887
13.1901
13.1915
13.1929
13.1943
13.1957
13.1971
13.1985
13.1999
13.2013
13.2027
13.2041
13.2054
13.2068
13.2082
13.2096
13.211
13.2124
13.2138
13.2152
13.2166
13.2179
13.2193
13.2207
13.2221
13.2235
13.2248
13.2262
13.2276
13.229
13.2304
13.2317
13.2331
13.2345
13.2359
13.2373
13.2387
13.24
13.2414
13.2428
13.2442
13.2456
13.247
13.2484
13.2497
13.2511
13.2525
13.2539
13.2553
13.2567
13.2581
13.2595
13.2609
13.2623
13.2637
13.2651
13.2665
13.2679
13.2693
13.2707
13.2721
13.2735
13.2749
13.2763
13.2777
13.2791
13.2805
13.2819
13.2833
13.2847
13.2861
13.2876
13.289
13.2904
13.2918
13.2932
13.2947
13.2961
13.2975
13.2989
13.3004
13.3018
13.3032
13.3047
13.3061
13.3075
13.309
13.3104
13.3118
13.3133
13.3147
13.3162
13.3176
13.3191
13.3205
13.322
13.3234
13.3249
13.3263
13.3278
13.3292
13.3307
13.3322
13.3336
13.3351
13.3366
13.338
13.3395
13.341
13.3425
13.3439
13.3454
13.3469
13.3484
13.3499
13.3514
13.3529
13.3543
13.3558
13.3573
13.3588
13.3603
13.3618
13.3633
13.3648
13.3664
13.3679
13.3694
13.3709
13.3724
13.3739
13.3754
13.377
13.3785
13.38
13.3816
13.3831
13.3846
13.3862
13.3877
13.3892
13.3908
13.3923
13.3939
13.3954
13.397
13.3985
13.4001
13.4016
13.4032
13.4047
13.4063
13.4079
13.4094
13.411
13.4126
13.4142
13.4157
13.4173
13.4189
13.4205
13.4221
13.4236
13.4252
13.4268
13.4284
13.43
13.4316
13.4332
13.4348
13.4364
13.438
13.4396
13.4412
13.4428
13.4445
13.4461
13.4477
13.4493
13.4509
13.4526
13.4542
13.4558
13.4575
13.4591
13.4607
13.4624
13.464
13.4656
13.4673
13.4689
13.4706
13.4722
13.4739
13.4755
13.4772
13.4789
13.4805
13.4822
13.4839
13.4855
13.4872
13.4889
13.4905
13.4922
13.4939
13.4956
13.4973
13.4989
13.5006
13.5023
13.504
13.5057
13.5074
13.5091
13.5108
13.5125
13.5142
13.5159
13.5176
13.5193
13.5211
13.5228
13.5245
13.5262
13.5279
13.5296
13.5313
13.533
13.5347
13.5364
13.5381
13.5398
13.5415
13.5432
13.5448
13.5465
13.5481
13.5498
13.5514
13.553
13.5547
13.5563
13.5579
13.5595
13.5611
13.5627
13.5643
13.5659
13.5674
13.569
13.5706
13.5722
13.5738
13.5754
13.577
13.5786
13.5802
13.5817
13.5833
13.5849
13.5865
13.5881
13.5897
13.5912
13.5928
13.5944
13.596
13.5975
13.5991
13.6007
13.6022
13.6038
13.6054
13.6069
13.6085
13.6101
13.6116
13.6132
13.6147
13.6163
13.6178
13.6193
13.6209
13.6224
13.6239
13.6254
13.6269
13.6284
13.6299
13.6314
13.6329
13.6344
13.6359
13.6373
13.6388
13.6402
13.6417
13.6432
13.6446
13.646
13.6475
13.6489
13.6504
13.6518
13.6532
13.6547
13.6561
13.6575
13.6589
13.6603
13.6618
13.6632
13.6646
13.666
13.6674
13.6689
13.6703
13.6717
13.6731
13.6745
13.6759
13.6773
13.6787
13.6801
13.6815
13.6829
13.6843
13.6857
13.6871
13.6885
13.6899
13.6913
13.6927
13.694
13.6954
13.6968
13.6982
13.6996
13.7009
13.7023
13.7037
13.7051
13.7064
13.7078
13.7092
13.7105
13.7119
13.7133
13.7146
13.716
13.7174
13.7187
13.7201
13.7215
13.7228
13.7242
13.7256
13.7269
13.7283
13.7296
13.731
13.7324
13.7337
13.7351
13.7365
13.7378
13.7392
13.7405
13.7419
13.7433
13.7446
13.746
13.7474
13.7487
13.7501
13.7514
13.7528
13.7542
13.7555
13.7569
13.7583
13.7596
13.761
13.7623
13.7637
13.7651
13.7664
13.7678
13.7692
13.7705
13.7719
13.7733
13.7746
13.776
13.7774
13.7787
13.7801
13.7815
13.7828
13.7842
13.7856
13.7869
13.7883
13.7897
13.791
13.7924
13.7938
13.7951
13.7965
13.7979
13.7992
13.8006
13.802
13.8034
13.8047
13.8061
13.8075
13.8088
13.8102
13.8116
13.8129
13.8143
13.8156
13.817
13.8183
13.8197
13.821
13.8224
13.8237
13.8251
13.8264
13.8277
13.8291
13.8304
13.8317
13.8331
13.8344
13.8357
13.8371
13.8384
13.8397
13.8411
13.8424
13.8438
13.8451
13.8464
13.8478
13.8491
13.8504
13.8518
13.8531
13.8544
13.8558
13.8571
13.8584
13.8598
13.8611
13.8625
13.8638
13.8651
13.8665
13.8678
13.8691
13.8705
13.8718
13.8731
13.8745
13.8758
13.8772
13.8785
13.8798
13.8812
13.8825
13.8838
13.8852
13.8865
13.8879
13.8892
13.8905
13.8919
13.8932
13.8945
13.8959
13.8972
13.8985
13.8999
13.9012
13.9026
13.9039
13.9052
13.9066
13.9079
13.9092
13.9106
13.9119
13.9132
13.9146
13.9159
13.9172
13.9186
13.9199
13.9213
13.9226
13.9239
13.9253
13.9266
13.9279
13.9293
13.9306
13.9319
13.9333
13.9346
13.9359
13.9373
13.9386
13.9399
13.9413
13.9426
13.9439
13.9453
13.9466
13.9479
13.9493
13.9506
13.9519
13.9533
13.9546
13.9559
13.9573
13.9586
13.9599
13.9612
13.9626
13.9639
13.9652
13.9666
13.9679
13.9692
13.9706
13.9719
13.9732
13.9745
13.9759
13.9772
13.9785
13.9799
13.9812
13.9825
13.9838
13.9852
13.9865
13.9878
13.9891
13.9905
13.9918
13.9931
13.9944
13.9957
13.997
13.9983
13.9997
14.001
14.0023
14.0036
14.0049
14.0062
14.0075
14.0089
14.0102
14.0115
14.0128
14.0141
14.0154
14.0167
14.018
14.0194
14.0207
14.022
14.0233
14.0246
14.0259
14.0273
14.0286
14.0299
14.0312
14.0325
14.0338
14.0352
14.0365
14.0378
14.0391
14.0404
14.0418
14.0431
14.0444
14.0457
14.047
14.0484
14.0497
14.051
14.0523
14.0537
14.055
14.0563
14.0577
14.059
14.0603
14.0616
14.063
14.0643
14.0657
14.067
14.0683
14.0697
14.071
14.0724
14.0737
14.075
14.0764
14.0777
14.0791
14.0805
14.0818
14.0832
14.0845
14.0859
14.0872
14.0886
14.09
14.0913
14.0927
14.0941
14.0954
14.0968
14.0982
14.0996
14.1009
14.1023
14.1037
14.1051
14.1065
14.1079
14.1093
14.1106
14.112
14.1134
14.1148
14.1162
14.1176
14.119
14.1204
14.1218
14.1232
14.1247
14.1261
14.1275
14.1289
14.1303
14.1317
14.1332
14.1346
14.136
14.1374
14.1388
14.1403
14.1417
14.1431
14.1446
14.146
14.1474
14.1489
14.1503
14.1518
14.1532
14.1547
14.1561
14.1575
14.159
14.1604
14.1619
14.1634
14.1648
14.1663
14.1677
14.1692
14.1707
14.1721
14.1736
14.1751
14.1765
14.178
14.1795
14.1809
14.1824
14.1839
14.1854
14.1868
14.1883
14.1898
14.1913
14.1928
14.1942
14.1957
14.1972
14.1987
14.2001
14.2016
14.2031
14.2046
14.206
14.2075
14.209
14.2104
14.2119
14.2134
14.2148
14.2163
14.2178
14.2193
14.2207
14.2222
14.2237
14.2251
14.2266
14.2281
14.2296
14.231
14.2325
14.234
14.2355
14.237
14.2384
14.2399
14.2414
14.2429
14.2444
14.2459
14.2473
14.2488
14.2503
14.2518
14.2533
14.2548
14.2563
14.2578
14.2592
14.2607
14.2622
14.2637
14.2652
14.2667
14.2682
14.2696
14.2711
14.2726
14.2741
14.2756
14.2771
14.2785
14.28
14.2815
14.283
14.2844
14.2859
14.2874
14.2888
14.2903
14.2918
14.2932
14.2947
14.2961
14.2976
14.299
14.3005
14.3019
14.3034
14.3048
14.3063
14.3077
14.3092
14.3106
14.312
14.3135
14.3149
14.3163
14.3178
14.3192
14.3206
14.3221
14.3235
14.3249
14.3263
14.3278
14.3292
14.3306
14.332
14.3334
14.3348
14.3363
14.3377
14.3391
14.3405
14.3419
14.3433
14.3447
14.3461
14.3476
14.349
14.3504
14.3518
14.3532
14.3546
14.356
14.3574
14.3588
14.3602
14.3616
14.363
14.3644
14.3657
14.3671
14.3685
14.3699
14.3713
14.3727
14.3741
14.3755
14.3769
14.3782
14.3796
14.381
14.3824
14.3838
14.3852
14.3865
14.3879
14.3893
14.3907
14.392
14.3934
14.3948
14.3962
14.3976
14.3989
14.4003
14.4017
14.4031
14.4044
14.4058
14.4072
14.4086
14.4099
14.4113
14.4127
14.4141
14.4154
14.4168
14.4182
14.4196
14.4209
14.4223
14.4237
14.4251
14.4264
14.4278
14.4292
14.4306
14.4319
14.4333
14.4347
14.436
14.4374
14.4388
14.4401
14.4415
14.4428
14.4442
14.4455
14.4469
14.4482
14.4496
14.4509
14.4523
14.4536
14.455
14.4563
14.4576
14.459
14.4603
14.4616
14.463
14.4643
14.4657
14.467
14.4683
14.4697
14.471
14.4724
14.4737
14.4751
14.4764
14.4777
14.4791
14.4804
14.4818
14.4831
14.4845
14.4858
14.4872
14.4885
14.4899
14.4912
14.4926
14.4939
14.4953
14.4966
14.498
14.4993
14.5007
14.502
14.5034
14.5048
14.5061
14.5075
14.5088
14.5102
14.5116
14.5129
14.5143
14.5157
14.517
14.5184
14.5198
14.5211
14.5225
14.5239
14.5252
14.5266
14.528
14.5294
14.5308
14.5321
14.5335
14.5349
14.5363
14.5377
14.539
14.5404
14.5418
14.5432
14.5446
14.546
14.5474
14.5488
14.5502
14.5516
14.553
14.5544
14.5558
14.5572
14.5586
14.56
14.5614
14.5628
14.5642
14.5656
14.567
14.5684
14.5698
14.5713
14.5727
14.5741
14.5755
14.5769
14.5784
14.5798
14.5812
14.5826
14.5841
14.5855
14.5869
14.5883
14.5898
14.5912
14.5926
14.5941
14.5955
14.5969
14.5984
14.5998
14.6013
14.6027
14.6041
14.6056
14.607
14.6085
14.6099
14.6114
14.6128
14.6143
14.6157
14.6172
14.6186
14.6201
14.6215
14.623
14.6244
14.6259
14.6274
14.6288
14.6303
14.6317
14.6332
14.6347
14.6361
14.6376
14.6391
14.6405
14.642
14.6435
14.6449
14.6464
14.6479
14.6494
14.6508
14.6523
14.6538
14.6553
14.6567
14.6582
14.6597
14.6612
14.6626
14.6641
14.6656
14.6671
14.6686
14.6701
14.6715
14.673
14.6745
14.676
14.6775
14.679
14.6805
14.682
14.6835
14.685
14.6865
14.688
14.6895
14.691
14.6925
14.694
14.6955
14.697
14.6985
14.7
14.7015
14.703
14.7045
14.706
14.7075
14.709
14.7105
14.712
14.7134
14.7149
14.7164
14.7179
14.7194
14.7209
14.7224
14.7239
14.7255
14.727
14.7285
14.73
14.7315
14.7331
14.7346
14.7361
14.7376
14.7392
14.7407
14.7423
14.7438
14.7453
14.7469
14.7484
14.75
14.7515
14.7531
14.7546
14.7562
14.7578
14.7593
14.7609
14.7624
14.764
14.7656
14.7672
14.7687
14.7703
14.7719
14.7734
14.775
14.7766
14.7782
14.7798
14.7813
14.7829
14.7845
14.7861
14.7877
14.7893
14.7908
14.7924
14.794
14.7956
14.7972
14.7988
14.8004
14.802
14.8036
14.8052
14.8068
14.8084
14.81
14.8116
14.8132
14.8148
14.8164
14.818
14.8197
14.8213
14.8229
14.8245
14.8261
14.8277
14.8293
14.831
14.8326
14.8342
14.8358
14.8374
14.8391
14.8407
14.8423
14.8439
14.8456
14.8472
14.8488
14.8504
14.8521
14.8537
14.8553
14.857
14.8586
14.8602
14.8619
14.8635
14.8652
14.8668
14.8684
14.8701
14.8717
14.8734
14.875
14.8767
14.8783
14.88
14.8816
14.8833
14.885
14.8866
14.8883
14.8899
14.8916
14.8933
14.8949
14.8966
14.8983
14.9
14.9016
14.9033
14.905
14.9067
14.9083
14.91
14.9117
14.9134
14.9151
14.9168
14.9184
14.9201
14.9218
14.9235
14.9252
14.9268
14.9285
14.9302
14.9319
14.9336
14.9352
14.9369
14.9386
14.9403
14.942
14.9436
14.9453
14.947
14.9486
14.9503
14.952
14.9536
14.9553
14.957
14.9586
14.9603
14.962
14.9636
14.9653
14.9669
14.9686
14.9702
14.9719
14.9736
14.9752
14.9769
14.9785
14.9802
14.9818
14.9835
14.9851
14.9868
14.9884
14.99
14.9917
14.9933
14.995
14.9966
14.9983
14.9999
15.0016
15.0032
15.0048
15.0065
15.0081
15.0098
15.0114
15.0131
15.0147
15.0163
15.018
15.0196
15.0213
15.0229
15.0246
15.0262
15.0278
15.0295
15.0311
15.0328
15.0344
15.0361
15.0377
15.0394
15.041
15.0426
15.0443
15.0459
15.0476
15.0492
15.0509
15.0525
15.0542
15.0558
15.0575
15.0591
15.0608
15.0624
15.0641
15.0657
15.0674
15.069
15.0707
15.0724
15.074
15.0757
15.0773
15.079
15.0807
15.0823
15.084
15.0857
15.0873
15.089
15.0907
15.0923
15.094
15.0957
15.0973
15.099
15.1007
15.1024
15.1041
15.1057
15.1074
15.1091
15.1108
15.1125
15.1142
15.1159
15.1176
15.1193
15.121
15.1226
15.1243
15.126
15.1278
15.1295
15.1312
15.1329
15.1346
15.1363
15.138
15.1397
15.1414
15.1432
15.1449
15.1466
15.1483
15.1501
15.1518
15.1535
15.1553
15.157
15.1587
15.1605
15.1622
15.164
15.1657
15.1675
15.1692
15.171
15.1727
15.1745
15.1763
15.178
15.1798
15.1815
15.1833
15.1851
15.1869
15.1886
15.1904
15.1922
15.194
15.1958
15.1976
15.1994
15.2012
15.203
15.2048
15.2066
15.2084
15.2102
15.212
15.2139
15.2157
15.2175
15.2193
15.2211
15.223
15.2248
15.2266
15.2285
15.2303
15.2322
15.234
15.2359
15.2377
15.2396
15.2415
15.2433
15.2452
15.2471
15.249
15.2508
15.2527
15.2546
15.2565
15.2584
15.2603
15.2622
15.2641
15.266
15.2679
15.2699
15.2718
15.2737
15.2756
15.2776
15.2795
15.2815
15.2834
15.2854
15.2873
15.2893
15.2912
15.2932
15.2952
15.2971
15.2991
15.3011
15.3031
15.3051
15.3071
15.3091
15.3111
15.3131
15.3151
15.3171
15.3191
15.3212
15.3232
15.3252
15.3273
15.3293
15.3314
15.3334
15.3355
15.3376
15.3396
15.3417
15.3438
15.3459
15.348
15.3501
15.3522
15.3543
15.3564
15.3585
15.3606
15.3627
15.3649
15.367
15.3691
15.3713
15.3734
15.3756
15.3777
15.3799
15.382
15.3842
15.3864
15.3886
15.3907
15.3929
15.3951
15.3973
15.3995
15.4017
15.4039
15.4061
15.4083
15.4106
15.4128
15.415
15.4172
15.4195
15.4217
15.4239
15.4262
15.4284
15.4307
15.4329
15.4352
15.4374
15.4397
15.442
15.4442
15.4465
15.4488
15.4511
15.4533
15.4556
15.4579
15.4602
15.4625
15.4648
15.4671
15.4694
15.4717
15.474
15.4763
15.4786
15.4809
15.4832
15.4856
15.4879
15.4902
15.4925
15.4948
15.4972
15.4995
15.5018
15.5042
15.5065
15.5088
15.5112
15.5135
15.5158
15.5182
15.5205
15.5229
15.5252
15.5276
15.5299
15.5323
15.5346
15.537
15.5393
15.5417
15.544
15.5464
15.5488
15.5511
15.5535
15.5558
15.5582
15.5606
15.5629
15.5653
15.5677
15.5701
15.5724
15.5748
15.5772
15.5795
15.5819
15.5843
15.5867
15.5891
15.5914
15.5938
15.5962
15.5986
15.601
15.6034
15.6058
15.6082
15.6106
15.6129
15.6153
15.6177
15.6201
15.6225
15.6249
15.6273
15.6297
15.6321
15.6345
15.6369
15.6393
15.6418
15.6442
15.6466
15.649
15.6514
15.6538
15.6562
15.6586
15.661
15.6634
15.6659
15.6683
15.6707
15.6731
15.6755
15.6779
15.6804
15.6828
15.6852
15.6876
15.69
15.6925
15.6949
15.6973
15.6997
15.7021
15.7046
15.707
15.7094
15.7118
15.7143
15.7167
15.7191
15.7215
15.724
15.7264
15.7288
15.7312
15.7337
15.7361
15.7385
15.741
15.7434
15.7458
15.7482
15.7507
15.7531
15.7555
15.758
15.7604
15.7628
15.7652
15.7677
15.7701
15.7725
15.775
15.7774
15.7798
15.7823
15.7847
15.7871
15.7896
15.792
15.7944
15.7969
15.7993
15.8018
15.8042
15.8066
15.8091
15.8115
15.814
15.8164
15.8189
15.8213
15.8238
15.8262
15.8287
15.8311
15.8336
15.836
15.8385
15.8409
15.8434
15.8458
15.8483
15.8507
15.8532
15.8557
15.8581
15.8606
15.863
15.8655
15.868
15.8704
15.8729
15.8754
15.8778
15.8803
15.8828
15.8853
15.8877
15.8902
15.8927
15.8952
15.8977
15.9001
15.9026
15.9051
15.9076
15.9101
15.9126
15.915
15.9175
15.92
15.9225
15.925
15.9275
15.93
15.9325
15.935
15.9375
15.94
15.9425
15.945
15.9475
15.95
15.9525
15.955
15.9575
15.96
15.9625
15.965
15.9675
15.97
15.9725
15.975
15.9775
15.98
15.9825
15.985
15.9875
15.99
15.9925
15.995
15.9975
16
16.0025
16.005
16.0075
16.01
16.0125
16.015
16.0175
16.02
16.0225
16.025
16.0275
16.03
16.0325
16.035
16.0375
16.04
16.0425
16.045
16.0475
16.05
16.0525
16.055
16.0575
16.06
16.0625
16.065
16.0675
16.07
16.0725
16.075
16.0775
16.08
16.0825
16.085
16.0875
16.09
16.0925
16.095
16.0975
16.1
16.1025
16.105
16.1075
16.11
16.1125
16.115
16.1175
16.12
16.1225
16.125
16.1275
16.13
16.1325
16.135
16.1375
16.14
16.1425
16.145
16.1475
16.15
16.1525
16.155
16.1576
16.1601
16.1626
16.1651
16.1676
16.1701
16.1726
16.1751
16.1776
16.1801
16.1825
16.185
16.1875
16.19
16.1925
16.195
16.1975
16.2
16.2025
16.205
16.2075
16.21
16.2125
16.215
16.2175
16.22
16.2225
16.225
16.2275
16.23
16.2325
16.235
16.2375
16.24
16.2425
16.245
16.2475
16.25
16.2525
16.255
16.2575
16.26
16.2625
16.265
16.2675
16.27
16.2725
16.275
16.2775
16.28
16.2825
16.285
16.2875
16.29
16.2925
16.295
16.2975
16.3
16.3025
16.305
16.3075
16.31
16.3125
16.315
16.3175
16.3201
16.3226
16.3251
16.3276
16.3301
16.3326
16.3351
16.3376
16.3401
16.3426
16.3451
16.3476
16.3501
16.3526
16.3551
16.3576
16.3601
16.3626
16.3651
16.3676
16.3701
16.3726
16.3751
16.3776
16.3801
16.3826
16.3851
16.3876
16.3901
16.3926
16.3951
16.3976
16.4001
16.4026
16.4051
16.4075
