distance
0
-1.08216e-07
-4.10136e-07
-7.64601e-07
-1.28871e-06
-1.94394e-06
-2.80363e-06
-3.82713e-06
-5.08728e-06
-6.54542e-06
-8.27056e-06
-1.02259e-05
-1.24749e-05
-1.49834e-05
-1.78089e-05
-2.09308e-05
-2.44041e-05
-2.82071e-05
-3.23847e-05
-3.69201e-05
-4.18495e-05
-4.71271e-05
-5.28469e-05
-5.90395e-05
-6.57704e-05
-7.3045e-05
-8.09133e-05
-8.93567e-05
-9.84367e-05
-0.00010817
-0.000118595
-0.000129704
-0.000141542
-0.000154074
-0.000167181
-0.000180734
-0.000194479
-0.000208614
-0.000222997
-0.000237387
-0.000252087
-0.000266893
-0.000281595
-0.000296363
-0.000311129
-0.000325741
-0.000340472
-0.000355118
-0.00036954
-0.000384003
-0.000398338
-0.000412405
-0.000426055
-0.000439616
-0.000452971
-0.000465859
-0.000478218
-0.000490363
-0.000502171
-0.000513447
-0.000524216
-0.000534823
-0.000545
-0.000554566
-0.000563394
-0.000571844
-0.000579715
-0.000586992
-0.000593366
-0.000598662
-0.000603116
-0.0006065
-0.000609176
-0.000610993
-0.000611712
-0.000611595
-0.000610368
-0.000608137
-0.000604571
-0.000599439
-0.000593132
-0.00058552
-0.000576346
-0.00056542
-0.000552521
-0.000538155
-0.000522148
-0.000504281
-0.000484349
-0.000462137
-0.000438141
-0.000412198
-0.000384089
-0.000353538
-0.000320377
-0.000285149
-0.000247619
-0.00020755
-0.000164675
-0.00011881
-7.00479e-05
-1.81361e-05
3.68299e-05
9.5036e-05
0.000156621
0.000221615
0.000290103
0.00036202
0.000437556
0.000516801
0.000599715
0.000686471
0.00077712
0.000871525
0.000969812
0.00107121
0.00117591
0.00128408
0.00139585
0.00151049
0.0016282
0.00174905
0.00187254
0.00199877
0.00212733
0.00225832
0.00239173
0.00252724
0.00266485
0.00280283
0.00294217
0.00308328
0.00322598
0.00336978
0.00351488
0.00366133
0.00380892
0.00395778
0.0041082
0.00425995
0.00441328
0.00456838
0.00472527
0.00488416
0.00504534
0.00520881
0.00537494
0.00554386
0.00571544
0.00588968
0.00606662
0.00624613
0.00642801
0.00661227
0.00679898
0.00698809
0.0071795
0.0073733
0.00756963
0.00776848
0.0079698
0.00817368
0.00838027
0.00858957
0.00880152
0.00901623
0.00923382
0.00945431
0.00967769
0.00990403
0.0101334
0.0103659
0.0106015
0.0108401
0.0110821
0.0113274
0.0115759
0.0118277
0.012083
0.0123417
0.0126039
0.0128697
0.0131391
0.013412
0.0136886
0.0139689
0.0142529
0.0145406
0.0148322
0.0151275
0.0154268
0.0157299
0.016037
0.016348
0.0166632
0.0169823
0.0173056
0.017633
0.0179645
0.0183002
0.0186399
0.0189838
0.0193318
0.019684
0.0200404
0.0204008
0.0207654
0.0211342
0.021507
0.021884
0.0222653
0.0226508
0.0230407
0.0234349
0.0238335
0.0242365
0.0246439
0.025056
0.0254727
0.025894
0.0263202
0.0267511
0.0271868
0.0276274
0.0280728
0.0285231
0.0289783
0.0294386
0.0299037
0.0303737
0.0308487
0.0313287
0.0318136
0.0323033
0.032798
0.0332975
0.0338019
0.0343111
0.034825
0.0353438
0.0358672
0.0363954
0.0369282
0.0374656
0.0380075
0.038554
0.039105
0.0396604
0.04022
0.040784
0.0413523
0.0419247
0.0425011
0.0430815
0.0436659
0.0442542
0.0448462
0.0454419
0.0460412
0.0466441
0.0472504
0.04786
0.048473
0.0490891
0.0497083
0.0503304
0.0509555
0.0515834
0.052214
0.0528473
0.0534829
0.054121
0.0547613
0.0554038
0.0560484
0.0566949
0.0573432
0.0579932
0.0586448
0.0592979
0.0599523
0.060608
0.0612648
0.0619228
0.0625818
0.0632419
0.0639029
0.0645647
0.0652274
0.065891
0.0665552
0.0672202
0.0678858
0.0685521
0.069219
0.0698865
0.0705545
0.0712231
0.0718922
0.0725617
0.0732318
0.0739024
0.0745734
0.0752448
0.0759167
0.0765891
0.0772618
0.077935
0.0786086
0.0792808
0.07995
0.0806152
0.0812761
0.0819326
0.0825851
0.0832343
0.0838805
0.0845245
0.0851666
0.0858073
0.0864473
0.0870869
0.0877264
0.0883663
0.0890067
0.0896479
0.09029
0.0909332
0.0915775
0.0922229
0.0928694
0.093517
0.0941656
0.0948154
0.0954663
0.0961184
0.0967715
0.0974257
0.098081
0.0987374
0.099395
0.100054
0.100713
0.101374
0.102036
0.102699
0.103363
0.104028
0.104695
0.105362
0.10603
0.1067
0.10737
0.108042
0.108715
0.109389
0.110064
0.11074
0.111417
0.112095
0.112774
0.113455
0.114136
0.114819
0.115503
0.116188
0.116874
0.117561
0.118249
0.118938
0.119629
0.120321
0.121013
0.121707
0.122403
0.123099
0.123796
0.124495
0.125195
0.125896
0.126598
0.127302
0.128007
0.128713
0.12942
0.130128
0.130838
0.131547
0.132257
0.132968
0.133681
0.134394
0.135109
0.135825
0.136543
0.137261
0.137981
0.138701
0.139423
0.140146
0.140871
0.141596
0.142323
0.143051
0.14378
0.14451
0.145242
0.145975
0.14671
0.147445
0.148183
0.148921
0.149661
0.150402
0.151145
0.151889
0.152634
0.153381
0.154129
0.154879
0.155629
0.156381
0.157134
0.157889
0.158645
0.159402
0.160161
0.160921
0.161683
0.162447
0.163211
0.163978
0.164744
0.165509
0.166276
0.167044
0.167814
0.168585
0.169357
0.17013
0.170905
0.171682
0.17246
0.17324
0.17402
0.174803
0.175587
0.176371
0.177158
0.177945
0.178733
0.179522
0.180311
0.181102
0.181893
0.182685
0.183478
0.184271
0.185064
0.185857
0.186651
0.187445
0.188239
0.189033
0.189827
0.190621
0.191414
0.192208
0.193001
0.193794
0.194586
0.195378
0.19617
0.196961
0.197752
0.198542
0.199331
0.20012
0.200908
0.201695
0.202482
0.203268
0.204054
0.204838
0.205622
0.206406
0.207188
0.20797
0.208751
0.209531
0.210311
0.21109
0.211869
0.212647
0.213424
0.214201
0.214977
0.215752
0.216527
0.217302
0.218076
0.21885
0.219624
0.220397
0.22117
0.221942
0.222715
0.223487
0.224259
0.22503
0.225802
0.226573
0.227345
0.228116
0.228888
0.229659
0.230431
0.231202
0.231974
0.232746
0.233518
0.23429
0.235063
0.235836
0.23661
0.237384
0.238158
0.238933
0.239709
0.240485
0.241262
0.242039
0.242818
0.243597
0.244377
0.245157
0.245939
0.246722
0.247506
0.248291
0.249077
0.249864
0.250652
0.251442
0.252233
0.253025
0.253819
0.254614
0.255411
0.256209
0.257008
0.257809
0.258612
0.259416
0.260222
0.26103
0.26184
0.262651
0.263464
0.264279
0.265097
0.265916
0.266737
0.26756
0.268386
0.269213
0.270043
0.270875
0.27171
0.272546
0.273386
0.274227
0.275071
0.275918
0.276767
0.277618
0.278472
0.279329
0.280188
0.28105
0.281915
0.282782
0.283652
0.284525
0.2854
0.286279
0.28716
0.288044
0.288931
0.28982
0.290713
0.291608
0.292507
0.293408
0.294313
0.29522
0.29613
0.297044
0.29796
0.298879
0.299802
0.300727
0.301656
0.302587
0.303522
0.30446
0.305401
0.306345
0.307291
0.308242
0.309195
0.310151
0.31111
0.312073
0.313038
0.314007
0.314979
0.315954
0.316932
0.317913
0.318898
0.319885
0.320876
0.32187
0.322867
0.323867
0.32487
0.325877
0.326887
0.327899
0.328915
0.329935
0.330957
0.331982
0.333011
0.334043
0.335077
0.336115
0.337156
0.338201
0.339248
0.340298
0.341351
0.342408
0.343467
0.344529
0.345595
0.346663
0.347734
0.348808
0.349885
0.350965
0.352047
0.353133
0.354221
0.355311
0.356404
0.3575
0.358599
0.3597
0.360803
0.361909
0.363017
0.364128
0.36524
0.366355
0.367472
0.368591
0.369712
0.370835
0.37196
0.373086
0.374215
0.375345
0.376476
0.377609
0.378743
0.379879
0.381016
0.382154
0.383293
0.384434
0.385576
0.386718
0.387862
0.389006
0.390152
0.391298
0.392445
0.393593
0.394742
0.395891
0.397041
0.398191
0.399342
0.400493
0.401645
0.402798
0.403951
0.405104
0.406256
0.407408
0.408561
0.409714
0.410863
0.412007
0.413145
0.414277
0.415403
0.416526
0.417646
0.418764
0.419881
0.420997
0.422114
0.42323
0.424347
0.425464
0.426582
0.427701
0.42882
0.429939
0.43106
0.432181
0.433302
0.434425
0.435548
0.436672
0.437796
0.438921
0.440047
0.441173
0.4423
0.443427
0.444555
0.445684
0.446814
0.447944
0.449075
0.450207
0.45134
0.452474
0.453609
0.454744
0.455879
0.457016
0.458153
0.459291
0.460429
0.461568
0.462708
0.463848
0.464989
0.46613
0.467272
0.468415
0.469558
0.470702
0.471847
0.472993
0.47414
0.475288
0.476435
0.477584
0.478734
0.479885
0.481036
0.482188
0.483341
0.484495
0.48565
0.486802
0.487952
0.489097
0.490239
0.491378
0.492515
0.493651
0.494786
0.495921
0.497057
0.498193
0.49933
0.500468
0.501607
0.502747
0.503889
0.505032
0.506176
0.507322
0.508468
0.509617
0.510766
0.511917
0.513069
0.514223
0.515379
0.516535
0.517694
0.518853
0.520014
0.521177
0.522341
0.523506
0.524673
0.525841
0.527011
0.528181
0.529354
0.530527
0.531702
0.532878
0.534055
0.535233
0.536413
0.537593
0.538775
0.539959
0.541143
0.542328
0.543515
0.544703
0.545892
0.547082
0.548273
0.549466
0.55066
0.551854
0.553051
0.554248
0.555446
0.556646
0.557846
0.559048
0.560251
0.561456
0.562661
0.563868
0.565076
0.566285
0.567495
0.568706
0.569919
0.571132
0.572347
0.573563
0.574781
0.575999
0.577219
0.57844
0.579662
0.580885
0.58211
0.583336
0.584563
0.585791
0.587021
0.588252
0.589484
0.590718
0.591951
0.593183
0.594413
0.595641
0.596868
0.598092
0.599314
0.600534
0.601753
0.602969
0.604184
0.605398
0.606611
0.607824
0.609037
0.610246
0.611452
0.612655
0.613855
0.61505
0.616242
0.617429
0.618613
0.619795
0.620975
0.622154
0.623333
0.624511
0.625689
0.626867
0.628045
0.629225
0.630404
0.631585
0.632766
0.633948
0.635131
0.636314
0.637497
0.638681
0.639864
0.641048
0.642231
0.643415
0.644597
0.645779
0.646961
0.648141
0.649321
0.650499
0.651675
0.652849
0.654021
0.655191
0.656358
0.657522
0.658683
0.659841
0.660996
0.662147
0.663294
0.664438
0.665579
0.666716
0.667849
0.668979
0.670106
0.671229
0.672349
0.673466
0.67458
0.67569
0.676798
0.677903
0.679005
0.680104
0.6812
0.682294
0.683386
0.684475
0.685562
0.686647
0.687729
0.688809
0.689888
0.690964
0.692038
0.69311
0.694181
0.69525
0.696316
0.697381
0.698445
0.699506
0.700566
0.701624
0.70268
0.703734
0.704787
0.705838
0.706888
0.707935
0.708982
0.710026
0.711069
0.71211
0.713149
0.714187
0.715224
0.716258
0.717292
0.718323
0.719353
0.720382
0.72141
0.722435
0.72346
0.724483
0.725505
0.726525
0.727544
0.728562
0.729578
0.730593
0.731607
0.73262
0.733631
0.734641
0.73565
0.736658
0.737664
0.738669
0.739674
0.740676
0.741678
0.742679
0.743678
0.744676
0.745674
0.74667
0.747665
0.748658
0.749651
0.750642
0.751633
0.752622
0.75361
0.754598
0.755584
0.756568
0.757552
0.758535
0.759517
0.760497
0.761477
0.762455
0.763432
0.764408
0.765383
0.766357
0.76733
0.768301
0.769272
0.770241
0.771209
0.772176
0.773141
0.774105
0.775068
0.77603
0.776991
0.77795
0.778908
0.779864
0.780819
0.781774
0.782726
0.783678
0.784628
0.785577
0.786525
0.787472
0.788417
0.789362
0.790305
0.791247
0.792187
0.793127
0.794066
0.795003
0.79594
0.796875
0.79781
0.798743
0.799676
0.800607
0.801538
0.802467
0.803396
0.804324
0.805251
0.806177
0.807102
0.808026
0.80895
0.809873
0.810795
0.811716
0.812637
0.813557
0.814476
0.815395
0.816313
0.81723
0.818147
0.819063
0.819979
0.820894
0.821808
0.822722
0.823636
0.824549
0.825462
0.826375
0.827287
0.828198
0.82911
0.830021
0.830932
0.831843
0.832753
0.833663
0.834573
0.835483
0.836393
0.837302
0.838212
0.839121
0.84003
0.84094
0.841849
0.842758
0.843667
0.844576
0.845486
0.846395
0.847304
0.848214
0.849123
0.850033
0.850943
0.851853
0.852763
0.853673
0.854584
0.855494
0.856405
0.857316
0.858228
0.859139
0.860051
0.860963
0.861876
0.862788
0.863702
0.864615
0.865529
0.866443
0.867357
0.868272
0.869187
0.870103
0.871019
0.871935
0.872852
0.873769
0.874687
0.875605
0.876523
0.877442
0.878362
0.879282
0.880202
0.881122
0.882044
0.882965
0.883887
0.88481
0.885733
0.886656
0.88758
0.888505
0.88943
0.890355
0.89128
0.892205
0.89313
0.894054
0.894978
0.895901
0.896824
0.897746
0.898667
0.899588
0.900508
0.901428
0.902348
0.903268
0.904187
0.905107
0.906026
0.906946
0.907865
0.908786
0.909706
0.910627
0.911548
0.91247
0.913393
0.914316
0.915239
0.916164
0.917089
0.918015
0.918941
0.919869
0.920797
0.921726
0.922656
0.923587
0.924519
0.925452
0.926385
0.92732
0.928255
0.929192
0.93013
0.931068
0.932008
0.932949
0.93389
0.934833
0.935777
0.936722
0.937668
0.938615
0.939563
0.940512
0.941463
0.942414
0.943367
0.944321
0.945276
0.946232
0.947189
0.948147
0.949107
0.950067
0.951029
0.951992
0.952956
0.953921
0.954887
0.955854
0.956822
0.957791
0.958762
0.959733
0.960705
0.961679
0.962653
0.963628
0.964605
0.965582
0.966561
0.96754
0.96852
0.969501
0.970484
0.971467
0.972451
0.973436
0.974422
0.975408
0.976396
0.977384
0.978374
0.979364
0.980355
0.981347
0.98234
0.983333
0.984328
0.985323
0.986319
0.987316
0.988314
0.989313
0.990312
0.991312
0.992313
0.993315
0.994318
0.995319
0.996316
0.997306
0.99829
0.999269
1.00024
1.00122
1.00219
1.00316
1.00414
1.00511
1.00608
1.00706
1.00803
1.00901
1.00999
1.01097
1.01195
1.01293
1.01391
1.01489
1.01588
1.01686
1.01784
1.01883
1.01982
1.0208
1.02179
1.02278
1.02377
1.02476
1.02575
1.02674
1.02773
1.02873
1.02972
1.03072
1.03171
1.03271
1.0337
1.0347
1.0357
1.0367
1.0377
1.0387
1.0397
1.0407
1.0417
1.04271
1.04371
1.04471
1.04572
1.04672
1.04773
1.04873
1.04974
1.05075
1.05176
1.05277
1.05378
1.05479
1.0558
1.05681
1.05783
1.05884
1.05985
1.06087
1.06189
1.0629
1.06392
1.06494
1.06596
1.06698
1.068
1.06903
1.07005
1.07108
1.0721
1.07313
1.07416
1.07518
1.07621
1.07725
1.07828
1.07931
1.08034
1.08138
1.08242
1.08345
1.08449
1.08553
1.08657
1.08761
1.08866
1.0897
1.09075
1.0918
1.09284
1.09389
1.09494
1.096
1.09705
1.09811
1.09916
1.10022
1.10128
1.10234
1.1034
1.10446
1.10553
1.10659
1.10766
1.10873
1.1098
1.11087
1.11194
1.11302
1.11409
1.11517
1.11625
1.11733
1.11841
1.11949
1.12057
1.12166
1.12275
1.12383
1.12492
1.12602
1.12711
1.1282
1.1293
1.1304
1.13149
1.13259
1.1337
1.1348
1.1359
1.13701
1.13812
1.13922
1.14033
1.14145
1.14256
1.14367
1.14479
1.14591
1.14703
1.14815
1.14927
1.15039
1.15152
1.15264
1.15377
1.1549
1.15603
1.15716
1.1583
1.15943
1.16057
1.16171
1.16285
1.16399
1.16513
1.16628
1.16742
1.16857
1.16972
1.17087
1.17202
1.17318
1.17433
1.17549
1.17665
1.17781
1.17897
1.18013
1.18129
1.18246
1.18363
1.18479
1.18596
1.18714
1.18831
1.18948
1.19066
1.19184
1.19302
1.1942
1.19538
1.19656
1.19775
1.19893
1.20012
1.20131
1.2025
1.20369
1.20488
1.20608
1.20727
1.20847
1.20967
1.21087
1.21207
1.21327
1.21448
1.21568
1.21689
1.2181
1.21931
1.22052
1.22173
1.22295
1.22416
1.22538
1.2266
1.22782
1.22904
1.23026
1.23148
1.23271
1.23393
1.23516
1.23639
1.23762
1.23885
1.24009
1.24132
1.24256
1.24379
1.24503
1.24627
1.24751
1.24875
1.24999
1.25122
1.25246
1.2537
1.25494
1.25618
1.25741
1.25865
1.25989
1.26112
1.26236
1.2636
1.26483
1.26607
1.26731
1.26854
1.26978
1.27102
1.27225
1.27349
1.27473
1.27596
1.2772
1.27843
1.27966
1.2809
1.28213
1.28336
1.28459
1.28582
1.28705
1.28829
1.28952
1.29075
1.29198
1.29321
1.29443
1.29566
1.29689
1.29812
1.29935
1.30057
1.3018
1.30302
1.30425
1.30547
1.30669
1.30791
1.30913
1.31035
1.31157
1.31279
1.314
1.31521
1.31642
1.31763
1.31884
1.32005
1.32125
1.32246
1.32366
1.32486
1.32605
1.32725
1.32844
1.32963
1.33082
1.33201
1.33319
1.33438
1.33556
1.33674
1.33791
1.33909
1.34026
1.34143
1.3426
1.34376
1.34493
1.34609
1.34725
1.34841
1.34957
1.35072
1.35188
1.35303
1.35418
1.35533
1.35647
1.35762
1.35876
1.35991
1.36105
1.36219
1.36332
1.36446
1.3656
1.36673
1.36786
1.36899
1.37012
1.37125
1.37238
1.37351
1.37463
1.37575
1.37688
1.378
1.37912
1.38023
1.38135
1.38247
1.38358
1.38469
1.3858
1.38691
1.38802
1.38912
1.39022
1.39132
1.39242
1.39352
1.39462
1.39571
1.39681
1.3979
1.39899
1.40008
1.40116
1.40225
1.40333
1.40442
1.4055
1.40658
1.40766
1.40874
1.40981
1.41089
1.41196
1.41304
1.41411
1.41519
1.41626
1.41733
1.4184
1.41947
1.42054
1.42162
1.42269
1.42375
1.42482
1.42589
1.42696
1.42803
1.4291
1.43017
1.43124
1.43231
1.43338
1.43445
1.43552
1.43659
1.43766
1.43873
1.4398
1.44087
1.44194
1.44301
1.44408
1.44515
1.44622
1.4473
1.44837
1.44944
1.45052
1.45159
1.45267
1.45374
1.45482
1.45589
1.45697
1.45805
1.45912
1.4602
1.46128
1.46236
1.46344
1.46452
1.4656
1.46668
1.46776
1.46884
1.46993
1.47101
1.4721
1.47318
1.47427
1.47535
1.47644
1.47753
1.47861
1.4797
1.48079
1.48188
1.48297
1.48407
1.48516
1.48625
1.48734
1.48844
1.48953
1.49063
1.49173
1.49282
1.49392
1.49502
1.49612
1.49722
1.49832
1.49942
1.50053
1.50163
1.50273
1.50384
1.50494
1.50605
1.50716
1.50827
1.50938
1.51048
1.5116
1.51271
1.51382
1.51493
1.51604
1.51716
1.51827
1.51939
1.5205
1.52162
1.52274
1.52386
1.52498
1.5261
1.52722
1.52834
1.52946
1.53058
1.53171
1.53283
1.53395
1.53508
1.53621
1.53733
1.53846
1.53959
1.54072
1.54185
1.54298
1.54411
1.54524
1.54637
1.54751
1.54864
1.54977
1.55091
1.55204
1.55318
1.55432
1.55546
1.5566
1.55774
1.55888
1.56002
1.56116
1.5623
1.56345
1.56459
1.56574
1.56688
1.56803
1.56918
1.57033
1.57148
1.57263
1.57378
1.57493
1.57609
1.57724
1.5784
1.57955
1.58071
1.58187
1.58303
1.58419
1.58535
1.58652
1.58768
1.58885
1.59001
1.59118
1.59235
1.59352
1.59469
1.59586
1.59703
1.59821
1.59938
1.60056
1.60174
1.60292
1.6041
1.60528
1.60646
1.60765
1.60883
1.61002
1.61121
1.6124
1.61359
1.61478
1.61598
1.61717
1.61837
1.61957
1.62077
1.62197
1.62317
1.62437
1.62558
1.62679
1.62799
1.62921
1.63042
1.63163
1.63284
1.63406
1.63528
1.6365
1.63772
1.63894
1.64017
1.64139
1.64262
1.64385
1.64508
1.64631
1.64754
1.64878
1.65002
1.65126
1.6525
1.65374
1.65498
1.65623
1.65747
1.65872
1.65997
1.66122
1.66248
1.66373
1.66499
1.66624
1.6675
1.66876
1.67003
1.67129
1.67256
1.67382
1.67509
1.67636
1.67763
1.67891
1.68018
1.68146
1.68274
1.68401
1.68528
1.68655
1.68781
1.68907
1.69032
1.69157
1.69282
1.69407
1.69533
1.69658
1.69784
1.69909
1.70035
1.70162
1.70288
1.70414
1.70541
1.70668
1.70795
1.70922
1.71049
1.71177
1.71304
1.71432
1.7156
1.71688
1.71817
1.71945
1.72074
1.72202
1.72331
1.7246
1.72589
1.72719
1.72848
1.72978
1.73108
1.73238
1.73368
1.73498
1.73628
1.73759
1.73889
1.7402
1.74151
1.74282
1.74413
1.74545
1.74676
1.74808
1.7494
1.75072
1.75204
1.75336
1.75468
1.75601
1.75734
1.75867
1.75999
1.76132
1.76266
1.76399
1.76532
1.76666
1.76799
1.76933
1.77067
1.77201
1.77335
1.7747
1.77605
1.77739
1.77874
1.7801
1.78145
1.78281
1.78417
1.78553
1.78689
1.78825
1.78962
1.79098
1.79235
1.79372
1.79508
1.79645
1.79782
1.79918
1.80055
1.80192
1.80329
1.80466
1.80603
1.80741
1.80878
1.81016
1.81153
1.81291
1.81429
1.81567
1.81705
1.81844
1.81982
1.82121
1.8226
1.82398
1.82537
1.82676
1.82816
1.82955
1.83094
1.83234
1.83373
1.83513
1.83653
1.83792
1.83932
1.84072
1.84212
1.84352
1.84492
1.84632
1.84772
1.84912
1.85052
1.85192
1.85332
1.85472
1.85611
1.85751
1.8589
1.8603
1.86169
1.86308
1.86447
1.86586
1.86725
1.86863
1.87002
1.8714
1.87278
1.87417
1.87555
1.87693
1.8783
1.87968
1.88106
1.88243
1.8838
1.88517
1.88655
1.88792
1.88928
1.89065
1.89202
1.89338
1.89475
1.89611
1.89747
1.89883
1.90019
1.90155
1.90291
1.90426
1.90562
1.90697
1.90833
1.90968
1.91103
1.91237
1.91372
1.91507
1.91641
1.91775
1.91909
1.92043
1.92177
1.9231
1.92444
1.92577
1.9271
1.92843
1.92976
1.93109
1.93241
1.93373
1.93505
1.93637
1.93769
1.93901
1.94032
1.94164
1.94295
1.94426
1.94557
1.94687
1.94818
1.94948
1.95079
1.95209
1.95339
1.95469
1.95598
1.95728
1.95857
1.95986
1.96115
1.96244
1.96373
1.96502
1.96631
1.96759
1.96887
1.97015
1.97143
1.97271
1.97399
1.97527
1.97654
1.97781
1.97909
1.98036
1.98163
1.9829
1.98416
1.98543
1.98669
1.98796
1.98922
1.99048
1.99174
1.993
1.99426
1.99552
1.99677
1.99803
1.99928
2.00054
2.00179
2.00304
2.00429
2.00554
2.00679
2.00804
2.00929
2.01054
2.01178
2.01303
2.01428
2.01552
2.01677
2.01801
2.01926
2.0205
2.02175
2.02299
2.02424
2.02548
2.02673
2.02797
2.02921
2.03046
2.0317
2.03295
2.03419
2.03544
2.03668
2.03792
2.03917
2.04041
2.04166
2.04291
2.04415
2.0454
2.04664
2.04789
2.04914
2.05039
2.05163
2.05288
2.05413
2.05538
2.05663
2.05788
2.05913
2.06038
2.06163
2.06288
2.06414
2.06539
2.06664
2.0679
2.06915
2.07041
2.07166
2.07292
2.07418
2.07543
2.07669
2.07795
2.07921
2.08047
2.08173
2.08299
2.08425
2.08552
2.08678
2.08804
2.0893
2.09056
2.09182
2.09309
2.09435
2.09561
2.09687
2.09813
2.09939
2.10065
2.10191
2.10318
2.10444
2.1057
2.10696
2.10822
2.10949
2.11075
2.11202
2.11328
2.11455
2.11581
2.11708
2.11834
2.11961
2.12088
2.12215
2.12342
2.12469
2.12596
2.12724
2.12851
2.12978
2.13106
2.13233
2.13361
2.13489
2.13617
2.13744
2.13872
2.14
2.14129
2.14257
2.14385
2.14514
2.14642
2.14771
2.149
2.15028
2.15157
2.15286
2.15416
2.15545
2.15674
2.15804
2.15933
2.16063
2.16192
2.16322
2.16452
2.16582
2.16712
2.16843
2.16973
2.17104
2.17234
2.17365
2.17496
2.17627
2.17758
2.17889
2.1802
2.18151
2.18283
2.18415
2.18546
2.18678
2.1881
2.18942
2.19074
2.19207
2.19339
2.19472
2.19605
2.19737
2.1987
2.20004
2.20137
2.2027
2.20404
2.20537
2.20671
2.20805
2.20939
2.21073
2.21208
2.21342
2.21477
2.21612
2.21747
2.21882
2.22017
2.22152
2.22288
2.22423
2.22559
2.22695
2.22831
2.22968
2.23104
2.23241
2.23377
2.23514
2.23651
2.23788
2.23926
2.24063
2.24201
2.24338
2.24476
2.24614
2.24752
2.24891
2.25029
2.25168
2.25307
2.25446
2.25585
2.25724
2.25863
2.26003
2.26143
2.26283
2.26423
2.26563
2.26703
2.26843
2.26984
2.27125
2.27265
2.27406
2.27547
2.27687
2.27827
2.27966
2.28105
2.28244
2.28382
2.28521
2.28659
2.28798
2.28936
2.29075
2.29214
2.29353
2.29493
2.29632
2.29772
2.29912
2.30052
2.30192
2.30333
2.30473
2.30614
2.30755
2.30896
2.31037
2.31179
2.3132
2.31462
2.31604
2.31746
2.31888
2.3203
2.32172
2.32315
2.32458
2.32601
2.32744
2.32887
2.3303
2.33173
2.33317
2.33461
2.33605
2.33749
2.33893
2.34037
2.34182
2.34326
2.34471
2.34616
2.34761
2.34906
2.35052
2.35197
2.35343
2.35489
2.35635
2.35781
2.35927
2.36074
2.3622
2.36367
2.36514
2.36661
2.36809
2.36956
2.37104
2.37252
2.374
2.37548
2.37697
2.37846
2.37994
2.38143
2.38293
2.38442
2.38592
2.38741
2.38891
2.39041
2.39192
2.39342
2.39493
2.39644
2.39795
2.39946
2.40098
2.40249
2.40401
2.40552
2.40704
2.40856
2.41008
2.4116
2.41312
2.41464
2.41616
2.41768
2.4192
2.42072
2.42225
2.42377
2.4253
2.42683
2.42836
2.42989
2.43142
2.43295
2.43448
2.43601
2.43754
2.43907
2.44059
2.44212
2.44364
2.44516
2.44668
2.4482
2.44972
2.45124
2.45276
2.45428
2.45579
2.45731
2.45883
2.46035
2.46187
2.46339
2.46491
2.46643
2.46795
2.46947
2.47099
2.47251
2.47403
2.47555
2.47707
2.47859
2.48011
2.48163
2.48315
2.48467
2.48619
2.48771
2.48922
2.49074
2.49225
2.49376
2.49527
2.49678
2.49828
2.49978
2.50128
2.50278
2.50427
2.50576
2.50725
2.50874
2.51022
2.5117
2.51318
2.51466
2.51613
2.5176
2.51906
2.52053
2.52199
2.52345
2.52491
2.52636
2.52781
2.52926
2.53071
2.53216
2.5336
2.53504
2.53649
2.53792
2.53936
2.5408
2.54223
2.54366
2.5451
2.54653
2.54795
2.54938
2.55081
2.55223
2.55365
2.55507
2.55649
2.55791
2.55933
2.56074
2.56216
2.56357
2.56498
2.56639
2.5678
2.5692
2.57061
2.57201
2.57341
2.57481
2.57621
2.5776
2.579
2.58039
2.58178
2.58317
2.58456
2.58595
2.58733
2.58872
2.5901
2.59148
2.59286
2.59424
2.59562
2.59699
2.59837
2.59974
2.60111
2.60248
2.60385
2.60522
2.60658
2.60795
2.60931
2.61067
2.61204
2.6134
2.61476
2.61611
2.61747
2.61883
2.62018
2.62154
2.62289
2.62424
2.6256
2.62695
2.6283
2.62965
2.631
2.63234
2.63369
2.63504
2.63638
2.63773
2.63908
2.64042
2.64176
2.64311
2.64445
2.64579
2.64714
2.64848
2.64982
2.65116
2.65251
2.65385
2.65519
2.65653
2.65787
2.65922
2.66056
2.6619
2.66324
2.66458
2.66592
2.66727
2.66861
2.66995
2.67129
2.67263
2.67398
2.67532
2.67666
2.67801
2.67935
2.68069
2.68204
2.68338
2.68473
2.68607
2.68742
2.68876
2.69011
2.69146
2.69281
2.69415
2.6955
2.69685
2.6982
2.69955
2.7009
2.70225
2.7036
2.70495
2.7063
2.70766
2.70901
2.71036
2.71172
2.71307
2.71443
2.71578
2.71714
2.71849
2.71985
2.72121
2.72257
2.72393
2.72529
2.72665
2.72801
2.72937
2.73073
2.73209
2.73345
2.73482
2.73618
2.73754
2.73891
2.74027
2.74164
2.74301
2.74437
2.74574
2.74711
2.74848
2.74985
2.75122
2.75259
2.75396
2.75533
2.7567
2.75808
2.75945
2.76082
2.7622
2.76357
2.76495
2.76633
2.7677
2.76908
2.77045
2.77183
2.7732
2.77458
2.77595
2.77732
2.7787
2.78007
2.78144
2.78281
2.78418
2.78555
2.78692
2.78829
2.78967
2.79104
2.79241
2.79378
2.79515
2.79653
2.7979
2.79927
2.80065
2.80202
2.8034
2.80478
2.80615
2.80753
2.80891
2.81029
2.81167
2.81305
2.81444
2.81582
2.8172
2.81859
2.81998
2.82136
2.82275
2.82414
2.82553
2.82692
2.82831
2.8297
2.8311
2.83249
2.83389
2.83528
2.83668
2.83808
2.83948
2.84088
2.84228
2.84368
2.84508
2.84648
2.84789
2.84929
2.8507
2.85211
2.85352
2.85492
2.85634
2.85775
2.85916
2.86057
2.86199
2.86341
2.86482
2.86624
2.86766
2.86908
2.8705
2.87193
2.87335
2.87478
2.87621
2.87763
2.87906
2.88049
2.88193
2.88336
2.8848
2.88623
2.88767
2.88911
2.89055
2.89199
2.89344
2.89488
2.89633
2.89777
2.89922
2.90067
2.90212
2.90358
2.90503
2.90649
2.90795
2.9094
2.91087
2.91233
2.91379
2.91525
2.91672
2.91819
2.91966
2.92113
2.9226
2.92407
2.92555
2.92702
2.9285
2.92998
2.93146
2.93294
2.93442
2.93591
2.93739
2.93886
2.94033
2.9418
2.94326
2.94472
2.94618
2.94764
2.9491
2.95056
2.95202
2.95348
2.95495
2.95641
2.95788
2.95935
2.96082
2.9623
2.96377
2.96525
2.96673
2.96821
2.96969
2.97117
2.97266
2.97415
2.97564
2.97713
2.97862
2.98011
2.98161
2.9831
2.9846
2.9861
2.9876
2.9891
2.99061
2.99211
2.99362
2.99513
2.99664
2.99815
2.99966
3.00118
3.00269
3.00421
3.00573
3.00725
3.00877
3.0103
3.01182
3.01335
3.01488
3.01641
3.01794
3.01947
3.02101
3.02255
3.02408
3.02562
3.02717
3.02871
3.03026
3.0318
3.03335
3.0349
3.03646
3.03801
3.03957
3.04113
3.04269
3.04425
3.04582
3.04738
3.04895
3.05052
3.0521
3.05367
3.05525
3.05683
3.05841
3.05999
3.06157
3.06315
3.06473
3.06631
3.06789
3.06948
3.07106
3.07264
3.07423
3.07582
3.07741
3.079
3.08059
3.08218
3.08378
3.08538
3.08698
3.08857
3.09017
3.09177
3.09337
3.09497
3.09656
3.09816
3.09975
3.10135
3.10294
3.10452
3.10611
3.1077
3.10929
3.11088
3.11246
3.11405
3.11564
3.11722
3.11881
3.1204
3.12198
3.12357
3.12516
3.12675
3.12834
3.12993
3.13152
3.13311
3.1347
3.13629
3.13788
3.13948
3.14107
3.14266
3.14425
3.14584
3.14743
3.14902
3.1506
3.15219
3.15377
3.15535
3.15693
3.15851
3.16008
3.16165
3.16322
3.16479
3.16635
3.16791
3.16947
3.17102
3.17258
3.17413
3.17567
3.17722
3.17876
3.1803
3.18183
3.18336
3.18489
3.18642
3.18795
3.18947
3.19099
3.19251
3.19403
3.19555
3.19706
3.19857
3.20008
3.20159
3.2031
3.20461
3.20611
3.20762
3.20912
3.21062
3.21212
3.21362
3.21511
3.21661
3.2181
3.21959
3.22108
3.22257
3.22406
3.22555
3.22703
3.22852
3.23
3.23148
3.23296
3.23443
3.23591
3.23738
3.23886
3.24033
3.2418
3.24326
3.24473
3.2462
3.24766
3.24912
3.25058
3.25204
3.2535
3.25495
3.25641
3.25786
3.25931
3.26076
3.26221
3.26366
3.2651
3.26655
3.26799
3.26944
3.27088
3.27232
3.27376
3.2752
3.27663
3.27807
3.2795
3.28094
3.28237
3.2838
3.28523
3.28666
3.28809
3.28951
3.29094
3.29237
3.29379
3.29521
3.29664
3.29806
3.29948
3.3009
3.30232
3.30374
3.30516
3.30657
3.30799
3.30941
3.31082
3.31224
3.31365
3.31507
3.31648
3.3179
3.31931
3.32072
3.32214
3.32355
3.32496
3.32638
3.32779
3.3292
3.33061
3.33202
3.33344
3.33485
3.33626
3.33767
3.33908
3.3405
3.34191
3.34332
3.34473
3.34615
3.34756
3.34897
3.35039
3.3518
3.35321
3.35463
3.35604
3.35746
3.35887
3.36029
3.3617
3.36312
3.36453
3.36595
3.36737
3.36878
3.3702
3.37162
3.37304
3.37446
3.37588
3.3773
3.37872
3.38014
3.38156
3.38298
3.3844
3.38583
3.38725
3.38867
3.3901
3.39152
3.39295
3.39437
3.3958
3.39723
3.39865
3.40008
3.40151
3.40294
3.40437
3.4058
3.40723
3.40866
3.41009
3.41152
3.41295
3.41438
3.41582
3.41725
3.41869
3.42012
3.42156
3.42299
3.42443
3.42587
3.4273
3.42874
3.43018
3.43162
3.43306
3.4345
3.43594
3.43738
3.43882
3.44027
3.44171
3.44315
3.44459
3.44603
3.44746
3.4489
3.45034
3.45177
3.4532
3.45464
3.45607
3.4575
3.45893
3.46036
3.46179
3.46322
3.46466
3.46609
3.46752
3.46895
3.47039
3.47182
3.47325
3.47469
3.47612
3.47756
3.479
3.48043
3.48187
3.48331
3.48475
3.48619
3.48763
3.48908
3.49052
3.49196
3.49341
3.49485
3.4963
3.49775
3.4992
3.50064
3.50209
3.50355
3.505
3.50645
3.5079
3.50936
3.51081
3.51227
3.51372
3.51518
3.51664
3.5181
3.51956
3.52102
3.52248
3.52394
3.52541
3.52687
3.52834
3.52981
3.53127
3.53274
3.53421
3.53568
3.53716
3.53863
3.5401
3.54158
3.54306
3.54453
3.54601
3.54749
3.54897
3.55046
3.55194
3.55342
3.55491
3.5564
3.55789
3.55938
3.56087
3.56236
3.56385
3.56535
3.56685
3.56834
3.56984
3.57134
3.57284
3.57435
3.57585
3.57736
3.57886
3.58037
3.58188
3.58339
3.58491
3.58642
3.58794
3.58945
3.59097
3.59249
3.59401
3.59553
3.59705
3.59858
3.60011
3.60163
3.60316
3.60469
3.60622
3.60776
3.60929
3.61083
3.61236
3.6139
3.61544
3.61697
3.6185
3.62003
3.62155
3.62306
3.62457
3.62609
3.6276
3.62911
3.63063
3.63215
3.63366
3.63518
3.6367
3.63823
3.63975
3.64128
3.64281
3.64433
3.64587
3.6474
3.64893
3.65047
3.65201
3.65355
3.65509
3.65663
3.65818
3.65973
3.66128
3.66283
3.66438
3.66594
3.6675
3.66906
3.67062
3.67218
3.67375
3.67531
3.67688
3.67845
3.68002
3.68159
3.68317
3.68475
3.68632
3.6879
3.68948
3.69107
3.69265
3.69424
3.69583
3.69742
3.69901
3.7006
3.70219
3.70379
3.70539
3.70699
3.70859
3.7102
3.7118
3.71341
3.71502
3.71663
3.71825
3.71986
3.72148
3.7231
3.72472
3.72635
3.72797
3.7296
3.73123
3.73286
3.7345
3.73613
3.73777
3.73941
3.74105
3.7427
3.74434
3.74599
3.74763
3.74928
3.75093
3.75257
3.75422
3.75587
3.75752
3.75917
3.76082
3.76247
3.76412
3.76578
3.76744
3.76909
3.77075
3.77242
3.77408
3.77574
3.7774
3.77906
3.78072
3.78238
3.78404
3.7857
3.78735
3.789
3.79065
3.7923
3.79395
3.7956
3.79725
3.79889
3.80054
3.80218
3.80383
3.80547
3.80712
3.80877
3.81041
3.81206
3.81371
3.81536
3.81701
3.81866
3.82031
3.82196
3.82361
3.82526
3.82691
3.82856
3.83021
3.83186
3.83351
3.83516
3.83681
3.83846
3.8401
3.84174
3.84338
3.84502
3.84665
3.84828
3.84991
3.85153
3.85315
3.85477
3.85638
3.85799
3.8596
3.8612
3.8628
3.8644
3.86599
3.86757
3.86916
3.87074
3.87232
3.87389
3.87546
3.87703
3.8786
3.88016
3.88172
3.88328
3.88484
3.88639
3.88795
3.8895
3.89104
3.89259
3.89414
3.89568
3.89722
3.89876
3.9003
3.90183
3.90337
3.9049
3.90643
3.90796
3.90948
3.91101
3.91253
3.91405
3.91557
3.91708
3.91859
3.9201
3.92161
3.92312
3.92462
3.92612
3.92762
3.92912
3.93061
3.9321
3.93359
3.93508
3.93656
3.93804
3.93952
3.941
3.94248
3.94395
3.94542
3.94689
3.94836
3.94982
3.95128
3.95275
3.9542
3.95566
3.95712
3.95857
3.96002
3.96147
3.96292
3.96436
3.96581
3.96725
3.96869
3.97013
3.97157
3.973
3.97444
3.97587
3.97731
3.97874
3.98017
3.9816
3.98303
3.98445
3.98588
3.9873
3.98873
3.99015
3.99158
3.993
3.99442
3.99584
3.99726
3.99868
4.0001
4.00152
4.00294
4.00436
4.00577
4.00719
4.00861
4.01003
4.01144
4.01286
4.01427
4.01569
4.01711
4.01852
4.01994
4.02136
4.02277
4.02419
4.0256
4.02702
4.02844
4.02985
4.03127
4.03269
4.03411
4.03552
4.03694
4.03836
4.03978
4.0412
4.04262
4.04403
4.04545
4.04686
4.04827
4.04968
4.05108
4.05248
4.05388
4.05528
4.05668
4.05807
4.05947
4.06086
4.06225
4.06365
4.06504
4.06643
4.06782
4.06921
4.0706
4.072
4.07339
4.07478
4.07618
4.07757
4.07897
4.08036
4.08176
4.08315
4.08455
4.08595
4.08735
4.08874
4.09014
4.09154
4.09294
4.09435
4.09575
4.09715
4.09855
4.09995
4.10136
4.10276
4.10417
4.10557
4.10698
4.10839
4.10979
4.1112
4.11261
4.11402
4.11543
4.11684
4.11825
4.11966
4.12107
4.12248
4.12389
4.12531
4.12672
4.12814
4.12955
4.13097
4.13239
4.13381
4.13522
4.13665
4.13807
4.13949
4.14091
4.14234
4.14376
4.14519
4.14661
4.14804
4.14947
4.1509
4.15233
4.15376
4.1552
4.15663
4.15807
4.1595
4.16094
4.16238
4.16381
4.16525
4.16669
4.16813
4.16958
4.17102
4.17246
4.17391
4.17536
4.1768
4.17825
4.1797
4.18115
4.1826
4.18405
4.18551
4.18696
4.18842
4.18988
4.19133
4.19279
4.19426
4.19572
4.19718
4.19864
4.20011
4.20158
4.20305
4.20452
4.20599
4.20746
4.20893
4.21041
4.21188
4.21336
4.21484
4.21632
4.2178
4.21929
4.22077
4.22226
4.22374
4.22523
4.22672
4.22821
4.22971
4.2312
4.2327
4.2342
4.23569
4.23719
4.2387
4.2402
4.2417
4.24321
4.24472
4.24623
4.24774
4.24925
4.25076
4.25228
4.25379
4.25531
4.25683
4.25835
4.25987
4.2614
4.26292
4.26445
4.26598
4.26751
4.26904
4.27057
4.27211
4.27364
4.27518
4.27672
4.27826
4.2798
4.28135
4.28289
4.28444
4.28598
4.28753
4.28908
4.29064
4.29219
4.29375
4.2953
4.29686
4.29842
4.29998
4.30155
4.30311
4.30468
4.30625
4.30782
4.30939
4.31096
4.31253
4.31411
4.31569
4.31727
4.31885
4.32043
4.32202
4.3236
4.32519
4.32678
4.32837
4.32996
4.33156
4.33315
4.33475
4.33635
4.33795
4.33956
4.34116
4.34277
4.34438
4.34599
4.3476
4.34921
4.35082
4.35243
4.35403
4.35563
4.35723
4.35882
4.36041
4.36199
4.36358
4.36517
4.36677
4.36836
4.36996
4.37156
4.37316
4.37476
4.37636
4.37796
4.37957
4.38118
4.38279
4.3844
4.38602
4.38763
4.38925
4.39087
4.39249
4.39411
4.39573
4.39736
4.39899
4.40062
4.40225
4.40388
4.40552
4.40715
4.40879
4.41043
4.41207
4.41371
4.41535
4.417
4.41865
4.4203
4.42195
4.4236
4.42525
4.42691
4.42856
4.43022
4.43188
4.43354
4.4352
4.43687
4.43854
4.44021
4.44188
4.44355
4.44522
4.4469
4.44857
4.45025
4.45193
4.45362
4.4553
4.45699
4.45867
4.46036
4.46205
4.46375
4.46544
4.46714
4.46884
4.47054
4.47224
4.47394
4.47565
4.47735
4.47906
4.48077
4.48249
4.4842
4.48592
4.48764
4.48936
4.49108
4.4928
4.49451
4.49623
4.49794
4.49965
4.50135
4.50306
4.50476
4.50646
4.50816
4.50985
4.51155
4.51323
4.51492
4.51661
4.51829
4.51998
4.52166
4.52334
4.52502
4.5267
4.52838
4.53007
4.53175
4.53344
4.53512
4.53681
4.5385
4.54019
4.54188
4.54357
4.54526
4.54695
4.54864
4.55033
4.55202
4.55371
4.55539
4.55708
4.55876
4.56045
4.56213
4.56381
4.56548
4.56716
4.56884
4.57051
4.57218
4.57385
4.57552
4.57719
4.57885
4.58052
4.58218
4.58384
4.5855
4.58716
4.58881
4.59046
4.59211
4.59375
4.59539
4.59703
4.59866
4.60029
4.60191
4.60353
4.60515
4.60677
4.60838
4.60998
4.61159
4.61319
4.61479
4.61638
4.61797
4.61956
4.62115
4.62274
4.62432
4.6259
4.62748
4.62905
4.63063
4.6322
4.63376
4.63533
4.63689
4.63845
4.64001
4.64157
4.64312
4.64467
4.64622
4.64777
4.64931
4.65085
4.65239
4.65392
4.65546
4.65699
4.65852
4.66004
4.66156
4.66308
4.6646
4.66611
4.66762
4.66912
4.67062
4.67212
4.67361
4.6751
4.67658
4.67806
4.67953
4.681
4.68246
4.68392
4.68538
4.68683
4.68828
4.68972
4.69116
4.6926
4.69403
4.69546
4.69689
4.69831
4.69973
4.70115
4.70256
4.70397
4.70538
4.70678
4.70818
4.70958
4.71097
4.71236
4.71375
4.71514
4.71652
4.7179
4.71928
4.72066
4.72203
4.72339
4.72476
4.72612
4.72748
4.72883
4.73019
4.73153
4.73288
4.73422
4.73556
4.7369
4.73823
4.73956
4.74088
4.74221
4.74353
4.74485
4.74616
4.74747
4.74878
4.75009
4.75139
4.75269
4.75399
4.75529
4.75658
4.75787
4.75916
4.76045
4.76173
4.76302
4.7643
4.76558
4.76686
4.76813
4.76941
4.77068
4.77195
4.77322
4.77449
4.77576
4.77702
4.77829
4.77956
4.78082
4.78208
4.78335
4.78461
4.78587
4.78713
4.78839
4.78965
4.79091
4.79217
4.79343
4.79469
4.79595
4.7972
4.79846
4.79972
4.80098
4.80224
4.8035
4.80475
4.80601
4.80727
4.80853
4.80979
4.81105
4.81231
4.81357
4.81483
4.81609
4.81735
4.81861
4.81987
4.82113
4.8224
4.82366
4.82492
4.82618
4.82745
4.82871
4.82998
4.83124
4.83251
4.83377
4.83504
4.83631
4.83757
4.83884
4.84011
4.84138
4.84265
4.84392
4.84518
4.84646
4.84773
4.849
4.85027
4.85154
4.85281
4.85409
4.85536
4.85664
4.85791
4.85919
4.86046
4.86174
4.86301
4.86429
4.86557
4.86685
4.86813
4.86941
4.87069
4.87197
4.87325
4.87453
4.87581
4.87709
4.87838
4.87966
4.88094
4.88223
4.88351
4.8848
4.88608
4.88737
4.88865
4.88994
4.89123
4.89251
4.8938
4.89509
4.89638
4.89767
4.89896
4.90025
4.90154
4.90283
4.90412
4.90541
4.9067
4.90799
4.90928
4.91057
4.91187
4.91316
4.91445
4.91574
4.91704
4.91833
4.91963
4.92092
4.92222
4.92351
4.92481
4.9261
4.9274
4.92869
4.92999
4.93129
4.93259
4.93388
4.93518
4.93648
4.93778
4.93908
4.94038
4.94168
4.94298
4.94428
4.94558
4.94688
4.94819
4.94949
4.95079
4.9521
4.9534
4.95471
4.95601
4.95732
4.95863
4.95993
4.96124
4.96255
4.96386
4.96517
4.96648
4.96779
4.9691
4.97041
4.97173
4.97304
4.97435
4.97567
4.97698
4.9783
4.97962
4.98094
4.98225
4.98357
4.98489
4.98622
4.98754
4.98886
4.99018
4.99151
4.99283
4.99416
4.99548
4.99681
4.99814
4.99947
5.0008
5.00213
5.00346
5.00479
5.00612
5.00746
5.00879
5.01013
5.01146
5.0128
5.01414
5.01548
5.01682
5.01816
5.0195
5.02084
5.02219
5.02353
5.02488
5.02622
5.02757
5.02892
5.03027
5.03162
5.03297
5.03432
5.03567
5.03703
5.03838
5.03974
5.04109
5.04245
5.04381
5.04517
5.04653
5.04789
5.04925
5.05062
5.05198
5.05335
5.05471
5.05606
5.05741
5.05876
5.0601
5.06144
5.06278
5.06411
5.06545
5.06678
5.06812
5.06946
5.0708
5.07214
5.07348
5.07482
5.07617
5.07751
5.07886
5.0802
5.08155
5.0829
5.08425
5.0856
5.08695
5.0883
5.08966
5.09101
5.09237
5.09372
5.09508
5.09644
5.09779
5.09915
5.10051
5.10187
5.10323
5.10459
5.10596
5.10732
5.10868
5.11004
5.11141
5.11277
5.11414
5.11551
5.11687
5.11824
5.11961
5.12098
5.12235
5.12372
5.12509
5.12646
5.12784
5.12921
5.13058
5.13196
5.13334
5.13472
5.1361
5.13748
5.13886
5.14024
5.14162
5.14301
5.1444
5.14578
5.14717
5.14856
5.14995
5.15134
5.15274
5.15413
5.15553
5.15693
5.15832
5.15973
5.16113
5.16253
5.16394
5.16534
5.16675
5.16816
5.16958
5.17099
5.1724
5.17382
5.17524
5.17666
5.17808
5.17951
5.18093
5.18236
5.18379
5.18522
5.18665
5.18809
5.18952
5.19096
5.1924
5.19384
5.19528
5.19673
5.19817
5.19962
5.20107
5.20252
5.20398
5.20543
5.20689
5.20835
5.20981
5.21127
5.21274
5.21421
5.21567
5.21714
5.21862
5.22009
5.22157
5.22304
5.22452
5.226
5.22748
5.22897
5.23045
5.23194
5.23343
5.23492
5.23642
5.23791
5.23941
5.2409
5.2424
5.24391
5.24541
5.24692
5.24842
5.24993
5.25144
5.25295
5.25447
5.25598
5.2575
5.25902
5.26054
5.26206
5.26359
5.26511
5.26664
5.26817
5.2697
5.27123
5.27277
5.2743
5.27584
5.27738
5.27892
5.28047
5.28201
5.28356
5.28511
5.28666
5.28821
5.28976
5.29132
5.29288
5.29444
5.296
5.29756
5.29912
5.30069
5.30226
5.30383
5.3054
5.30697
5.30854
5.31012
5.3117
5.31327
5.31485
5.31644
5.31802
5.3196
5.32119
5.32278
5.32437
5.32596
5.32755
5.32915
5.33074
5.33234
5.33394
5.33554
5.33714
5.33875
5.34035
5.34196
5.34357
5.34518
5.34679
5.34839
5.35
5.3516
5.35319
5.35479
5.35638
5.35796
5.35955
5.36113
5.3627
5.36427
5.36584
5.3674
5.36896
5.37052
5.37207
5.37362
5.37517
5.37671
5.37825
5.37979
5.38132
5.38286
5.38439
5.38592
5.38745
5.38897
5.3905
5.39202
5.39354
5.39507
5.39659
5.39811
5.39962
5.40114
5.40265
5.40417
5.40568
5.40718
5.40869
5.41019
5.41169
5.41319
5.41469
5.41618
5.41767
5.41916
5.42065
5.42213
5.42361
5.42508
5.42656
5.42803
5.4295
5.43096
5.43242
5.43388
5.43533
5.43678
5.43823
5.43967
5.4411
5.44253
5.44396
5.44539
5.44681
5.44822
5.44963
5.45104
5.45244
5.45384
5.45523
5.45662
5.458
5.45938
5.46076
5.46213
5.4635
5.46486
5.46622
5.46758
5.46893
5.47028
5.47162
5.47296
5.4743
5.47564
5.47697
5.4783
5.47963
5.48096
5.48228
5.4836
5.48492
5.48623
5.48755
5.48886
5.49016
5.49147
5.49277
5.49407
5.49536
5.49665
5.49794
5.49923
5.50051
5.50179
5.50307
5.50434
5.50561
5.50688
5.50815
5.50941
5.51067
5.51193
5.51318
5.51443
5.51568
5.51692
5.51816
5.5194
5.52063
5.52187
5.5231
5.52432
5.52554
5.52676
5.52798
5.5292
5.53041
5.53161
5.53282
5.53402
5.53522
5.53642
5.53762
5.53881
5.54
5.54119
5.54238
5.54356
5.54474
5.54592
5.5471
5.54828
5.54945
5.55062
5.55179
5.55296
5.55413
5.5553
5.55646
5.55762
5.55878
5.55994
5.5611
5.56226
5.56342
5.56457
5.56572
5.56688
5.56803
5.56918
5.57033
5.57148
5.57262
5.57377
5.57491
5.57606
5.5772
5.57835
5.57949
5.58063
5.58177
5.58291
5.58405
5.58519
5.58633
5.58747
5.58861
5.58975
5.59089
5.59202
5.59316
5.5943
5.59543
5.59657
5.5977
5.59884
5.59998
5.60111
5.60225
5.60338
5.60452
5.60565
5.60679
5.60793
5.60906
5.6102
5.61133
5.61247
5.61361
5.61474
5.61588
5.61701
5.61815
5.61929
5.62042
5.62156
5.6227
5.62384
5.62498
5.62612
5.62726
5.6284
5.62954
5.63069
5.63183
5.63297
5.63412
5.63527
5.63641
5.63756
5.63871
5.63986
5.64101
5.64216
5.64331
5.64446
5.64561
5.64677
5.64792
5.64907
5.65023
5.65138
5.65254
5.6537
5.65485
5.65601
5.65717
5.65833
5.65948
5.66064
5.6618
5.66296
5.66412
5.66528
5.66644
5.6676
5.66876
5.66992
5.67109
5.67225
5.67341
5.67457
5.67573
5.6769
5.67806
5.67922
5.68039
5.68155
5.68272
5.68388
5.68505
5.68621
5.68738
5.68854
5.68971
5.69087
5.69204
5.6932
5.69437
5.69554
5.6967
5.69787
5.69904
5.7002
5.70137
5.70254
5.7037
5.70487
5.70604
5.70721
5.70838
5.70955
5.71072
5.71189
5.71306
5.71423
5.7154
5.71657
5.71775
5.71892
5.72009
5.72127
5.72244
5.72362
5.72479
5.72597
5.72715
5.72833
5.7295
5.73068
5.73186
5.73304
5.73422
5.7354
5.73659
5.73777
5.73895
5.74013
5.74132
5.7425
5.74369
5.74487
5.74606
5.74725
5.74844
5.74962
5.75081
5.752
5.7532
5.75439
5.75558
5.75677
5.75797
5.75916
5.76036
5.76156
5.76275
5.76395
5.76515
5.76635
5.76755
5.76876
5.76996
5.77116
5.77237
5.77358
5.77478
5.77599
5.7772
5.77841
5.77962
5.78083
5.78204
5.78326
5.78447
5.78569
5.7869
5.78812
5.78934
5.79056
5.79178
5.793
5.79422
5.79545
5.79667
5.7979
5.79912
5.80035
5.80158
5.8028
5.80403
5.80526
5.8065
5.80773
5.80896
5.8102
5.81143
5.81267
5.8139
5.81514
5.81638
5.81762
5.81886
5.8201
5.82134
5.82259
5.82383
5.82508
5.82632
5.82757
5.82882
5.83007
5.83132
5.83257
5.83382
5.83507
5.83632
5.83758
5.83883
5.84009
5.84134
5.8426
5.84386
5.84512
5.84637
5.84764
5.8489
5.85016
5.85142
5.85268
5.85393
5.85517
5.85641
5.85765
5.85888
5.86011
5.86134
5.86258
5.86381
5.86504
5.86627
5.86751
5.86874
5.86998
5.87122
5.87245
5.87369
5.87493
5.87617
5.87741
5.87865
5.87989
5.88114
5.88238
5.88362
5.88487
5.88611
5.88736
5.88861
5.88985
5.8911
5.89235
5.8936
5.89485
5.8961
5.89735
5.8986
5.89985
5.9011
5.90235
5.90361
5.90486
5.90612
5.90737
5.90863
5.90988
5.91114
5.9124
5.91366
5.91491
5.91617
5.91744
5.9187
5.91996
5.92122
5.92249
5.92375
5.92502
5.92629
5.92755
5.92882
5.93009
5.93136
5.93264
5.93391
5.93518
5.93646
5.93773
5.93901
5.94029
5.94156
5.94284
5.94413
5.94541
5.94669
5.94798
5.94926
5.95055
5.95184
5.95313
5.95442
5.95572
5.95701
5.95831
5.95961
5.96091
5.96221
5.96351
5.96481
5.96612
5.96743
5.96874
5.97005
5.97136
5.97268
5.97399
5.97531
5.97663
5.97795
5.97928
5.9806
5.98193
5.98326
5.98459
5.98592
5.98726
5.9886
5.98993
5.99128
5.99262
5.99396
5.99531
5.99666
5.99801
5.99936
6.00071
6.00207
6.00343
6.00479
6.00615
6.00751
6.00887
6.01024
6.01161
6.01298
6.01435
6.01572
6.0171
6.01848
6.01985
6.02124
6.02262
6.024
6.02539
6.02678
6.02816
6.02956
6.03095
6.03234
6.03374
6.03514
6.03654
6.03794
6.03934
6.04074
6.04215
6.04356
6.04497
6.04638
6.04779
6.0492
6.05062
6.05203
6.05345
6.05487
6.05629
6.05772
6.05914
6.06057
6.06199
6.06342
6.06485
6.06628
6.06772
6.06915
6.07059
6.07203
6.07347
6.07491
6.07635
6.0778
6.07924
6.08069
6.08214
6.08359
6.08504
6.08649
6.08794
6.0894
6.09085
6.09231
6.09377
6.09523
6.0967
6.09816
6.09963
6.10109
6.10256
6.10403
6.1055
6.10697
6.10844
6.10991
6.11137
6.11284
6.1143
6.11577
6.11723
6.11869
6.12015
6.1216
6.12306
6.12451
6.12596
6.12741
6.12886
6.13031
6.13176
6.1332
6.13464
6.13608
6.13753
6.13896
6.1404
6.14184
6.14328
6.14471
6.14615
6.14758
6.14902
6.15045
6.15188
6.15332
6.15475
6.15618
6.15761
6.15904
6.16047
6.16189
6.16332
6.16475
6.16617
6.16759
6.16901
6.17043
6.17184
6.17326
6.17467
6.17608
6.17748
6.17889
6.18029
6.18169
6.18309
6.18449
6.18588
6.18726
6.18865
6.19003
6.19141
6.19278
6.19415
6.19552
6.19688
6.19824
6.1996
6.20095
6.2023
6.20365
6.20499
6.20633
6.20767
6.20901
6.21034
6.21167
6.21299
6.21431
6.21563
6.21695
6.21826
6.21957
6.22087
6.22218
6.22348
6.22477
6.22607
6.22736
6.22865
6.22994
6.23122
6.2325
6.23378
6.23506
6.23633
6.2376
6.23887
6.24014
6.24141
6.24267
6.24393
6.24519
6.24645
6.24771
6.24896
6.25022
6.25147
6.25271
6.25396
6.2552
6.25645
6.25769
6.25892
6.26016
6.26139
6.26263
6.26386
6.26509
6.26631
6.26754
6.26876
6.26998
6.2712
6.27241
6.27363
6.27484
6.27605
6.27726
6.27847
6.27967
6.28088
6.28208
6.28328
6.28447
6.28567
6.28686
6.28806
6.28925
6.29044
6.29162
6.29281
6.29399
6.29518
6.29636
6.29754
6.29872
6.29989
6.30107
6.30224
6.30341
6.30459
6.30576
6.30693
6.30809
6.30926
6.31043
6.31159
6.31276
6.31392
6.31508
6.31624
6.3174
6.31856
6.31972
6.32088
6.32204
6.32319
6.32435
6.3255
6.32665
6.3278
6.32896
6.33011
6.33126
6.3324
6.33355
6.3347
6.33585
6.33699
6.33813
6.33928
6.34042
6.34156
6.3427
6.34385
6.34499
6.34612
6.34726
6.3484
6.34954
6.35067
6.35181
6.35295
6.35408
6.35521
6.35635
6.35748
6.35861
6.35975
6.36088
6.36201
6.36314
6.36427
6.3654
6.36654
6.36767
6.3688
6.36993
6.37106
6.37219
6.37332
6.37445
6.37558
6.37671
6.37784
6.37897
6.3801
6.38124
6.38237
6.3835
6.38463
6.38576
6.3869
6.38803
6.38917
6.3903
6.39143
6.39257
6.39371
6.39484
6.39598
6.39712
6.39826
6.39939
6.40053
6.40168
6.40282
6.40396
6.40511
6.40625
6.4074
6.40855
6.4097
6.41085
6.412
6.41316
6.41431
6.41547
6.41663
6.41779
6.41895
6.42011
6.42127
6.42244
6.4236
6.42477
6.42593
6.4271
6.42827
6.42944
6.43061
6.43179
6.43296
6.43413
6.43531
6.43649
6.43766
6.43884
6.44002
6.4412
6.44238
6.44356
6.44474
6.44592
6.4471
6.44828
6.44947
6.45065
6.45184
6.45302
6.45421
6.45539
6.45658
6.45777
6.45896
6.46015
6.46134
6.46253
6.46372
6.46491
6.4661
6.46729
6.46849
6.46968
6.47088
6.47208
6.47327
6.47447
6.47567
6.47687
6.47807
6.47927
6.48048
6.48168
6.48289
6.48409
6.4853
6.4865
6.48771
6.48892
6.49013
6.49134
6.49256
6.49377
6.49498
6.4962
6.49741
6.49863
6.49985
6.50107
6.50229
6.50351
6.50473
6.50595
6.50718
6.50841
6.50963
6.51086
6.51209
6.51332
6.51455
6.51578
6.51702
6.51825
6.51949
6.52072
6.52196
6.5232
6.52444
6.52568
6.52692
6.52817
6.52941
6.53065
6.5319
6.53315
6.5344
6.53564
6.53689
6.53815
6.5394
6.54065
6.5419
6.54316
6.54442
6.54567
6.54693
6.54819
6.54945
6.55071
6.55197
6.55324
6.5545
6.55576
6.55703
6.5583
6.55957
6.56084
6.56211
6.56338
6.56465
6.56592
6.5672
6.56847
6.56975
6.57103
6.5723
6.57358
6.57487
6.57615
6.57743
6.57871
6.58
6.58128
6.58257
6.58386
6.58515
6.58644
6.58773
6.58902
6.59032
6.59161
6.59291
6.5942
6.5955
6.5968
6.5981
6.5994
6.6007
6.602
6.60331
6.60461
6.60592
6.60723
6.60853
6.60984
6.61115
6.61247
6.61378
6.61509
6.61641
6.61772
6.61904
6.62036
6.62168
6.623
6.62432
6.62564
6.62695
6.62826
6.62957
6.63087
6.63217
6.63347
6.63477
6.63606
6.63736
6.63866
6.63996
6.64126
6.64256
6.64387
6.64517
6.64648
6.64778
6.64909
6.6504
6.65171
6.65302
6.65434
6.65565
6.65697
6.65828
6.6596
6.66092
6.66224
6.66356
6.66488
6.66621
6.66753
6.66886
6.67019
6.67152
6.67285
6.67418
6.67551
6.67684
6.67818
6.67951
6.68085
6.68219
6.68353
6.68487
6.68621
6.68755
6.6889
6.69024
6.69159
6.69294
6.69429
6.69564
6.69699
6.69835
6.6997
6.70106
6.70242
6.70378
6.70514
6.70651
6.70787
6.70924
6.71061
6.71197
6.71335
6.71472
6.71609
6.71747
6.71885
6.72023
6.72161
6.72299
6.72438
6.72576
6.72715
6.72855
6.72994
6.73134
6.73273
6.73413
6.73553
6.73694
6.73835
6.73975
6.74116
6.74258
6.74399
6.74541
6.74683
6.74825
6.74967
6.7511
6.75253
6.75396
6.75539
6.75682
6.75826
6.75969
6.76113
6.76258
6.76402
6.76547
6.76692
6.76837
6.76982
6.77128
6.77274
6.7742
6.77566
6.77712
6.77859
6.78006
6.78153
6.783
6.78448
6.78595
6.78743
6.78891
6.7904
6.79188
6.79337
6.79486
6.79635
6.79784
6.79934
6.80084
6.80234
6.80384
6.80534
6.80684
6.80835
6.80985
6.81135
6.81285
6.81435
6.81585
6.81735
6.81885
6.82035
6.82185
6.82335
6.82484
6.82634
6.82783
6.82933
6.83082
6.83232
6.83381
6.8353
6.8368
6.83829
6.83979
6.84128
6.84278
6.84427
6.84577
6.84727
6.84877
6.85027
6.85177
6.85327
6.85478
6.85628
6.85779
6.85929
6.8608
6.8623
6.86381
6.86532
6.86683
6.86833
6.86984
6.87135
6.87285
6.87436
6.87586
6.87737
6.87887
6.88037
6.88187
6.88337
6.88487
6.88636
6.88786
6.88935
6.89085
6.89234
6.89383
6.89532
6.8968
6.89829
6.89977
6.90125
6.90273
6.90421
6.90568
6.90715
6.90862
6.91009
6.91156
6.91302
6.91448
6.91594
6.9174
6.91885
6.9203
6.92175
6.9232
6.92464
6.92608
6.92753
6.92896
6.9304
6.93183
6.93327
6.9347
6.93613
6.93755
6.93898
6.9404
6.94182
6.94324
6.94466
6.94607
6.94749
6.9489
6.95031
6.95171
6.95312
6.95452
6.95592
6.95732
6.95872
6.96011
6.9615
6.96289
6.96428
6.96566
6.96704
6.96842
6.9698
6.97117
6.97254
6.97391
6.97527
6.97663
6.97799
6.97935
6.9807
6.98205
6.98339
6.98474
6.98608
6.98741
6.98875
6.99008
6.9914
6.99273
6.99405
6.99537
6.99669
6.998
6.99931
7.00062
7.00193
7.00323
7.00453
7.00583
7.00713
7.00842
7.00971
7.011
7.01228
7.01356
7.01484
7.01612
7.01739
7.01867
7.01993
7.0212
7.02247
7.02373
7.02499
7.02624
7.0275
7.02875
7.03
7.03125
7.03249
7.03373
7.03497
7.03621
7.03745
7.03868
7.03991
7.04114
7.04237
7.0436
7.04482
7.04604
7.04726
7.04848
7.0497
7.05091
7.05213
7.05334
7.05455
7.05576
7.05697
7.05817
7.05938
7.06058
7.06178
7.06298
7.06418
7.06538
7.06658
7.06778
7.06897
7.07017
7.07136
7.07255
7.07375
7.07494
7.07613
7.07732
7.07851
7.0797
7.08088
7.08207
7.08326
7.08445
7.08563
7.08682
7.088
7.08919
7.09038
7.09156
7.09275
7.09393
7.09511
7.0963
7.09748
7.09867
7.09985
7.10104
7.10222
7.10341
7.10459
7.10578
7.10696
7.10815
7.10933
7.11052
7.11171
7.1129
7.11409
7.11528
7.11647
7.11766
7.11885
7.12005
7.12124
7.12244
7.12364
7.12483
7.12603
7.12723
7.12843
7.12964
7.13084
7.13204
7.13325
7.13445
7.13566
7.13687
7.13808
7.13929
7.1405
7.14171
7.14292
7.14413
7.14534
7.14656
7.14777
7.14899
7.1502
7.15142
7.15264
7.15385
7.15507
7.15629
7.15751
7.15873
7.15995
7.16117
7.16239
7.16362
7.16484
7.16606
7.16729
7.16851
7.16974
7.17096
7.17219
7.17342
7.17464
7.17587
7.1771
7.17833
7.17956
7.18079
7.18203
7.18326
7.18449
7.18573
7.18696
7.1882
7.18944
7.19068
7.19192
7.19316
7.1944
7.19564
7.19688
7.19813
7.19937
7.20062
7.20186
7.20311
7.20436
7.2056
7.20685
7.2081
7.20935
7.2106
7.21186
7.21311
7.21436
7.21561
7.21687
7.21812
7.21938
7.22064
7.2219
7.22315
7.22441
7.22567
7.22693
7.22819
7.22945
7.23072
7.23198
7.23324
7.23451
7.23577
7.23704
7.23831
7.23957
7.24084
7.24211
7.24338
7.24465
7.24592
7.24719
7.24846
7.24973
7.25101
7.25228
7.25356
7.25483
7.25611
7.25739
7.25866
7.25994
7.26122
7.2625
7.26378
7.26507
7.26635
7.26763
7.26892
7.2702
7.27149
7.27278
7.27406
7.27535
7.27664
7.27793
7.27922
7.28052
7.28181
7.2831
7.2844
7.28569
7.28699
7.28829
7.28959
7.29089
7.29219
7.29349
7.29479
7.29609
7.2974
7.2987
7.30001
7.30132
7.30262
7.30393
7.30524
7.30655
7.30787
7.30918
7.31049
7.31181
7.31312
7.31444
7.31576
7.31707
7.31839
7.31971
7.32104
7.32236
7.32368
7.32501
7.32633
7.32766
7.32898
7.33031
7.33164
7.33297
7.3343
7.33563
7.33697
7.3383
7.33964
7.34097
7.34231
7.34365
7.34498
7.34632
7.34766
7.34901
7.35035
7.35169
7.35304
7.35438
7.35573
7.35707
7.35842
7.35976
7.3611
7.36243
7.36376
7.36509
7.36641
7.36773
7.36906
7.37038
7.37171
7.37303
7.37436
7.37568
7.37701
7.37834
7.37967
7.381
7.38234
7.38367
7.385
7.38634
7.38768
7.38901
7.39035
7.39169
7.39303
7.39437
7.39571
7.39706
7.3984
7.39975
7.4011
7.40244
7.40379
7.40514
7.40649
7.40784
7.4092
7.41055
7.41191
7.41326
7.41462
7.41598
7.41733
7.41869
7.42006
7.42142
7.42278
7.42415
7.42551
7.42688
7.42825
7.42962
7.43099
7.43236
7.43373
7.43511
7.43649
7.43786
7.43924
7.44062
7.44201
7.44339
7.44477
7.44616
7.44755
7.44894
7.45033
7.45172
7.45311
7.45451
7.45591
7.45731
7.45871
7.46011
7.46152
7.46293
7.46434
7.46575
7.46716
7.46858
7.46999
7.47142
7.47284
7.47426
7.47569
7.47712
7.47855
7.47998
7.48141
7.48285
7.48429
7.48573
7.48717
7.48862
7.49006
7.49151
7.49296
7.49442
7.49587
7.49733
7.49879
7.50025
7.50172
7.50318
7.50465
7.50612
7.50759
7.50907
7.51054
7.51202
7.5135
7.51498
7.51647
7.51796
7.51944
7.52093
7.52243
7.52392
7.52542
7.52692
7.52842
7.52992
7.53142
7.53293
7.53444
7.53595
7.53746
7.53897
7.54049
7.54201
7.54353
7.54505
7.54657
7.5481
7.54963
7.55116
7.55269
7.55422
7.55576
7.55729
7.55883
7.56037
7.56191
7.56346
7.565
7.56655
7.5681
7.56965
7.57121
7.57276
7.57432
7.57587
7.57743
7.579
7.58056
7.58212
7.58369
7.58526
7.58683
7.5884
7.58997
7.59155
7.59313
7.5947
7.59628
7.59785
7.59943
7.601
7.60256
7.60413
7.60569
7.60726
7.60881
7.61037
7.61192
7.61347
7.61502
7.61657
7.61811
7.61965
7.62119
7.62273
7.62426
7.6258
7.62733
7.62886
7.63039
7.63192
7.63345
7.63497
7.6365
7.63803
7.63956
7.64109
7.64261
7.64414
7.64567
7.64719
7.64872
7.65024
7.65176
7.65328
7.6548
7.65632
7.65783
7.65935
7.66086
7.66237
7.66387
7.66538
7.66688
7.66838
7.66988
7.67138
7.67288
7.67437
7.67586
7.67735
7.67883
7.68031
7.68179
7.68326
7.68473
7.6862
7.68766
7.68911
7.69056
7.69201
7.69345
7.69489
7.69633
7.69776
7.69918
7.7006
7.70202
7.70344
7.70485
7.70625
7.70765
7.70905
7.71045
7.71184
7.71323
7.71461
7.71599
7.71737
7.71875
7.72012
7.72149
7.72286
7.72423
7.72559
7.72695
7.72831
7.72966
7.73102
7.73237
7.73371
7.73506
7.7364
7.73775
7.73908
7.74042
7.74175
7.74309
7.74441
7.74574
7.74706
7.74838
7.74969
7.751
7.75231
7.75362
7.75492
7.75622
7.75751
7.75881
7.7601
7.76138
7.76266
7.76394
7.76522
7.76649
7.76776
7.76903
7.77029
7.77155
7.77281
7.77406
7.77531
7.77656
7.7778
7.77904
7.78028
7.78152
7.78275
7.78398
7.78521
7.78643
7.78765
7.78887
7.79009
7.7913
7.79251
7.79372
7.79493
7.79613
7.79733
7.79853
7.79973
7.80092
7.80211
7.80331
7.80449
7.80568
7.80686
7.80805
7.80923
7.81041
7.81159
7.81276
7.81394
7.81511
7.81628
7.81745
7.81862
7.81978
7.82095
7.82211
7.82327
7.82444
7.8256
7.82676
7.82791
7.82907
7.83023
7.83138
7.83253
7.83369
7.83484
7.83599
7.83714
7.83829
7.83944
7.84059
7.84174
7.84288
7.84403
7.84518
7.84632
7.84747
7.84862
7.84976
7.85091
7.85205
7.8532
7.85434
7.85548
7.85663
7.85777
7.85892
7.86006
7.86121
7.86235
7.86349
7.86464
7.86578
7.86693
7.86807
7.86922
7.87036
7.87151
7.87265
7.8738
7.87494
7.87609
7.87724
7.87839
7.87954
7.88069
7.88184
7.88299
7.88414
7.8853
7.88645
7.88761
7.88876
7.88992
7.89107
7.89223
7.89339
7.89455
7.89571
7.89687
7.89803
7.89919
7.90035
7.90152
7.90268
7.90384
7.90501
7.90617
7.90734
7.9085
7.90967
7.91084
7.912
7.91317
7.91434
7.9155
7.91667
7.91784
7.91901
7.92018
7.92135
7.92252
7.92369
7.92486
7.92603
7.9272
7.92837
7.92954
7.93071
7.93188
7.93306
7.93423
7.9354
7.93657
7.93775
7.93892
7.9401
7.94127
7.94244
7.94362
7.94479
7.94597
7.94714
7.94832
7.94949
7.95067
7.95185
7.95302
7.9542
7.95538
7.95655
7.95773
7.95891
7.96009
7.96127
7.96245
7.96363
7.96481
7.96599
7.96717
7.96835
7.96953
7.97071
7.9719
7.97308
7.97427
7.97545
7.97664
7.97782
7.97901
7.9802
7.98138
7.98257
7.98376
7.98495
7.98614
7.98733
7.98852
7.98971
7.99091
7.9921
7.99329
7.99449
7.99568
7.99688
7.99807
7.99927
8.00046
8.00166
8.00286
8.00406
8.00526
8.00646
8.00766
8.00886
8.01006
8.01126
8.01247
8.01367
8.01487
8.01608
8.01728
8.01849
8.0197
8.02091
8.02211
8.02332
8.02453
8.02575
8.02696
8.02817
8.02939
8.0306
8.03182
8.03304
8.03425
8.03547
8.03669
8.03791
8.03914
8.04036
8.04159
8.04281
8.04404
8.04526
8.04649
8.04772
8.04895
8.05018
8.05142
8.05265
8.05389
8.05512
8.05636
8.05759
8.05883
8.06007
8.06131
8.06255
8.0638
8.06504
8.06628
8.06753
8.06878
8.07002
8.07127
8.07252
8.07377
8.07502
8.07627
8.07753
8.07878
8.08004
8.08129
8.08255
8.08381
8.08507
8.08633
8.08759
8.08885
8.09011
8.09137
8.09264
8.0939
8.09517
8.09644
8.0977
8.09897
8.10024
8.10151
8.10278
8.10405
8.10532
8.10658
8.10783
8.10908
8.11032
8.11157
8.11281
8.11405
8.11529
8.11653
8.11777
8.11902
8.12026
8.12151
8.12275
8.124
8.12525
8.12649
8.12774
8.12899
8.13024
8.13149
8.13275
8.134
8.13525
8.1365
8.13776
8.13901
8.14027
8.14153
8.14278
8.14404
8.1453
8.14656
8.14781
8.14907
8.15033
8.15159
8.15285
8.15412
8.15538
8.15664
8.1579
8.15917
8.16043
8.1617
8.16296
8.16423
8.1655
8.16677
8.16803
8.1693
8.17057
8.17185
8.17312
8.17439
8.17566
8.17694
8.17822
8.17949
8.18077
8.18205
8.18333
8.18461
8.18589
8.18717
8.18845
8.18974
8.19102
8.19231
8.1936
8.19489
8.19618
8.19747
8.19876
8.20005
8.20135
8.20264
8.20394
8.20524
8.20654
8.20784
8.20915
8.21045
8.21176
8.21306
8.21437
8.21568
8.217
8.21831
8.21962
8.22094
8.22226
8.22358
8.2249
8.22622
8.22755
8.22888
8.23021
8.23154
8.23287
8.2342
8.23554
8.23688
8.23821
8.23956
8.2409
8.24224
8.24359
8.24494
8.24629
8.24764
8.249
8.25035
8.25171
8.25307
8.25443
8.2558
8.25716
8.25853
8.2599
8.26127
8.26264
8.26402
8.26539
8.26677
8.26815
8.26953
8.27091
8.2723
8.27368
8.27507
8.27646
8.27785
8.27925
8.28064
8.28204
8.28344
8.28484
8.28624
8.28765
8.28905
8.29046
8.29187
8.29328
8.29469
8.2961
8.29752
8.29893
8.30035
8.30177
8.30319
8.30462
8.30604
8.30747
8.30889
8.31032
8.31175
8.31319
8.31462
8.31605
8.31749
8.31893
8.32037
8.32181
8.32325
8.3247
8.32614
8.32759
8.32904
8.33049
8.33194
8.3334
8.33485
8.33631
8.33777
8.33923
8.34069
8.34215
8.34361
8.34508
8.34654
8.34801
8.34948
8.35095
8.35242
8.3539
8.35537
8.35685
8.35833
8.35981
8.36129
8.36277
8.36425
8.36574
8.36723
8.36871
8.3702
8.37168
8.37317
8.37465
8.37613
8.37761
8.37908
8.38056
8.38203
8.3835
8.38497
8.38644
8.38791
8.38937
8.39083
8.39229
8.39375
8.39521
8.39666
8.39812
8.39957
8.40102
8.40247
8.40392
8.40537
8.40682
8.40826
8.40971
8.41115
8.4126
8.41404
8.41549
8.41693
8.41837
8.41981
8.42125
8.42269
8.42413
8.42557
8.427
8.42844
8.42987
8.4313
8.43273
8.43415
8.43558
8.437
8.43842
8.43984
8.44126
8.44267
8.44408
8.44549
8.4469
8.4483
8.4497
8.45109
8.45248
8.45387
8.45526
8.45664
8.45802
8.45939
8.46076
8.46213
8.46349
8.46485
8.46621
8.46756
8.46891
8.47025
8.47159
8.47293
8.47427
8.4756
8.47693
8.47825
8.47957
8.48089
8.4822
8.48352
8.48482
8.48613
8.48743
8.48873
8.49003
8.49132
8.49261
8.4939
8.49518
8.49647
8.49775
8.49903
8.5003
8.50157
8.50285
8.50412
8.50538
8.50665
8.50791
8.50917
8.51043
8.51169
8.51294
8.5142
8.51545
8.51669
8.51794
8.51918
8.52043
8.52167
8.5229
8.52414
8.52537
8.5266
8.52783
8.52906
8.53028
8.5315
8.53273
8.53394
8.53516
8.53637
8.53759
8.5388
8.54
8.54121
8.54241
8.54361
8.54481
8.54601
8.5472
8.5484
8.54959
8.55078
8.55197
8.55315
8.55434
8.55552
8.5567
8.55788
8.55905
8.56023
8.5614
8.56258
8.56375
8.56492
8.56608
8.56725
8.56842
8.56958
8.57075
8.57191
8.57307
8.57423
8.57539
8.57655
8.5777
8.57886
8.58001
8.58117
8.58232
8.58347
8.58462
8.58577
8.58692
8.58807
8.58922
8.59036
8.59151
8.59265
8.5938
8.59494
8.59608
8.59722
8.59836
8.5995
8.60064
8.60178
8.60292
8.60405
8.60519
8.60632
8.60746
8.60859
8.60972
8.61085
8.61198
8.61311
8.61424
8.61537
8.6165
8.61763
8.61876
8.61989
8.62101
8.62214
8.62327
8.62439
8.62552
8.62664
8.62777
8.62889
8.63002
8.63114
8.63227
8.63339
8.63451
8.63564
8.63676
8.63789
8.63901
8.64014
8.64126
8.64239
8.64351
8.64464
8.64576
8.64689
8.64801
8.64914
8.65027
8.65139
8.65252
8.65365
8.65478
8.65591
8.65704
8.65817
8.6593
8.66043
8.66156
8.6627
8.66383
8.66497
8.66611
8.66724
8.66838
8.66952
8.67067
8.67181
8.67295
8.6741
8.67525
8.67639
8.67754
8.67869
8.67984
8.68099
8.68215
8.6833
8.68446
8.68561
8.68677
8.68793
8.68908
8.69024
8.6914
8.69257
8.69373
8.69489
8.69605
8.69722
8.69838
8.69954
8.70071
8.70188
8.70304
8.70421
8.70538
8.70655
8.70771
8.70888
8.71005
8.71122
8.71239
8.71357
8.71474
8.71591
8.71708
8.71826
8.71943
8.7206
8.72178
8.72295
8.72413
8.72531
8.72648
8.72766
8.72884
8.73002
8.7312
8.73238
8.73357
8.73475
8.73593
8.73712
8.7383
8.73949
8.74068
8.74187
8.74306
8.74425
8.74544
8.74663
8.74782
8.74902
8.75021
8.75141
8.7526
8.7538
8.755
8.7562
8.7574
8.7586
8.7598
8.76101
8.76221
8.76342
8.76462
8.76583
8.76704
8.76825
8.76946
8.77067
8.77188
8.7731
8.77431
8.77553
8.77674
8.77796
8.77918
8.7804
8.78162
8.78284
8.78406
8.78529
8.78651
8.78774
8.78896
8.79019
8.79142
8.79265
8.79388
8.79511
8.79634
8.79757
8.7988
8.80004
8.80127
8.80251
8.80374
8.80498
8.80622
8.80746
8.8087
8.80994
8.81118
8.81243
8.81367
8.81492
8.81616
8.81741
8.81866
8.81991
8.82115
8.82241
8.82366
8.82491
8.82616
8.82742
8.82867
8.82993
8.83119
8.83244
8.8337
8.83496
8.83622
8.83749
8.83875
8.84001
8.84128
8.84254
8.84381
8.84508
8.84635
8.84762
8.84889
8.85016
8.85143
8.85271
8.85398
8.85526
8.85653
8.85781
8.85909
8.86037
8.86165
8.86293
8.86421
8.86549
8.86678
8.86806
8.86935
8.87063
8.87192
8.87321
8.8745
8.87579
8.87708
8.87838
8.87967
8.88096
8.88226
8.88355
8.88485
8.88614
8.88742
8.88869
8.88997
8.89124
8.89251
8.89378
8.89505
8.89633
8.8976
8.89887
8.90015
8.90142
8.9027
8.90398
8.90526
8.90654
8.90782
8.9091
8.91039
8.91167
8.91296
8.91424
8.91553
8.91682
8.91811
8.9194
8.92069
8.92199
8.92328
8.92458
8.92587
8.92717
8.92847
8.92977
8.93107
8.93237
8.93368
8.93498
8.93629
8.93759
8.9389
8.94021
8.94152
8.94283
8.94414
8.94545
8.94677
8.94808
8.9494
8.95072
8.95204
8.95336
8.95468
8.956
8.95733
8.95865
8.95998
8.96131
8.96264
8.96397
8.96531
8.96664
8.96798
8.96931
8.97065
8.97199
8.97334
8.97468
8.97603
8.97737
8.97872
8.98007
8.98142
8.98278
8.98413
8.98549
8.98685
8.98821
8.98958
8.99094
8.99231
8.99368
8.99506
8.99643
8.99781
8.99918
9.00057
9.00195
9.00333
9.00472
9.00611
9.0075
9.00889
9.01029
9.01168
9.01308
9.01448
9.01589
9.01729
9.0187
9.02011
9.02152
9.02294
9.02435
9.02577
9.02719
9.02861
9.03004
9.03146
9.03289
9.03432
9.03576
9.03719
9.03863
9.04007
9.04151
9.04295
9.0444
9.04585
9.04729
9.04875
9.0502
9.05165
9.05311
9.05457
9.05603
9.05749
9.05896
9.06043
9.06189
9.06337
9.06484
9.06631
9.06779
9.06927
9.07075
9.07223
9.07372
9.0752
9.07669
9.07818
9.07967
9.08117
9.08266
9.08416
9.08565
9.08715
9.08864
9.09013
9.09163
9.09312
9.09461
9.0961
9.09759
9.09908
9.10056
9.10205
9.10353
9.10502
9.1065
9.10798
9.10946
9.11094
9.11242
9.1139
9.11538
9.11686
9.11834
9.11982
9.1213
9.12278
9.12426
9.12574
9.12722
9.1287
9.13018
9.13167
9.13315
9.13463
9.13611
9.1376
9.13908
9.14056
9.14205
9.14353
9.14501
9.14649
9.14797
9.14945
9.15093
9.15241
9.15388
9.15536
9.15683
9.1583
9.15977
9.16124
9.16271
9.16417
9.16563
9.16709
9.16855
9.17001
9.17146
9.17291
9.17436
9.1758
9.17725
9.17869
9.18013
9.18156
9.18299
9.18442
9.18585
9.18727
9.18869
9.19011
9.19153
9.19294
9.19435
9.19576
9.19717
9.19857
9.19997
9.20137
9.20276
9.20415
9.20554
9.20693
9.20832
9.2097
9.21108
9.21246
9.21384
9.21521
9.21659
9.21796
9.21932
9.22069
9.22205
9.22342
9.22478
9.22613
9.22749
9.22884
9.2302
9.23154
9.23289
9.23424
9.23558
9.23692
9.23826
9.23959
9.24093
9.24226
9.24359
9.24491
9.24623
9.24755
9.24887
9.25018
9.25149
9.2528
9.25411
9.25541
9.25671
9.25801
9.2593
9.26059
9.26188
9.26317
9.26445
9.26573
9.26701
9.26829
9.26956
9.27083
9.2721
9.27337
9.27463
9.27589
9.27715
9.2784
9.27966
9.28091
9.28216
9.28341
9.28465
9.28589
9.28713
9.28837
9.28961
9.29084
9.29207
9.2933
9.29453
9.29575
9.29698
9.2982
9.29942
9.30063
9.30185
9.30306
9.30427
9.30548
9.30669
9.3079
9.3091
9.3103
9.31151
9.31271
9.3139
9.3151
9.3163
9.31749
9.31868
9.31987
9.32106
9.32225
9.32344
9.32463
9.32581
9.327
9.32818
9.32936
9.33054
9.33172
9.3329
9.33408
9.33525
9.33643
9.33761
9.33878
9.33996
9.34113
9.3423
9.34347
9.34464
9.34582
9.34699
9.34816
9.34933
9.3505
9.35166
9.35283
9.354
9.35517
9.35634
9.3575
9.35867
9.35984
9.361
9.36217
9.36334
9.36451
9.36567
9.36684
9.36801
9.36917
9.37034
9.37151
9.37268
9.37385
9.37501
9.37618
9.37735
9.37852
9.37969
9.38086
9.38204
9.38321
9.38438
9.38556
9.38674
9.38791
9.38909
9.39027
9.39145
9.39263
9.39381
9.395
9.39618
9.39736
9.39855
9.39974
9.40093
9.40211
9.4033
9.40449
9.40569
9.40688
9.40807
9.40926
9.41046
9.41165
9.41285
9.41405
9.41524
9.41644
9.41764
9.41884
9.42004
9.42124
9.42244
9.42364
9.42484
9.42604
9.42725
9.42845
9.42965
9.43086
9.43206
9.43327
9.43447
9.43568
9.43689
9.43809
9.4393
9.44051
9.44172
9.44293
9.44414
9.44535
9.44656
9.44777
9.44899
9.4502
9.45141
9.45263
9.45384
9.45506
9.45628
9.4575
9.45872
9.45994
9.46116
9.46238
9.4636
9.46483
9.46605
9.46728
9.46851
9.46974
9.47096
9.47219
9.47342
9.47465
9.47589
9.47712
9.47835
9.47959
9.48082
9.48206
9.48329
9.48453
9.48577
9.48701
9.48825
9.48949
9.49073
9.49197
9.49321
9.49446
9.4957
9.49695
9.49819
9.49944
9.50069
9.50193
9.50318
9.50443
9.50568
9.50694
9.50819
9.50944
9.51069
9.51195
9.5132
9.51446
9.51572
9.51697
9.51823
9.51949
9.52075
9.52201
9.52328
9.52454
9.5258
9.52707
9.52833
9.5296
9.53086
9.53213
9.5334
9.53467
9.53594
9.53721
9.53848
9.53976
9.54103
9.54231
9.54358
9.54486
9.54614
9.54741
9.54869
9.54998
9.55126
9.55254
9.55382
9.55511
9.55639
9.55768
9.55897
9.56025
9.56154
9.56283
9.56413
9.56542
9.56671
9.568
9.5693
9.5706
9.57189
9.57319
9.57449
9.57579
9.57709
9.57839
9.5797
9.581
9.5823
9.58361
9.58492
9.58623
9.58753
9.58884
9.59015
9.59147
9.59278
9.59409
9.59541
9.59672
9.59804
9.59936
9.60067
9.60199
9.60331
9.60464
9.60596
9.60728
9.60861
9.60993
9.61126
9.61258
9.61391
9.61524
9.61657
9.6179
9.61923
9.62055
9.62187
9.62318
9.62449
9.6258
9.6271
9.62841
9.62971
9.63102
9.63233
9.63364
9.63495
9.63626
9.63757
9.63888
9.6402
9.64151
9.64283
9.64414
9.64546
9.64678
9.6481
9.64942
9.65075
9.65207
9.65339
9.65472
9.65605
9.65737
9.6587
9.66003
9.66136
9.6627
9.66403
9.66536
9.6667
9.66803
9.66937
9.67071
9.67205
9.67339
9.67473
9.67607
9.67741
9.67876
9.6801
9.68145
9.6828
9.68415
9.6855
9.68685
9.6882
9.68955
9.69091
9.69226
9.6936
9.69495
9.69629
9.69764
9.69898
9.70032
9.70166
9.70299
9.70433
9.70566
9.707
9.70833
9.70966
9.711
9.71233
9.71366
9.71499
9.71632
9.71765
9.71898
9.72031
9.72164
9.72298
9.72431
9.72565
9.72699
9.72833
9.72967
9.73101
9.73236
9.73371
9.73506
9.73641
9.73776
9.73912
9.74047
9.74183
9.74318
9.74454
9.7459
9.74725
9.74861
9.74997
9.75133
9.75268
9.75404
9.7554
9.75676
9.75811
9.75947
9.76083
9.76218
9.76354
9.76489
9.76624
9.7676
9.76895
9.7703
9.77165
9.77299
9.77434
9.77568
9.77702
9.77836
9.7797
9.78103
9.78237
9.7837
9.78502
9.78635
9.78768
9.789
9.79032
9.79164
9.79295
9.79427
9.79558
9.79689
9.7982
9.79951
9.80082
9.80212
9.80343
9.80473
9.80603
9.80733
9.80863
9.80992
9.81122
9.81251
9.8138
9.81509
9.81638
9.81767
9.81896
9.82024
9.82152
9.8228
9.82408
9.82536
9.82664
9.82791
9.82918
9.83045
9.83172
9.83299
9.83425
9.83551
9.83677
9.83803
9.83928
9.84053
9.84178
9.84303
9.84427
9.84551
9.84675
9.84798
9.84922
9.85045
9.85167
9.8529
9.85412
9.85534
9.85655
9.85777
9.85898
9.86019
9.86139
9.86259
9.86379
9.86499
9.86618
9.86738
9.86856
9.86975
9.87093
9.87211
9.87329
9.87447
9.87564
9.87681
9.87798
9.87915
9.88031
9.88147
9.88263
9.88378
9.88494
9.88609
9.88723
9.88838
9.88952
9.89066
9.8918
9.89293
9.89406
9.89519
9.89632
9.89744
9.89856
9.89968
9.90079
9.9019
9.90301
9.90411
9.90521
9.90631
9.90741
9.9085
9.90959
9.91067
9.91176
9.91284
9.91391
9.91499
9.91606
9.91713
9.91819
9.91925
9.92031
9.92137
9.92242
9.92347
9.92452
9.92557
9.92661
9.92765
9.92869
9.92972
9.93075
9.93178
9.93281
9.93383
9.93486
9.93588
9.93689
9.93791
9.93892
9.93993
9.94093
9.94194
9.94294
9.94394
9.94493
9.94593
9.94692
9.94791
9.94889
9.94988
9.95086
9.95185
9.95283
9.9538
9.95478
9.95576
9.95673
9.9577
9.95867
9.95964
9.96061
9.96158
9.96254
9.96351
9.96447
9.96543
9.96639
9.96735
9.96831
9.96927
9.97022
9.97118
9.97213
9.97309
9.97404
9.975
9.97595
9.9769
9.97785
9.9788
9.97976
9.98071
9.98166
9.98261
9.98356
9.98451
9.98546
9.98641
9.98736
9.98831
9.98925
9.9902
9.99115
9.9921
9.99305
9.994
9.99495
9.9959
9.99685
9.9978
9.99875
9.9997
10.0007
10.0016
10.0026
10.0035
10.0045
10.0054
10.0064
10.0073
10.0083
10.0092
10.0102
10.0111
10.0121
10.013
10.014
10.0149
10.0159
10.0169
10.0178
10.0188
10.0197
10.0207
10.0216
10.0226
10.0236
10.0245
10.0255
10.0264
10.0274
10.0284
10.0293
10.0303
10.0312
10.0322
10.0332
10.0341
10.0351
10.0361
10.037
10.038
10.039
10.0399
10.0409
10.0419
10.0428
10.0438
10.0448
10.0457
10.0467
10.0477
10.0486
10.0496
10.0506
10.0515
10.0525
10.0535
10.0544
10.0554
10.0564
10.0573
10.0583
10.0593
10.0603
10.0612
10.0622
10.0632
10.0641
10.0651
10.0661
10.0671
10.068
10.069
10.07
10.0709
10.0719
10.0729
10.0739
10.0748
10.0758
10.0768
10.0777
10.0787
10.0797
10.0806
10.0816
10.0826
10.0836
10.0845
10.0855
10.0865
10.0874
10.0884
10.0894
10.0903
10.0913
10.0923
10.0932
10.0942
10.0952
10.0961
10.0971
10.0981
10.099
10.1
10.101
10.1019
10.1029
10.1039
10.1048
10.1058
10.1068
10.1077
10.1087
10.1097
10.1106
10.1116
10.1126
10.1135
10.1145
10.1154
10.1164
10.1174
10.1183
10.1193
10.1203
10.1212
10.1222
10.1232
10.1241
10.1251
10.126
10.127
10.128
10.1289
10.1299
10.1308
10.1318
10.1327
10.1336
10.1346
10.1355
10.1364
10.1374
10.1383
10.1392
10.1402
10.1411
10.142
10.143
10.1439
10.1448
10.1458
10.1467
10.1477
10.1486
10.1496
10.1505
10.1515
10.1524
10.1534
10.1544
10.1553
10.1563
10.1572
10.1582
10.1592
10.1601
10.1611
10.1621
10.1631
10.164
10.165
10.166
10.167
10.1679
10.1689
10.1699
10.1709
10.1719
10.1728
10.1738
10.1748
10.1758
10.1768
10.1778
10.1787
10.1797
10.1807
10.1817
10.1827
10.1837
10.1846
10.1856
10.1866
10.1876
10.1886
10.1896
10.1905
10.1915
10.1925
10.1935
10.1945
10.1955
10.1964
10.1974
10.1984
10.1994
10.2004
10.2013
10.2023
10.2033
10.2043
10.2052
10.2062
10.2072
10.2082
10.2091
10.2101
10.2111
10.212
10.213
10.2139
10.2149
10.2158
10.2168
10.2178
10.2187
10.2196
10.2206
10.2215
10.2225
10.2234
10.2243
10.2253
10.2262
10.2271
10.2281
10.229
10.2299
10.2308
10.2318
10.2327
10.2336
10.2345
10.2354
10.2363
10.2372
10.2381
10.239
10.2399
10.2408
10.2417
10.2426
10.2435
10.2444
10.2453
10.2461
10.247
10.2479
10.2488
10.2497
10.2505
10.2514
10.2523
10.2532
10.254
10.2549
10.2558
10.2566
10.2575
10.2583
10.2592
10.2601
10.2609
10.2618
10.2626
10.2635
10.2643
10.2652
10.2661
10.2669
10.2677
10.2686
10.2694
10.2703
10.2711
10.272
10.2728
10.2737
10.2745
10.2753
10.2762
10.277
10.2778
10.2787
10.2795
10.2803
10.2811
10.2819
10.2827
10.2835
10.2844
10.2852
10.286
10.2868
10.2876
10.2884
10.2892
10.29
10.2908
10.2916
10.2924
10.2931
10.2939
10.2947
10.2955
10.2963
10.2971
10.2979
10.2987
10.2994
10.3002
10.301
10.3018
10.3026
10.3033
10.3041
10.3049
10.3057
10.3064
10.3072
10.308
10.3087
10.3095
10.3103
10.3111
10.3118
10.3126
10.3134
10.3141
10.3149
10.3157
10.3164
10.3172
10.318
10.3188
10.3195
10.3203
10.3211
10.3219
10.3227
10.3234
10.3242
10.325
10.3258
10.3266
10.3274
10.3282
10.329
10.3298
10.3306
10.3314
10.3322
10.333
10.3338
10.3346
10.3354
10.3362
10.3371
10.3379
10.3387
10.3395
10.3403
10.3411
10.3419
10.3428
10.3436
10.3444
10.3452
10.346
10.3468
10.3477
10.3485
10.3493
10.3501
10.3509
10.3517
10.3525
10.3533
10.3541
10.3549
10.3557
10.3565
10.3573
10.3581
10.3589
10.3597
10.3604
10.3612
10.362
10.3628
10.3636
10.3643
10.3651
10.3659
10.3667
10.3674
10.3682
10.369
10.3697
10.3705
10.3713
10.372
10.3728
10.3735
10.3743
10.375
10.3758
10.3765
10.3773
10.378
10.3788
10.3795
10.3803
10.381
10.3818
10.3825
10.3832
10.384
10.3847
10.3855
10.3862
10.3869
10.3877
10.3884
10.3891
10.3899
10.3906
10.3913
10.3921
10.3928
10.3936
10.3943
10.395
10.3958
10.3965
10.3972
10.398
10.3987
10.3994
10.4002
10.4009
10.4016
10.4024
10.4031
10.4038
10.4046
10.4053
10.4061
10.4068
10.4075
10.4083
10.409
10.4097
10.4105
10.4112
10.412
10.4127
10.4134
10.4142
10.4149
10.4157
10.4164
10.4172
10.4179
10.4187
10.4194
10.4202
10.4209
10.4217
10.4224
10.4232
10.4239
10.4247
10.4254
10.4262
10.427
10.4277
10.4285
10.4292
10.43
10.4308
10.4315
10.4323
10.4331
10.4339
10.4346
10.4354
10.4362
10.437
10.4377
10.4385
10.4393
10.4401
10.4409
10.4417
10.4424
10.4432
10.444
10.4448
10.4456
10.4464
10.4472
10.448
10.4488
10.4496
10.4504
10.4512
10.452
10.4528
10.4536
10.4544
10.4552
10.456
10.4569
10.4577
10.4585
10.4593
10.4601
10.461
10.4618
10.4626
10.4634
10.4643
10.4651
10.4659
10.4668
10.4676
10.4685
10.4693
10.4701
10.471
10.4718
10.4727
10.4735
10.4744
10.4752
10.4761
10.4769
10.4778
10.4787
10.4795
10.4804
10.4813
10.4821
10.483
10.4839
10.4847
10.4856
10.4865
10.4874
10.4882
10.4891
10.49
10.4909
10.4918
10.4926
10.4935
10.4944
10.4953
10.4962
10.4971
10.498
10.4988
10.4997
10.5006
10.5015
10.5024
10.5033
10.5042
10.5051
10.506
10.5069
10.5078
10.5087
10.5096
10.5105
10.5114
10.5123
10.5132
10.5141
10.515
10.5159
10.5168
10.5177
10.5186
10.5195
10.5204
10.5213
10.5222
10.5231
10.524
10.5249
10.5258
10.5266
10.5275
10.5284
10.5293
10.5302
10.531
10.5319
10.5328
10.5336
10.5345
10.5354
10.5362
10.5371
10.538
10.5388
10.5397
10.5405
10.5414
10.5423
10.5431
10.544
10.5448
10.5457
10.5465
10.5474
10.5482
10.549
10.5499
10.5507
10.5516
10.5524
10.5532
10.5541
10.5549
10.5557
10.5566
10.5574
10.5582
10.559
10.5598
10.5607
10.5615
10.5623
10.5631
10.5639
10.5647
10.5655
10.5663
10.5671
10.5679
10.5687
10.5694
10.5702
10.571
10.5718
10.5726
10.5734
10.5741
10.5749
10.5757
10.5764
10.5772
10.578
10.5787
10.5795
10.5802
10.581
10.5818
10.5825
10.5833
10.584
10.5848
10.5855
10.5863
10.587
10.5877
10.5885
10.5892
10.59
10.5907
10.5914
10.5922
10.5929
10.5936
10.5943
10.5951
10.5958
10.5965
10.5972
10.598
10.5987
10.5994
10.6001
10.6008
10.6015
10.6022
10.6029
10.6036
10.6043
10.605
10.6057
10.6064
10.6071
10.6077
10.6084
10.6091
10.6097
10.6104
10.6111
10.6117
10.6124
10.613
10.6137
10.6143
10.615
10.6156
10.6163
10.6169
10.6175
10.6182
10.6188
10.6195
10.6201
10.6207
10.6214
10.622
10.6226
10.6233
10.6239
10.6246
10.6252
10.6258
10.6265
10.6271
10.6278
10.6284
10.6291
10.6297
10.6304
10.631
10.6317
10.6323
10.633
10.6337
10.6343
10.635
10.6357
10.6363
10.637
10.6377
10.6383
10.639
10.6397
10.6404
10.641
10.6417
10.6424
10.6431
10.6437
10.6444
10.6451
10.6458
10.6465
10.6471
10.6478
10.6485
10.6492
10.6499
10.6505
10.6512
10.6519
10.6526
10.6532
10.6539
10.6546
10.6553
10.656
10.6566
10.6573
10.658
10.6586
10.6593
10.66
10.6606
10.6613
10.662
10.6626
10.6633
10.664
10.6646
10.6653
10.6659
10.6666
10.6673
10.6679
10.6686
10.6692
10.6699
10.6705
10.6712
10.6718
10.6725
10.6732
10.6738
10.6745
10.6751
10.6758
10.6764
10.6771
10.6777
10.6784
10.679
10.6797
10.6803
10.681
10.6816
10.6823
10.683
10.6836
10.6843
10.6849
10.6856
10.6862
10.6869
10.6875
10.6882
10.6889
10.6895
10.6902
10.6908
10.6915
10.6922
10.6928
10.6935
10.6941
10.6948
10.6955
10.6961
10.6968
10.6975
10.6981
10.6988
10.6995
10.7001
10.7008
10.7015
10.7022
10.7028
10.7035
10.7042
10.7049
10.7055
10.7062
10.7069
10.7076
10.7083
10.7089
10.7096
10.7103
10.711
10.7117
10.7124
10.7131
10.7137
10.7144
10.7151
10.7158
10.7165
10.7172
10.7179
10.7186
10.7193
10.72
10.7207
10.7214
10.7221
10.7228
10.7236
10.7243
10.725
10.7257
10.7264
10.7271
10.7278
10.7286
10.7293
10.73
10.7307
10.7314
10.7322
10.7329
10.7336
10.7343
10.7351
10.7358
10.7365
10.7373
10.738
10.7387
10.7395
10.7402
10.7409
10.7417
10.7424
10.7431
10.7439
10.7446
10.7453
10.7461
10.7468
10.7476
10.7483
10.7491
10.7498
10.7506
10.7513
10.752
10.7528
10.7535
10.7543
10.755
10.7558
10.7565
10.7573
10.758
10.7588
10.7595
10.7603
10.7611
10.7618
10.7626
10.7633
10.7641
10.7649
10.7656
10.7664
10.7672
10.7679
10.7687
10.7695
10.7702
10.771
10.7718
10.7726
10.7734
10.7742
10.7749
10.7757
10.7765
10.7773
10.7781
10.7789
10.7797
10.7805
10.7813
10.7821
10.7829
10.7837
10.7845
10.7853
10.7861
10.787
10.7878
10.7886
10.7894
10.7902
10.7911
10.7919
10.7927
10.7936
10.7944
10.7952
10.7961
10.7969
10.7977
10.7986
10.7994
10.8003
10.8011
10.802
10.8028
10.8037
10.8045
10.8054
10.8062
10.8071
10.8079
10.8088
10.8096
10.8105
10.8113
10.8122
10.813
10.8139
10.8147
10.8156
10.8164
10.8172
10.8181
10.8189
10.8198
10.8206
10.8214
10.8223
10.8231
10.824
10.8248
10.8256
10.8265
10.8273
10.8281
10.829
10.8298
10.8306
10.8315
10.8323
10.8331
10.8339
10.8348
10.8356
10.8364
10.8372
10.8381
10.8389
10.8397
10.8405
10.8413
10.8421
10.8429
10.8437
10.8445
10.8453
10.8461
10.8469
10.8477
10.8485
10.8493
10.8501
10.8509
10.8517
10.8525
10.8533
10.854
10.8548
10.8556
10.8564
10.8571
10.8579
10.8587
10.8594
10.8602
10.861
10.8617
10.8625
10.8632
10.864
10.8648
10.8655
10.8663
10.867
10.8678
10.8685
10.8693
10.87
10.8707
10.8715
10.8722
10.873
10.8737
10.8744
10.8752
10.8759
10.8767
10.8774
10.8781
10.8788
10.8796
10.8803
10.881
10.8818
10.8825
10.8832
10.8839
10.8846
10.8854
10.8861
10.8868
10.8875
10.8882
10.8889
10.8897
10.8904
10.8911
10.8918
10.8925
10.8932
10.8939
10.8946
10.8953
10.896
10.8967
10.8974
10.8981
10.8988
10.8995
10.9002
10.9009
10.9016
10.9023
10.9029
10.9036
10.9043
10.905
10.9057
10.9064
10.9071
10.9077
10.9084
10.9091
10.9098
10.9104
10.9111
10.9118
10.9125
10.9131
10.9138
10.9145
10.9151
10.9158
10.9165
10.9171
10.9178
10.9185
10.9191
10.9198
10.9204
10.9211
10.9218
10.9224
10.9231
10.9237
10.9244
10.925
10.9257
10.9263
10.927
10.9276
10.9283
10.9289
10.9295
10.9302
10.9308
10.9314
10.932
10.9326
10.9333
10.9339
10.9345
10.9351
10.9357
10.9363
10.9369
10.9375
10.9381
10.9387
10.9393
10.9399
10.9405
10.9412
10.9418
10.9424
10.943
10.9436
10.9442
10.9448
10.9454
10.946
10.9466
10.9472
10.9478
10.9485
10.9491
10.9497
10.9503
10.9509
10.9515
10.9522
10.9528
10.9534
10.954
10.9547
10.9553
10.9559
10.9566
10.9572
10.9578
10.9584
10.9591
10.9597
10.9604
10.961
10.9616
10.9623
10.9629
10.9635
10.9642
10.9648
10.9655
10.9661
10.9668
10.9674
10.968
10.9687
10.9693
10.97
10.9706
10.9713
10.9719
10.9725
10.9732
10.9738
10.9745
10.9751
10.9757
10.9764
10.977
10.9777
10.9783
10.9789
10.9796
10.9802
10.9808
10.9815
10.9821
10.9828
10.9834
10.984
10.9847
10.9853
10.9859
10.9866
10.9872
10.9878
10.9884
10.9891
10.9897
10.9903
10.991
10.9916
10.9922
10.9929
10.9935
10.9941
10.9948
10.9954
10.996
10.9967
10.9973
10.9979
10.9986
10.9992
10.9998
11.0005
11.0011
11.0018
11.0024
11.003
11.0037
11.0043
11.005
11.0056
11.0063
11.0069
11.0075
11.0082
11.0088
11.0095
11.0101
11.0108
11.0114
11.0121
11.0127
11.0134
11.0141
11.0147
11.0154
11.016
11.0167
11.0174
11.018
11.0187
11.0194
11.02
11.0207
11.0214
11.022
11.0227
11.0234
11.0241
11.0247
11.0254
11.0261
11.0268
11.0275
11.0281
11.0288
11.0295
11.0302
11.0309
11.0316
11.0323
11.033
11.0337
11.0344
11.0351
11.0358
11.0365
11.0372
11.0379
11.0386
11.0393
11.04
11.0407
11.0415
11.0422
11.0429
11.0436
11.0443
11.045
11.0458
11.0465
11.0472
11.0479
11.0486
11.0494
11.0501
11.0508
11.0516
11.0523
11.053
11.0537
11.0545
11.0552
11.056
11.0567
11.0574
11.0582
11.0589
11.0596
11.0604
11.0611
11.0619
11.0626
11.0634
11.0641
11.0648
11.0656
11.0663
11.0671
11.0678
11.0686
11.0693
11.0701
11.0708
11.0716
11.0723
11.0731
11.0739
11.0746
11.0754
11.0761
11.0769
11.0777
11.0784
11.0792
11.08
11.0807
11.0815
11.0823
11.0831
11.0838
11.0846
11.0854
11.0862
11.087
11.0878
11.0886
11.0894
11.0901
11.0909
11.0917
11.0925
11.0934
11.0942
11.095
11.0958
11.0966
11.0974
11.0982
11.0991
11.0999
11.1007
11.1015
11.1024
11.1032
11.104
11.1049
11.1057
11.1065
11.1074
11.1082
11.1091
11.1099
11.1108
11.1116
11.1125
11.1133
11.1142
11.115
11.1159
11.1167
11.1176
11.1184
11.1193
11.1201
11.121
11.1218
11.1227
11.1235
11.1243
11.1252
11.126
11.1269
11.1277
11.1286
11.1294
11.1303
11.1311
11.1319
11.1328
11.1336
11.1345
11.1353
11.1361
11.137
11.1378
11.1386
11.1395
11.1403
11.1411
11.142
11.1428
11.1436
11.1444
11.1453
11.1461
11.1469
11.1477
11.1485
11.1493
11.1501
11.151
11.1518
11.1526
11.1534
11.1542
11.155
11.1558
11.1566
11.1574
11.1582
11.1589
11.1597
11.1605
11.1613
11.1621
11.1629
11.1637
11.1645
11.1652
11.166
11.1668
11.1676
11.1683
11.1691
11.1699
11.1707
11.1714
11.1722
11.173
11.1737
11.1745
11.1752
11.176
11.1768
11.1775
11.1783
11.179
11.1798
11.1806
11.1813
11.1821
11.1828
11.1836
11.1843
11.1851
11.1858
11.1866
11.1873
11.1881
11.1888
11.1896
11.1903
11.191
11.1918
11.1925
11.1933
11.194
11.1947
11.1955
11.1962
11.197
11.1977
11.1984
11.1992
11.1999
11.2006
11.2013
11.2021
11.2028
11.2035
11.2042
11.205
11.2057
11.2064
11.2071
11.2079
11.2086
11.2093
11.21
11.2107
11.2114
11.2121
11.2129
11.2136
11.2143
11.215
11.2157
11.2164
11.2171
11.2178
11.2185
11.2192
11.2199
11.2206
11.2213
11.222
11.2227
11.2234
11.2241
11.2248
11.2254
11.2261
11.2268
11.2275
11.2282
11.2289
11.2295
11.2302
11.2309
11.2316
11.2323
11.2329
11.2336
11.2343
11.2349
11.2356
11.2363
11.237
11.2376
11.2383
11.239
11.2396
11.2403
11.241
11.2416
11.2423
11.2429
11.2436
11.2443
11.2449
11.2456
11.2462
11.2469
11.2476
11.2482
11.2489
11.2495
11.2502
11.2508
11.2515
11.2521
11.2528
11.2534
11.2541
11.2547
11.2553
11.256
11.2566
11.2572
11.2578
11.2585
11.2591
11.2597
11.2603
11.2609
11.2615
11.2622
11.2628
11.2634
11.264
11.2646
11.2652
11.2658
11.2664
11.267
11.2677
11.2683
11.2689
11.2695
11.2701
11.2707
11.2713
11.272
11.2726
11.2732
11.2738
11.2744
11.2751
11.2757
11.2763
11.2769
11.2776
11.2782
11.2788
11.2795
11.2801
11.2807
11.2814
11.282
11.2826
11.2833
11.2839
11.2846
11.2852
11.2858
11.2865
11.2871
11.2878
11.2884
11.2891
11.2897
11.2904
11.291
11.2917
11.2923
11.293
11.2936
11.2943
11.2949
11.2956
11.2962
11.2969
11.2975
11.2982
11.2988
11.2995
11.3001
11.3008
11.3014
11.3021
11.3027
11.3034
11.304
11.3047
11.3053
11.306
11.3066
11.3073
11.3079
11.3086
11.3092
11.3099
11.3105
11.3112
11.3118
11.3125
11.3132
11.3138
11.3145
11.3151
11.3158
11.3164
11.3171
11.3177
11.3184
11.319
11.3197
11.3203
11.321
11.3216
11.3223
11.323
11.3236
11.3243
11.3249
11.3256
11.3262
11.3269
11.3276
11.3282
11.3289
11.3296
11.3302
11.3309
11.3316
11.3322
11.3329
11.3336
11.3342
11.3349
11.3356
11.3363
11.3369
11.3376
11.3383
11.339
11.3397
11.3403
11.341
11.3417
11.3424
11.3431
11.3438
11.3445
11.3452
11.3458
11.3465
11.3472
11.3479
11.3486
11.3493
11.35
11.3507
11.3515
11.3522
11.3529
11.3536
11.3543
11.355
11.3557
11.3564
11.3571
11.3579
11.3586
11.3593
11.36
11.3608
11.3615
11.3622
11.3629
11.3637
11.3644
11.3651
11.3659
11.3666
11.3673
11.3681
11.3688
11.3696
11.3703
11.371
11.3718
11.3725
11.3733
11.374
11.3748
11.3755
11.3763
11.377
11.3778
11.3785
11.3793
11.38
11.3808
11.3815
11.3823
11.3831
11.3838
11.3846
11.3854
11.3861
11.3869
11.3876
11.3884
11.3892
11.3899
11.3907
11.3915
11.3922
11.393
11.3938
11.3946
11.3953
11.3961
11.3969
11.3977
11.3985
11.3993
11.4001
11.4008
11.4016
11.4024
11.4032
11.404
11.4048
11.4056
11.4065
11.4073
11.4081
11.4089
11.4097
11.4105
11.4114
11.4122
11.413
11.4138
11.4147
11.4155
11.4163
11.4172
11.418
11.4189
11.4197
11.4206
11.4214
11.4223
11.4231
11.424
11.4249
11.4257
11.4266
11.4274
11.4283
11.4292
11.43
11.4309
11.4318
11.4327
11.4335
11.4344
11.4353
11.4361
11.437
11.4379
11.4387
11.4396
11.4405
11.4414
11.4422
11.4431
11.444
11.4448
11.4457
11.4466
11.4474
11.4483
11.4492
11.45
11.4509
11.4518
11.4526
11.4535
11.4543
11.4552
11.4561
11.4569
11.4578
11.4586
11.4595
11.4603
11.4612
11.462
11.4628
11.4637
11.4645
11.4654
11.4662
11.467
11.4679
11.4687
11.4695
11.4704
11.4712
11.472
11.4729
11.4737
11.4745
11.4753
11.4761
11.477
11.4778
11.4786
11.4794
11.4802
11.481
11.4818
11.4826
11.4835
11.4843
11.4851
11.4859
11.4867
11.4875
11.4883
11.4891
11.4899
11.4907
11.4915
11.4923
11.4931
11.4938
11.4946
11.4954
11.4962
11.497
11.4978
11.4986
11.4994
11.5002
11.5009
11.5017
11.5025
11.5033
11.5041
11.5049
11.5056
11.5064
11.5072
11.508
11.5088
11.5095
11.5103
11.5111
11.5119
11.5126
11.5134
11.5142
11.515
11.5157
11.5165
11.5173
11.5181
11.5188
11.5196
11.5204
11.5211
11.5219
11.5227
11.5234
11.5242
11.525
11.5257
11.5265
11.5272
11.528
11.5287
11.5295
11.5303
11.531
11.5318
11.5325
11.5333
11.534
11.5348
11.5355
11.5363
11.537
11.5377
11.5385
11.5392
11.54
11.5407
11.5414
11.5422
11.5429
11.5437
11.5444
11.5451
11.5458
11.5466
11.5473
11.548
11.5487
11.5495
11.5502
11.5509
11.5516
11.5524
11.5531
11.5538
11.5545
11.5552
11.5559
11.5566
11.5573
11.5581
11.5588
11.5595
11.5602
11.5609
11.5616
11.5623
11.563
11.5637
11.5644
11.5651
11.5658
11.5665
11.5672
11.5679
11.5686
11.5693
11.57
11.5707
11.5713
11.572
11.5727
11.5734
11.5741
11.5748
11.5755
11.5762
11.5769
11.5776
11.5782
11.5789
11.5796
11.5803
11.581
11.5817
11.5823
11.583
11.5837
11.5843
11.585
11.5857
11.5863
11.587
11.5876
11.5883
11.5889
11.5896
11.5902
11.5909
11.5915
11.5921
11.5928
11.5934
11.5941
11.5947
11.5954
11.596
11.5966
11.5973
11.5979
11.5986
11.5992
11.5998
11.6005
11.6011
11.6018
11.6024
11.6031
11.6037
11.6044
11.605
11.6057
11.6063
11.607
11.6077
11.6083
11.609
11.6096
11.6103
11.611
11.6116
11.6123
11.613
11.6136
11.6143
11.615
11.6157
11.6163
11.617
11.6177
11.6184
11.619
11.6197
11.6204
11.6211
11.6218
11.6225
11.6231
11.6238
11.6245
11.6252
11.6259
11.6266
11.6273
11.6279
11.6286
11.6293
11.63
11.6307
11.6314
11.6321
11.6328
11.6335
11.6342
11.6348
11.6355
11.6362
11.6369
11.6376
11.6383
11.639
11.6397
11.6404
11.6411
11.6418
11.6424
11.6431
11.6438
11.6445
11.6452
11.6459
11.6466
11.6473
11.648
11.6487
11.6494
11.6501
11.6508
11.6515
11.6522
11.6529
11.6535
11.6542
11.6549
11.6556
11.6563
11.657
11.6577
11.6584
11.6592
11.6599
11.6606
11.6613
11.662
11.6627
11.6634
11.6641
11.6648
11.6655
11.6662
11.6669
11.6677
11.6684
11.6691
11.6698
11.6705
11.6712
11.672
11.6727
11.6734
11.6741
11.6749
11.6756
11.6763
11.677
11.6778
11.6785
11.6792
11.68
11.6807
11.6815
11.6822
11.6829
11.6837
11.6844
11.6852
11.6859
11.6867
11.6874
11.6882
11.6889
11.6897
11.6904
11.6912
11.692
11.6927
11.6935
11.6943
11.695
11.6958
11.6966
11.6973
11.6981
11.6989
11.6997
11.7004
11.7012
11.702
11.7028
11.7036
11.7043
11.7051
11.7059
11.7067
11.7075
11.7083
11.7091
11.7099
11.7107
11.7115
11.7123
11.7131
11.7139
11.7147
11.7155
11.7163
11.7171
11.7179
11.7187
11.7195
11.7203
11.7211
11.7219
11.7227
11.7235
11.7244
11.7252
11.726
11.7268
11.7276
11.7284
11.7293
11.7301
11.7309
11.7318
11.7326
11.7334
11.7343
11.7351
11.736
11.7368
11.7377
11.7385
11.7394
11.7402
11.7411
11.742
11.7428
11.7437
11.7446
11.7454
11.7463
11.7472
11.7481
11.749
11.7498
11.7507
11.7516
11.7525
11.7534
11.7543
11.7552
11.7561
11.757
11.758
11.7589
11.7598
11.7607
11.7616
11.7625
11.7635
11.7644
11.7653
11.7663
11.7672
11.7681
11.7691
11.77
11.7709
11.7719
11.7728
11.7737
11.7747
11.7756
11.7766
11.7775
11.7785
11.7794
11.7803
11.7813
11.7822
11.7832
11.7841
11.7851
11.786
11.787
11.7879
11.7889
11.7898
11.7908
11.7917
11.7927
11.7936
11.7946
11.7955
11.7965
11.7974
11.7983
11.7993
11.8002
11.8012
11.8021
11.803
11.804
11.8049
11.8058
11.8068
11.8077
11.8086
11.8095
11.8105
11.8114
11.8123
11.8133
11.8142
11.8151
11.816
11.817
11.8179
11.8188
11.8197
11.8207
11.8216
11.8225
11.8234
11.8243
11.8252
11.8261
11.8271
11.828
11.8289
11.8298
11.8307
11.8316
11.8325
11.8334
11.8343
11.8352
11.8361
11.837
11.8379
11.8388
11.8396
11.8405
11.8414
11.8423
11.8432
11.8441
11.845
11.8458
11.8467
11.8476
11.8485
11.8493
11.8502
11.8511
11.852
11.8528
11.8537
11.8546
11.8554
11.8563
11.8572
11.858
11.8589
11.8598
11.8606
11.8615
11.8623
11.8632
11.8641
11.8649
11.8658
11.8666
11.8675
11.8683
11.8692
11.87
11.8709
11.8717
11.8726
11.8734
11.8743
11.8751
11.876
11.8768
11.8777
11.8785
11.8794
11.8802
11.8811
11.8819
11.8827
11.8836
11.8844
11.8852
11.8861
11.8869
11.8878
11.8886
11.8894
11.8903
11.8911
11.8919
11.8927
11.8936
11.8944
11.8952
11.896
11.8969
11.8977
11.8985
11.8993
11.9001
11.901
11.9018
11.9026
11.9034
11.9042
11.905
11.9058
11.9067
11.9075
11.9083
11.9091
11.9099
11.9107
11.9115
11.9123
11.9131
11.9139
11.9147
11.9155
11.9163
11.9171
11.9179
11.9187
11.9195
11.9203
11.9211
11.9219
11.9226
11.9234
11.9242
11.925
11.9258
11.9266
11.9274
11.9282
11.929
11.9297
11.9305
11.9313
11.9321
11.9329
11.9337
11.9344
11.9352
11.936
11.9368
11.9376
11.9384
11.9391
11.9399
11.9407
11.9415
11.9423
11.943
11.9438
11.9446
11.9453
11.9461
11.9468
11.9476
11.9483
11.9491
11.9498
11.9506
11.9513
11.952
11.9528
11.9535
11.9542
11.955
11.9557
11.9564
11.9571
11.9579
11.9586
11.9593
11.9601
11.9608
11.9615
11.9622
11.963
11.9637
11.9644
11.9652
11.9659
11.9666
11.9674
11.9681
11.9689
11.9696
11.9703
11.9711
11.9718
11.9726
11.9733
11.9741
11.9749
11.9756
11.9764
11.9771
11.9779
11.9787
11.9794
11.9802
11.981
11.9818
11.9825
11.9833
11.9841
11.9849
11.9857
11.9864
11.9872
11.988
11.9888
11.9896
11.9904
11.9912
11.992
11.9928
11.9936
11.9944
11.9952
11.996
11.9968
11.9976
11.9984
11.9992
12
12.0008
12.0016
12.0024
12.0032
12.004
12.0048
12.0056
12.0064
12.0072
12.008
12.0088
12.0096
12.0104
12.0112
12.012
12.0128
12.0137
12.0145
12.0153
12.0161
12.0169
12.0177
12.0185
12.0193
12.0201
12.021
12.0218
12.0226
12.0234
12.0242
12.025
12.0258
12.0267
12.0275
12.0283
12.0291
12.0299
12.0308
12.0316
12.0324
12.0332
12.0341
12.0349
12.0357
12.0366
12.0374
12.0382
12.0391
12.0399
12.0407
12.0416
12.0424
12.0432
12.0441
12.0449
12.0458
12.0466
12.0475
12.0483
12.0492
12.05
12.0509
12.0517
12.0526
12.0534
12.0543
12.0552
12.056
12.0569
12.0578
12.0586
12.0595
12.0604
12.0613
12.0621
12.063
12.0639
12.0648
12.0657
12.0666
12.0674
12.0683
12.0692
12.0701
12.071
12.0719
12.0728
12.0737
12.0746
12.0755
12.0765
12.0774
12.0783
12.0792
12.0801
12.081
12.082
12.0829
12.0838
12.0847
12.0857
12.0866
12.0875
12.0885
12.0894
12.0903
12.0913
12.0922
12.0932
12.0941
12.0951
12.096
12.097
12.0979
12.0989
12.0998
12.1008
12.1017
12.1027
12.1037
12.1046
12.1056
12.1066
12.1075
12.1085
12.1095
12.1105
12.1114
12.1124
12.1134
12.1144
12.1154
12.1164
12.1174
12.1184
12.1194
12.1204
12.1215
12.1225
12.1235
12.1245
12.1256
12.1266
12.1276
12.1287
12.1297
12.1307
12.1318
12.1328
12.1339
12.135
12.136
12.1371
12.1382
12.1392
12.1403
12.1414
12.1425
12.1436
12.1446
12.1457
12.1468
12.1479
12.149
12.1501
12.1512
12.1523
12.1534
12.1546
12.1557
12.1568
12.1579
12.159
12.1602
12.1613
12.1624
12.1636
12.1647
12.1659
12.167
12.1681
12.1693
12.1704
12.1716
12.1727
12.1739
12.1751
12.1762
12.1774
12.1785
12.1797
12.1809
12.182
12.1832
12.1844
12.1855
12.1867
12.1879
12.1891
12.1902
12.1914
12.1926
12.1938
12.195
12.1961
12.1973
12.1985
12.1997
12.2009
12.2021
12.2032
12.2044
12.2056
12.2068
12.208
12.2092
12.2104
12.2116
12.2128
12.214
12.2152
12.2163
12.2175
12.2187
12.2199
12.2211
12.2223
12.2235
12.2247
12.2259
12.2271
12.2283
12.2295
12.2307
12.2319
12.233
12.2342
12.2354
12.2366
12.2378
12.239
12.2402
12.2414
12.2426
12.2438
12.2449
12.2461
12.2473
12.2485
12.2497
12.2509
12.2521
12.2532
12.2544
12.2556
12.2568
12.258
12.2591
12.2603
12.2615
12.2627
12.2638
12.265
12.2662
12.2673
12.2685
12.2697
12.2708
12.272
12.2731
12.2743
12.2754
12.2766
12.2777
12.2789
12.28
12.2812
12.2823
12.2835
12.2846
12.2857
12.2869
12.288
12.2891
12.2903
12.2914
12.2925
12.2936
12.2948
12.2959
12.297
12.2981
12.2992
12.3003
12.3015
12.3026
12.3037
12.3048
12.3059
12.307
12.3081
12.3092
12.3103
12.3114
12.3125
12.3136
12.3147
12.3157
12.3168
12.3179
12.319
12.3201
12.3212
12.3223
12.3233
12.3244
12.3255
12.3266
12.3277
12.3287
12.3298
12.3309
12.3319
12.333
12.3341
12.3352
12.3362
12.3373
12.3384
12.3394
12.3405
12.3415
12.3426
12.3437
12.3447
12.3458
12.3468
12.3479
12.3489
12.35
12.3511
12.3521
12.3532
12.3542
12.3553
12.3563
12.3574
12.3584
12.3595
12.3605
12.3616
12.3626
12.3637
12.3647
12.3658
12.3669
12.3679
12.369
12.37
12.3711
12.3721
12.3732
12.3742
12.3753
12.3763
12.3774
12.3784
12.3795
12.3805
12.3816
12.3826
12.3837
12.3848
12.3858
12.3869
12.3879
12.389
12.3901
12.3911
12.3922
12.3932
12.3943
12.3954
12.3964
12.3975
12.3986
12.3996
12.4007
12.4018
12.4028
12.4039
12.405
12.4061
12.4071
12.4082
12.4093
12.4104
12.4115
12.4125
12.4136
12.4147
12.4158
12.4169
12.418
12.4191
12.4202
12.4213
12.4224
12.4235
12.4246
12.4257
12.4268
12.4279
12.429
12.4301
12.4312
12.4323
12.4334
12.4345
12.4357
12.4368
12.4379
12.439
12.4401
12.4413
12.4424
12.4435
12.4447
12.4458
12.4469
12.4481
12.4492
12.4503
12.4515
12.4526
12.4538
12.4549
12.456
12.4572
12.4583
12.4595
12.4606
12.4618
12.463
12.4641
12.4653
12.4664
12.4676
12.4688
12.4699
12.4711
12.4723
12.4735
12.4746
12.4758
12.477
12.4782
12.4794
12.4806
12.4818
12.483
12.4841
12.4853
12.4865
12.4877
12.4889
12.4902
12.4914
12.4926
12.4938
12.495
12.4962
12.4974
12.4987
12.4999
12.5011
12.5023
12.5036
12.5048
12.506
12.5072
12.5084
12.5096
12.5109
12.5121
12.5132
12.5144
12.5156
12.5168
12.518
12.5192
12.5204
12.5216
12.5228
12.524
12.5252
12.5264
12.5276
12.5288
12.53
12.5313
12.5325
12.5337
12.5349
12.5361
12.5374
12.5386
12.5398
12.541
12.5423
12.5435
12.5447
12.546
12.5472
12.5484
12.5497
12.5509
12.5522
12.5534
12.5547
12.5559
12.5572
12.5584
12.5597
12.5609
12.5622
12.5635
12.5647
12.566
12.5672
12.5685
12.5698
12.5711
12.5723
12.5736
12.5749
12.5762
12.5774
12.5787
12.58
12.5813
12.5826
12.5839
12.5852
12.5865
12.5878
12.589
12.5903
12.5916
12.593
12.5943
12.5956
12.5969
12.5982
12.5995
12.6008
12.6022
12.6035
12.6048
12.6062
12.6075
12.6088
12.6102
12.6115
12.6129
12.6142
12.6156
12.6169
12.6183
12.6197
12.621
12.6224
12.6238
12.6251
12.6265
12.6279
12.6293
12.6307
12.632
12.6334
12.6348
12.6362
12.6376
12.639
12.6404
12.6418
12.6432
12.6447
12.6461
12.6475
12.6489
12.6503
12.6518
12.6532
12.6546
12.6561
12.6575
12.6589
12.6604
12.6618
12.6633
12.6647
12.6662
12.6676
12.6691
12.6706
12.672
12.6735
12.675
12.6765
12.6779
12.6794
12.6809
12.6824
12.6839
12.6854
12.6869
12.6884
12.6899
12.6914
12.6929
12.6944
12.6959
12.6974
12.699
12.7005
12.702
12.7035
12.7051
12.7066
12.7081
12.7097
12.7112
12.7128
12.7143
12.7159
12.7174
12.719
12.7206
12.7221
12.7237
12.7253
12.7269
12.7284
12.73
12.7316
12.7332
12.7348
12.7364
12.738
12.7396
12.7412
12.7428
12.7444
12.746
12.7477
12.7493
12.7509
12.7525
12.7542
12.7558
12.7575
12.7591
12.7608
12.7624
12.7641
12.7657
12.7674
12.7691
12.7707
12.7724
12.7741
12.7758
12.7775
12.7792
12.7808
12.7825
12.7842
12.786
12.7877
12.7894
12.7911
12.7928
12.7945
12.7963
12.798
12.7997
12.8015
12.8032
12.805
12.8067
12.8085
12.8103
12.812
12.8138
12.8156
12.8174
12.8191
12.8209
12.8227
12.8245
12.8263
12.8281
12.8299
12.8317
12.8336
12.8354
12.8372
12.839
12.8409
12.8427
12.8445
12.8464
12.8482
12.8501
12.8519
12.8538
12.8556
12.8575
12.8594
12.8613
12.8631
12.865
12.8669
12.8688
12.8707
12.8726
12.8745
12.8764
12.8783
12.8802
12.8821
12.884
12.8859
12.8878
12.8898
12.8917
12.8936
12.8956
12.8975
12.8995
12.9014
12.9033
12.9053
12.9073
12.9092
12.9112
12.9131
12.9151
12.9171
12.9191
12.921
12.923
12.925
12.927
12.929
12.931
12.933
12.935
12.937
12.939
12.941
12.943
12.945
12.947
12.949
12.9511
12.9531
12.9551
12.9571
12.9592
12.9612
12.9633
12.9653
12.9673
12.9694
12.9714
12.9735
12.9755
12.9776
12.9797
12.9817
12.9838
12.9859
12.9879
12.99
12.9921
12.9942
12.9962
12.9983
13.0004
13.0025
13.0046
13.0067
13.0088
13.0109
13.013
13.0151
13.0172
13.0193
13.0214
13.0235
13.0257
13.0278
13.0299
13.032
13.0341
13.0363
13.0384
13.0405
13.0427
13.0448
13.0469
13.0491
13.0512
13.0534
13.0555
13.0577
13.0598
13.062
13.0642
13.0663
13.0685
13.0706
13.0728
13.075
13.0771
13.0793
13.0815
13.0837
13.0858
13.088
13.0902
13.0924
13.0946
13.0968
13.099
13.1012
13.1034
13.1056
13.1078
13.11
13.1122
13.1144
13.1166
13.1188
13.121
13.1232
13.1254
13.1277
13.1299
13.1321
13.1343
13.1366
13.1388
13.141
13.1432
13.1455
13.1477
13.15
13.1522
13.1544
13.1567
13.1589
13.1612
13.1634
13.1657
13.1679
13.1702
13.1725
13.1747
13.177
13.1793
13.1815
13.1838
13.1861
13.1883
13.1906
13.1929
13.1952
13.1974
13.1997
13.202
13.2043
13.2065
13.2088
13.2111
13.2134
13.2157
13.2179
13.2202
13.2225
13.2248
13.2271
13.2293
13.2316
13.2339
13.2362
13.2384
13.2407
13.243
13.2453
13.2476
13.2499
13.2521
13.2544
13.2567
13.259
13.2613
13.2636
13.2659
13.2682
13.2704
13.2727
13.275
13.2773
13.2796
13.2819
13.2842
13.2865
13.2888
13.2911
13.2934
13.2957
13.298
13.3004
13.3027
13.305
13.3073
13.3096
13.3119
13.3142
13.3166
13.3189
13.3212
13.3235
13.3259
13.3282
13.3305
13.3329
13.3352
13.3375
13.3399
13.3422
13.3446
13.3469
13.3493
13.3516
13.354
13.3564
13.3587
13.3611
13.3634
13.3658
13.3682
13.3706
13.3729
13.3753
13.3777
13.3801
13.3824
13.3848
13.3872
13.3896
13.392
13.3944
13.3968
13.3992
13.4015
13.4039
13.4063
13.4087
13.4111
13.4135
13.4159
13.4183
13.4207
13.4231
13.4255
13.4279
13.4303
13.4327
13.4351
13.4375
13.4399
13.4424
13.4448
13.4472
13.4496
13.452
13.4544
13.4568
13.4592
13.4616
13.464
13.4665
13.4689
13.4713
13.4737
13.4761
13.4785
13.4809
13.4833
13.4858
13.4882
13.4906
13.493
13.4954
13.4978
13.5003
13.5027
13.5051
13.5075
13.5099
13.5123
13.5148
13.5172
13.5196
13.522
13.5244
13.5268
13.5292
13.5317
13.5341
13.5365
13.5389
13.5413
13.5437
13.5461
13.5485
13.5509
13.5533
13.5557
13.5581
13.5605
13.5629
13.5653
13.5677
13.5701
13.5725
13.5749
13.5773
13.5797
13.582
13.5844
13.5868
13.5892
13.5916
13.5939
13.5963
13.5987
13.601
13.6034
13.6057
13.6081
13.6104
13.6127
13.6151
13.6174
13.6197
13.622
13.6244
13.6267
13.629
13.6313
13.6336
13.6359
13.6382
13.6404
13.6427
13.645
13.6473
13.6495
13.6518
13.654
13.6563
13.6586
13.6608
13.663
13.6653
13.6675
13.6697
13.672
13.6742
