distance
0
-1.08216e-07
-4.10136e-07
-7.64601e-07
-1.28871e-06
-1.94394e-06
-2.80363e-06
-3.82713e-06
-5.08728e-06
-6.54542e-06
-8.27056e-06
-1.02259e-05
-1.24749e-05
-1.49834e-05
-1.78089e-05
-2.09308e-05
-2.44041e-05
-2.82071e-05
-3.23847e-05
-3.69201e-05
-4.18495e-05
-4.71271e-05
-5.28469e-05
-5.90395e-05
-6.57704e-05
-7.3045e-05
-8.09133e-05
-8.93567e-05
-9.84367e-05
-0.00010817
-0.000118595
-0.000129704
-0.000141542
-0.000154074
-0.000167181
-0.000180734
-0.000194479
-0.000208614
-0.000222997
-0.000237387
-0.000252087
-0.000266893
-0.000281595
-0.000296363
-0.000311129
-0.000325741
-0.000340472
-0.000355118
-0.00036954
-0.000384003
-0.000398338
-0.000412405
-0.000426055
-0.000439616
-0.000452971
-0.000465859
-0.000478218
-0.000490363
-0.000502171
-0.000513447
-0.000524216
-0.000534823
-0.000545
-0.000554566
-0.000563394
-0.000571844
-0.000579715
-0.000586992
-0.000593366
-0.000598662
-0.000603116
-0.0006065
-0.000609176
-0.000610993
-0.000611712
-0.000611595
-0.000610368
-0.000608137
-0.000604571
-0.000599439
-0.000593132
-0.00058552
-0.000576346
-0.00056542
-0.000552521
-0.000538155
-0.000522148
-0.000504281
-0.000484349
-0.000462137
-0.000438141
-0.000412198
-0.000384089
-0.000353538
-0.000320377
-0.000285149
-0.000247619
-0.00020755
-0.000164675
-0.00011881
-7.00479e-05
-1.81361e-05
3.68299e-05
9.5036e-05
0.000156621
0.000221615
0.000290103
0.00036202
0.000437556
0.000516801
0.000599715
0.000686471
0.00077712
0.000871525
0.000969812
0.00107121
0.00117591
0.00128408
0.00139585
0.00151049
0.0016282
0.00174905
0.00187254
0.00199877
0.00212733
0.00225832
0.00239173
0.00252724
0.00266485
0.00280283
0.00294217
0.00308328
0.00322598
0.00336978
0.00351488
0.00366133
0.00380892
0.00395778
0.0041082
0.00425995
0.00441328
0.00456838
0.00472527
0.00488416
0.00504534
0.00520881
0.00537494
0.00554386
0.00571544
0.00588968
0.00606662
0.00624613
0.00642801
0.00661227
0.00679898
0.00698809
0.0071795
0.0073733
0.00756963
0.00776848
0.0079698
0.00817368
0.00838027
0.00858957
0.00880152
0.00901623
0.00923382
0.00945431
0.00967769
0.00990403
0.0101334
0.0103659
0.0106015
0.0108401
0.0110821
0.0113274
0.0115759
0.0118277
0.012083
0.0123417
0.0126039
0.0128697
0.0131391
0.013412
0.0136886
0.0139689
0.0142529
0.0145406
0.0148322
0.0151275
0.0154268
0.0157299
0.016037
0.016348
0.0166632
0.0169823
0.0173056
0.017633
0.0179645
0.0183002
0.0186399
0.0189838
0.0193318
0.019684
0.0200404
0.0204008
0.0207654
0.0211342
0.021507
0.021884
0.0222653
0.0226508
0.0230407
0.0234349
0.0238335
0.0242365
0.0246439
0.025056
0.0254727
0.025894
0.0263202
0.0267511
0.0271868
0.0276274
0.0280728
0.0285231
0.0289783
0.0294386
0.0299037
0.0303737
0.0308487
0.0313287
0.0318136
0.0323033
0.032798
0.0332975
0.0338019
0.0343111
0.034825
0.0353438
0.0358672
0.0363954
0.0369282
0.0374656
0.0380075
0.038554
0.039105
0.0396604
0.04022
0.040784
0.0413523
0.0419247
0.0425011
0.0430815
0.0436659
0.0442542
0.0448462
0.0454419
0.0460412
0.0466441
0.0472504
0.04786
0.048473
0.0490891
0.0497083
0.0503304
0.0509555
0.0515834
0.052214
0.0528473
0.0534829
0.054121
0.0547613
0.0554038
0.0560484
0.0566949
0.0573432
0.0579932
0.0586448
0.0592979
0.0599523
0.060608
0.0612648
0.0619228
0.0625818
0.0632419
0.0639029
0.0645647
0.0652274
0.065891
0.0665552
0.0672202
0.0678858
0.0685521
0.069219
0.0698865
0.0705545
0.0712231
0.0718922
0.0725617
0.0732318
0.0739024
0.0745734
0.0752448
0.0759167
0.0765891
0.0772618
0.077935
0.0786086
0.0792808
0.07995
0.0806152
0.0812761
0.0819326
0.0825851
0.0832343
0.0838805
0.0845245
0.0851666
0.0858073
0.0864473
0.0870869
0.0877264
0.0883663
0.0890067
0.0896479
0.09029
0.0909332
0.0915775
0.0922229
0.0928694
0.093517
0.0941656
0.0948154
0.0954663
0.0961184
0.0967715
0.0974257
0.098081
0.0987374
0.099395
0.100054
0.100713
0.101374
0.102036
0.102699
0.103363
0.104028
0.104695
0.105362
0.10603
0.1067
0.10737
0.108042
0.108715
0.109389
0.110064
0.11074
0.111417
0.112095
0.112774
0.113455
0.114136
0.114819
0.115503
0.116188
0.116874
0.117561
0.118249
0.118938
0.119629
0.120321
0.121013
0.121707
0.122403
0.123099
0.123796
0.124495
0.125195
0.125896
0.126598
0.127302
0.128007
0.128713
0.12942
0.130128
0.130838
0.131547
0.132257
0.132968
0.133681
0.134394
0.135109
0.135825
0.136543
0.137261
0.137981
0.138701
0.139423
0.140146
0.140871
0.141596
0.142323
0.143051
0.14378
0.14451
0.145242
0.145975
0.14671
0.147445
0.148183
0.148921
0.149661
0.150402
0.151145
0.151889
0.152634
0.153381
0.154129
0.154879
0.155629
0.156381
0.157134
0.157889
0.158645
0.159402
0.160161
0.160921
0.161683
0.162447
0.163211
0.163978
0.164744
0.165509
0.166276
0.167044
0.167814
0.168585
0.169357
0.17013
0.170905
0.171682
0.17246
0.17324
0.17402
0.174803
0.175587
0.176371
0.177158
0.177945
0.178733
0.179522
0.180311
0.181102
0.181893
0.182685
0.183478
0.184271
0.185064
0.185857
0.186651
0.187445
0.188239
0.189033
0.189827
0.190621
0.191414
0.192208
0.193001
0.193794
0.194586
0.195378
0.19617
0.196961
0.197752
0.198542
0.199331
0.20012
0.200908
0.201695
0.202482
0.203268
0.204054
0.204838
0.205622
0.206406
0.207188
0.20797
0.208751
0.209531
0.210311
0.21109
0.211869
0.212647
0.213424
0.214201
0.214977
0.215752
0.216527
0.217302
0.218076
0.21885
0.219624
0.220397
0.22117
0.221942
0.222715
0.223487
0.224259
0.22503
0.225802
0.226573
0.227345
0.228116
0.228888
0.229659
0.230431
0.231202
0.231974
0.232746
0.233518
0.23429
0.235063
0.235836
0.23661
0.237384
0.238158
0.238933
0.239709
0.240485
0.241262
0.242039
0.242818
0.243597
0.244377
0.245157
0.245939
0.246722
0.247506
0.248291
0.249077
0.249864
0.250652
0.251442
0.252233
0.253025
0.253819
0.254614
0.255411
0.256209
0.257008
0.257809
0.258612
0.259416
0.260222
0.26103
0.26184
0.262651
0.263464
0.264279
0.265097
0.265916
0.266737
0.26756
0.268386
0.269213
0.270043
0.270875
0.27171
0.272546
0.273386
0.274227
0.275071
0.275918
0.276767
0.277618
0.278472
0.279329
0.280188
0.28105
0.281915
0.282782
0.283652
0.284525
0.2854
0.286279
0.28716
0.288044
0.288931
0.28982
0.290713
0.291608
0.292507
0.293408
0.294313
0.29522
0.29613
0.297044
0.29796
0.298879
0.299802
0.300727
0.301656
0.302587
0.303522
0.30446
0.305401
0.306345
0.307291
0.308242
0.309195
0.310151
0.31111
0.312073
0.313038
0.314007
0.314979
0.315954
0.316932
0.317913
0.318898
0.319885
0.320876
0.32187
0.322867
0.323867
0.32487
0.325877
0.326887
0.327899
0.328915
0.329935
0.330957
0.331982
0.333011
0.334043
0.335077
0.336115
0.337156
0.338201
0.339248
0.340298
0.341351
0.342408
0.343467
0.344529
0.345595
0.346663
0.347734
0.348808
0.349885
0.350965
0.352047
0.353133
0.354221
0.355311
0.356404
0.3575
0.358599
0.3597
0.360803
0.361909
0.363017
0.364128
0.36524
0.366355
0.367472
0.368591
0.369712
0.370835
0.37196
0.373086
0.374215
0.375345
0.376476
0.377609
0.378743
0.379879
0.381016
0.382154
0.383293
0.384434
0.385576
0.386718
0.387862
0.389006
0.390152
0.391298
0.392445
0.393593
0.394742
0.395891
0.397041
0.398191
0.399342
0.400493
0.401645
0.402798
0.403951
0.405104
0.406256
0.407408
0.408561
0.409714
0.410863
0.412007
0.413145
0.414277
0.415403
0.416526
0.417646
0.418764
0.419881
0.420997
0.422114
0.42323
0.424347
0.425464
0.426582
0.427701
0.42882
0.429939
0.43106
0.432181
0.433302
0.434425
0.435548
0.436672
0.437796
0.438921
0.440047
0.441173
0.4423
0.443427
0.444555
0.445684
0.446814
0.447944
0.449075
0.450207
0.45134
0.452474
0.453609
0.454744
0.455879
0.457016
0.458153
0.459291
0.460429
0.461568
0.462708
0.463848
0.464989
0.46613
0.467272
0.468415
0.469558
0.470702
0.471847
0.472993
0.47414
0.475288
0.476435
0.477584
0.478734
0.479885
0.481036
0.482188
0.483341
0.484495
0.48565
0.486802
0.487952
0.489097
0.490239
0.491378
0.492515
0.493651
0.494786
0.495921
0.497057
0.498193
0.49933
0.500468
0.501607
0.502747
0.503889
0.505032
0.506176
0.507322
0.508468
0.509617
0.510766
0.511917
0.513069
0.514223
0.515379
0.516535
0.517694
0.518853
0.520014
0.521177
0.522341
0.523506
0.524673
0.525841
0.527011
0.528181
0.529354
0.530527
0.531702
0.532878
0.534055
0.535233
0.536413
0.537593
0.538775
0.539959
0.541143
0.542328
0.543515
0.544703
0.545892
0.547082
0.548273
0.549466
0.55066
0.551854
0.553051
0.554248
0.555446
0.556646
0.557846
0.559048
0.560251
0.561456
0.562661
0.563868
0.565076
0.566285
0.567495
0.568706
0.569919
0.571132
0.572347
0.573563
0.574781
0.575999
0.577219
0.57844
0.579662
0.580885
0.58211
0.583336
0.584563
0.585791
0.587021
0.588252
0.589484
0.590718
0.591951
0.593183
0.594413
0.595641
0.596868
0.598092
0.599314
0.600534
0.601753
0.602969
0.604184
0.605398
0.606611
0.607824
0.609037
0.610246
0.611452
0.612655
0.613855
0.61505
0.616242
0.617429
0.618613
0.619795
0.620975
0.622154
0.623333
0.624511
0.625689
0.626867
0.628045
0.629225
0.630404
0.631585
0.632766
0.633948
0.635131
0.636314
0.637497
0.638681
0.639864
0.641048
0.642231
0.643415
0.644597
0.645779
0.646961
0.648141
0.649321
0.650499
0.651675
0.652849
0.654021
0.655191
0.656358
0.657522
0.658683
0.659841
0.660996
0.662147
0.663294
0.664438
0.665579
0.666716
0.667849
0.668979
0.670106
0.671229
0.672349
0.673466
0.67458
0.67569
0.676798
0.677903
0.679005
0.680104
0.6812
0.682294
0.683386
0.684475
0.685562
0.686647
0.687729
0.688809
0.689888
0.690964
0.692038
0.69311
0.694181
0.69525
0.696316
0.697381
0.698445
0.699506
0.700566
0.701624
0.70268
0.703734
0.704787
0.705838
0.706888
0.707935
0.708982
0.710026
0.711069
0.71211
0.713149
0.714187
0.715224
0.716258
0.717292
0.718323
0.719353
0.720382
0.72141
0.722435
0.72346
0.724483
0.725505
0.726525
0.727544
0.728562
0.729578
0.730593
0.731607
0.73262
0.733631
0.734641
0.73565
0.736658
0.737664
0.738669
0.739674
0.740676
0.741678
0.742679
0.743678
0.744676
0.745674
0.74667
0.747665
0.748658
0.749651
0.750642
0.751633
0.752622
0.75361
0.754598
0.755584
0.756568
0.757552
0.758535
0.759517
0.760497
0.761477
0.762455
0.763432
0.764408
0.765383
0.766357
0.76733
0.768301
0.769272
0.770241
0.771209
0.772176
0.773141
0.774105
0.775068
0.77603
0.776991
0.77795
0.778908
0.779864
0.780819
0.781774
0.782726
0.783678
0.784628
0.785577
0.786525
0.787472
0.788417
0.789362
0.790305
0.791247
0.792187
0.793127
0.794066
0.795003
0.79594
0.796875
0.79781
0.798743
0.799676
0.800607
0.801538
0.802467
0.803396
0.804324
0.805251
0.806177
0.807102
0.808026
0.80895
0.809873
0.810795
0.811716
0.812637
0.813557
0.814476
0.815395
0.816313
0.81723
0.818147
0.819063
0.819979
0.820894
0.821808
0.822722
0.823636
0.824549
0.825462
0.826375
0.827287
0.828198
0.82911
0.830021
0.830932
0.831843
0.832753
0.833663
0.834573
0.835483
0.836393
0.837302
0.838212
0.839121
0.84003
0.84094
0.841849
0.842758
0.843667
0.844576
0.845486
0.846395
0.847304
0.848214
0.849123
0.850033
0.850943
0.851853
0.852763
0.853673
0.854584
0.855494
0.856405
0.857316
0.858228
0.859139
0.860051
0.860963
0.861876
0.862788
0.863702
0.864615
0.865529
0.866443
0.867357
0.868272
0.869187
0.870103
0.871019
0.871935
0.872852
0.873769
0.874687
0.875605
0.876523
0.877442
0.878362
0.879282
0.880202
0.881122
0.882044
0.882965
0.883887
0.88481
0.885733
0.886656
0.88758
0.888505
0.88943
0.890355
0.89128
0.892205
0.89313
0.894054
0.894978
0.895901
0.896824
0.897746
0.898667
0.899588
0.900508
0.901428
0.902348
0.903268
0.904187
0.905107
0.906026
0.906946
0.907865
0.908786
0.909706
0.910627
0.911548
0.91247
0.913393
0.914316
0.915239
0.916164
0.917089
0.918015
0.918941
0.919869
0.920797
0.921726
0.922656
0.923587
0.924519
0.925452
0.926385
0.92732
0.928255
0.929192
0.93013
0.931068
0.932008
0.932949
0.93389
0.934833
0.935777
0.936722
0.937668
0.938615
0.939563
0.940512
0.941463
0.942414
0.943367
0.944321
0.945276
0.946232
0.947189
0.948147
0.949107
0.950067
0.951029
0.951992
0.952956
0.953921
0.954887
0.955854
0.956822
0.957791
0.958762
0.959733
0.960705
0.961679
0.962653
0.963628
0.964605
0.965582
0.966561
0.96754
0.96852
0.969501
0.970484
0.971467
0.972451
0.973436
0.974422
0.975408
0.976396
0.977384
0.978374
0.979364
0.980355
0.981347
0.98234
0.983333
0.984328
0.985323
0.986319
0.987316
0.988314
0.989313
0.990312
0.991312
0.992313
0.993315
0.994318
0.995319
0.996316
0.997306
0.99829
0.999269
1.00024
1.00122
1.00219
1.00316
1.00414
1.00511
1.00608
1.00706
1.00803
1.00901
1.00999
1.01097
1.01195
1.01293
1.01391
1.01489
1.01588
1.01686
1.01784
1.01883
1.01982
1.0208
1.02179
1.02278
1.02377
1.02476
1.02575
1.02674
1.02773
1.02873
1.02972
1.03072
1.03171
1.03271
1.0337
1.0347
1.0357
1.0367
1.0377
1.0387
1.0397
1.0407
1.0417
1.04271
1.04371
1.04471
1.04572
1.04672
1.04773
1.04873
1.04974
1.05075
1.05176
1.05277
1.05378
1.05479
1.0558
1.05681
1.05783
1.05884
1.05985
1.06087
1.06189
1.0629
1.06392
1.06494
1.06596
1.06698
1.068
1.06903
1.07005
1.07108
1.0721
1.07313
1.07416
1.07518
1.07621
1.07725
1.07828
1.07931
1.08034
1.08138
1.08242
1.08345
1.08449
1.08553
1.08657
1.08761
1.08866
1.0897
1.09075
1.0918
1.09284
1.09389
1.09494
1.096
1.09705
1.09811
1.09916
1.10022
1.10128
1.10234
1.1034
1.10446
1.10553
1.10659
1.10766
1.10873
1.1098
1.11087
1.11194
1.11302
1.11409
1.11517
1.11625
1.11733
1.11841
1.11949
1.12057
1.12166
1.12275
1.12383
1.12492
1.12602
1.12711
1.1282
1.1293
1.1304
1.13149
1.13259
1.1337
1.1348
1.1359
1.13701
1.13812
1.13922
1.14033
1.14145
1.14256
1.14367
1.14479
1.14591
1.14703
1.14815
1.14927
1.15039
1.15152
1.15264
1.15377
1.1549
1.15603
1.15716
1.1583
1.15943
1.16057
1.16171
1.16285
1.16399
1.16513
1.16628
1.16742
1.16857
1.16972
1.17087
1.17202
1.17318
1.17433
1.17549
1.17665
1.17781
1.17897
1.18013
1.18129
1.18246
1.18363
1.18479
1.18596
1.18714
1.18831
1.18948
1.19066
1.19184
1.19302
1.1942
1.19538
1.19656
1.19775
1.19893
1.20012
1.20131
1.2025
1.20369
1.20488
1.20608
1.20727
1.20847
1.20967
1.21087
1.21207
1.21327
1.21448
1.21568
1.21689
1.2181
1.21931
1.22052
1.22173
1.22295
1.22416
1.22538
1.2266
1.22782
1.22904
1.23026
1.23148
1.23271
1.23393
1.23516
1.23639
1.23762
1.23885
1.24009
1.24132
1.24256
1.24379
1.24503
1.24627
1.24751
1.24875
1.24999
1.25122
1.25246
1.2537
1.25494
1.25618
1.25741
1.25865
1.25989
1.26112
1.26236
1.2636
1.26483
1.26607
1.26731
1.26854
1.26978
1.27102
1.27225
1.27349
1.27473
1.27596
1.2772
1.27843
1.27966
1.2809
1.28213
1.28336
1.28459
1.28582
1.28705
1.28829
1.28952
1.29075
1.29198
1.29321
1.29443
1.29566
1.29689
1.29812
1.29935
1.30057
1.3018
1.30302
1.30425
1.30547
1.30669
1.30791
1.30913
1.31035
1.31157
1.31279
1.314
1.31521
1.31642
1.31763
1.31884
1.32005
1.32125
1.32246
1.32366
1.32486
1.32605
1.32725
1.32844
1.32963
1.33082
1.33201
1.33319
1.33438
1.33556
1.33674
1.33791
1.33909
1.34026
1.34143
1.3426
1.34376
1.34493
1.34609
1.34725
1.34841
1.34957
1.35072
1.35188
1.35303
1.35418
1.35533
1.35647
1.35762
1.35876
1.35991
1.36105
1.36219
1.36332
1.36446
1.3656
1.36673
1.36786
1.36899
1.37012
1.37125
1.37238
1.37351
1.37463
1.37575
1.37688
1.378
1.37912
1.38023
1.38135
1.38247
1.38358
1.38469
1.3858
1.38691
1.38802
1.38912
1.39022
1.39132
1.39242
1.39352
1.39462
1.39571
1.39681
1.3979
1.39899
1.40008
1.40116
1.40225
1.40333
1.40442
1.4055
1.40658
1.40766
1.40874
1.40981
1.41089
1.41196
1.41304
1.41411
1.41519
1.41626
1.41733
1.4184
1.41947
1.42054
1.42162
1.42269
1.42375
1.42482
1.42589
1.42696
1.42803
1.4291
1.43017
1.43124
1.43231
1.43338
1.43445
1.43552
1.43659
1.43766
1.43873
1.4398
1.44087
1.44194
1.44301
1.44408
1.44515
1.44622
1.4473
1.44837
1.44944
1.45052
1.45159
1.45267
1.45374
1.45482
1.45589
1.45697
1.45805
1.45912
1.4602
1.46128
1.46236
1.46344
1.46452
1.4656
1.46668
1.46776
1.46884
1.46993
1.47101
1.4721
1.47318
1.47427
1.47535
1.47644
1.47753
1.47861
1.4797
1.48079
1.48188
1.48297
1.48407
1.48516
1.48625
1.48734
1.48844
1.48953
1.49063
1.49173
1.49282
1.49392
1.49502
1.49612
1.49722
1.49832
1.49942
1.50053
1.50163
1.50273
1.50384
1.50494
1.50605
1.50716
1.50827
1.50938
1.51048
1.5116
1.51271
1.51382
1.51493
1.51604
1.51716
1.51827
1.51939
1.5205
1.52162
1.52274
1.52386
1.52498
1.5261
1.52722
1.52834
1.52946
1.53058
1.53171
1.53283
1.53395
1.53508
1.53621
1.53733
1.53846
1.53959
1.54072
1.54185
1.54298
1.54411
1.54524
1.54637
1.54751
1.54864
1.54977
1.55091
1.55204
1.55318
1.55432
1.55546
1.5566
1.55774
1.55888
1.56002
1.56116
1.5623
1.56345
1.56459
1.56574
1.56688
1.56803
1.56918
1.57033
1.57148
1.57263
1.57378
1.57493
1.57609
1.57724
1.5784
1.57955
1.58071
1.58187
1.58303
1.58419
1.58535
1.58652
1.58768
1.58885
1.59001
1.59118
1.59235
1.59352
1.59469
1.59586
1.59703
1.59821
1.59938
1.60056
1.60174
1.60292
1.6041
1.60528
1.60646
1.60765
1.60883
1.61002
1.61121
1.6124
1.61359
1.61478
1.61598
1.61717
1.61837
1.61957
1.62077
1.62197
1.62317
1.62437
1.62558
1.62679
1.62799
1.62921
1.63042
1.63163
1.63284
1.63406
1.63528
1.6365
1.63772
1.63894
1.64017
1.64139
1.64262
1.64385
1.64508
1.64631
1.64754
1.64878
1.65002
1.65126
1.6525
1.65374
1.65498
1.65623
1.65747
1.65872
1.65997
1.66122
1.66248
1.66373
1.66499
1.66624
1.6675
1.66876
1.67003
1.67129
1.67256
1.67382
1.67509
1.67636
1.67763
1.67891
1.68018
1.68146
1.68274
1.68401
1.68528
1.68655
1.68781
1.68907
1.69032
1.69157
1.69282
1.69407
1.69533
1.69658
1.69784
1.69909
1.70035
1.70162
1.70288
1.70414
1.70541
1.70668
1.70795
1.70922
1.71049
1.71177
1.71304
1.71432
1.7156
1.71688
1.71817
1.71945
1.72074
1.72202
1.72331
1.7246
1.72589
1.72719
1.72848
1.72978
1.73108
1.73238
1.73368
1.73498
1.73628
1.73759
1.73889
1.7402
1.74151
1.74282
1.74413
1.74545
1.74676
1.74808
1.7494
1.75072
1.75204
1.75336
1.75468
1.75601
1.75734
1.75867
1.75999
1.76132
1.76266
1.76399
1.76532
1.76666
1.76799
1.76933
1.77067
1.77201
1.77335
1.7747
1.77605
1.77739
1.77874
1.7801
1.78145
1.78281
1.78417
1.78553
1.78689
1.78825
1.78962
1.79098
1.79235
1.79372
1.79508
1.79645
1.79782
1.79918
1.80055
1.80192
1.80329
1.80466
1.80603
1.80741
1.80878
1.81016
1.81153
1.81291
1.81429
1.81567
1.81705
1.81844
1.81982
1.82121
1.8226
1.82398
1.82537
1.82676
1.82816
1.82955
1.83094
1.83234
1.83373
1.83513
1.83653
1.83792
1.83932
1.84072
1.84212
1.84352
1.84492
1.84632
1.84772
1.84912
1.85052
1.85192
1.85332
1.85472
1.85611
1.85751
1.8589
1.8603
1.86169
1.86308
1.86447
1.86586
1.86725
1.86863
1.87002
1.8714
1.87278
1.87417
1.87555
1.87693
1.8783
1.87968
1.88106
1.88243
1.8838
1.88517
1.88655
1.88792
1.88928
1.89065
1.89202
1.89338
1.89475
1.89611
1.89747
1.89883
1.90019
1.90155
1.90291
1.90426
1.90562
1.90697
1.90833
1.90968
1.91103
1.91237
1.91372
1.91507
1.91641
1.91775
1.91909
1.92043
1.92177
1.9231
1.92444
1.92577
1.9271
1.92843
1.92976
1.93109
1.93241
1.93373
1.93505
1.93637
1.93769
1.93901
1.94032
1.94164
1.94295
1.94426
1.94557
1.94687
1.94818
1.94948
1.95079
1.95209
1.95339
1.95469
1.95598
1.95728
1.95857
1.95986
1.96115
1.96244
1.96373
1.96502
1.96631
1.96759
1.96887
1.97015
1.97143
1.97271
1.97399
1.97527
1.97654
1.97781
1.97909
1.98036
1.98163
1.9829
1.98416
1.98543
1.98669
1.98796
1.98922
1.99048
1.99174
1.993
1.99426
1.99552
1.99677
1.99803
1.99928
2.00054
2.00179
2.00304
2.00429
2.00554
2.00679
2.00804
2.00929
2.01054
2.01178
2.01303
2.01428
2.01552
2.01677
2.01801
2.01926
2.0205
2.02175
2.02299
2.02424
2.02548
2.02673
2.02797
2.02921
2.03046
2.0317
2.03295
2.03419
2.03544
2.03668
2.03792
2.03917
2.04041
2.04166
2.04291
2.04415
2.0454
2.04664
2.04789
2.04914
2.05039
2.05163
2.05288
2.05413
2.05538
2.05663
2.05788
2.05913
2.06038
2.06163
2.06288
2.06414
2.06539
2.06664
2.0679
2.06915
2.07041
2.07166
2.07292
2.07418
2.07543
2.07669
2.07795
2.07921
2.08047
2.08173
2.08299
2.08425
2.08552
2.08678
2.08804
2.0893
2.09056
2.09182
2.09309
2.09435
2.09561
2.09687
2.09813
2.09939
2.10065
2.10191
2.10318
2.10444
2.1057
2.10696
2.10822
2.10949
2.11075
2.11202
2.11328
2.11455
2.11581
2.11708
2.11834
2.11961
2.12088
2.12215
2.12342
2.12469
2.12596
2.12724
2.12851
2.12978
2.13106
2.13233
2.13361
2.13489
2.13617
2.13744
2.13872
2.14
2.14129
2.14257
2.14385
2.14514
2.14642
2.14771
2.149
2.15028
2.15157
2.15286
2.15416
2.15545
2.15674
2.15804
2.15933
2.16063
2.16192
2.16322
2.16452
2.16582
2.16712
2.16843
2.16973
2.17104
2.17234
2.17365
2.17496
2.17627
2.17758
2.17889
2.1802
2.18151
2.18283
2.18415
2.18546
2.18678
2.1881
2.18942
2.19074
2.19207
2.19339
2.19472
2.19605
2.19737
2.1987
2.20004
2.20137
2.2027
2.20404
2.20537
2.20671
2.20805
2.20939
2.21073
2.21208
2.21342
2.21477
2.21612
2.21747
2.21882
2.22017
2.22152
2.22288
2.22423
2.22559
2.22695
2.22831
2.22968
2.23104
2.23241
2.23377
2.23514
2.23651
2.23788
2.23926
2.24063
2.24201
2.24338
2.24476
2.24614
2.24752
2.24891
2.25029
2.25168
2.25307
2.25446
2.25585
2.25724
2.25863
2.26003
2.26143
2.26283
2.26423
2.26563
2.26703
2.26843
2.26984
2.27125
2.27265
2.27406
2.27547
2.27687
2.27827
2.27966
2.28105
2.28244
2.28382
2.28521
2.28659
2.28798
2.28936
2.29075
2.29214
2.29353
2.29493
2.29632
2.29772
2.29912
2.30052
2.30192
2.30333
2.30473
2.30614
2.30755
2.30896
2.31037
2.31179
2.3132
2.31462
2.31604
2.31746
2.31888
2.3203
2.32172
2.32315
2.32458
2.32601
2.32744
2.32887
2.3303
2.33173
2.33317
2.33461
2.33605
2.33749
2.33893
2.34037
2.34182
2.34326
2.34471
2.34616
2.34761
2.34906
2.35052
2.35197
2.35343
2.35489
2.35635
2.35781
2.35927
2.36074
2.3622
2.36367
2.36514
2.36661
2.36809
2.36956
2.37104
2.37252
2.374
2.37548
2.37697
2.37846
2.37994
2.38143
2.38293
2.38442
2.38592
2.38741
2.38891
2.39041
2.39192
2.39342
2.39493
2.39644
2.39795
2.39946
2.40098
2.40249
2.40401
2.40552
2.40704
2.40856
2.41008
2.4116
2.41312
2.41464
2.41616
2.41768
2.4192
2.42072
2.42225
2.42377
2.4253
2.42683
2.42836
2.42989
2.43142
2.43295
2.43448
2.43601
2.43754
2.43907
2.44059
2.44212
2.44364
2.44516
2.44668
2.4482
2.44972
2.45124
2.45276
2.45428
2.45579
2.45731
2.45883
2.46035
2.46187
2.46339
2.46491
2.46643
2.46795
2.46947
2.47099
2.47251
2.47403
2.47555
2.47707
2.47859
2.48011
2.48163
2.48315
2.48467
2.48619
2.48771
2.48922
2.49074
2.49225
2.49376
2.49527
2.49678
2.49828
2.49978
2.50128
2.50278
2.50427
2.50576
2.50725
2.50874
2.51022
2.5117
2.51318
2.51466
2.51613
2.5176
2.51906
2.52053
2.52199
2.52345
2.52491
2.52636
2.52781
2.52926
2.53071
2.53216
2.5336
2.53504
2.53649
2.53792
2.53936
2.5408
2.54223
2.54366
2.5451
2.54653
2.54795
2.54938
2.55081
2.55223
2.55365
2.55507
2.55649
2.55791
2.55933
2.56074
2.56216
2.56357
2.56498
2.56639
2.5678
2.5692
2.57061
2.57201
2.57341
2.57481
2.57621
2.5776
2.579
2.58039
2.58178
2.58317
2.58456
2.58595
2.58733
2.58872
2.5901
2.59148
2.59286
2.59424
2.59562
2.59699
2.59837
2.59974
2.60111
2.60248
2.60385
2.60522
2.60658
2.60795
2.60931
2.61067
2.61204
2.6134
2.61476
2.61611
2.61747
2.61883
2.62018
2.62154
2.62289
2.62424
2.6256
2.62695
2.6283
2.62965
2.631
2.63234
2.63369
2.63504
2.63638
2.63773
2.63908
2.64042
2.64176
2.64311
2.64445
2.64579
2.64714
2.64848
2.64982
2.65116
2.65251
2.65385
2.65519
2.65653
2.65787
2.65922
2.66056
2.6619
2.66324
2.66458
2.66592
2.66727
2.66861
2.66995
2.67129
2.67263
2.67398
2.67532
2.67666
2.67801
2.67935
2.68069
2.68204
2.68338
2.68473
2.68607
2.68742
2.68876
2.69011
2.69146
2.69281
2.69415
2.6955
2.69685
2.6982
2.69955
2.7009
2.70225
2.7036
2.70495
2.7063
2.70766
2.70901
2.71036
2.71172
2.71307
2.71443
2.71578
2.71714
2.71849
2.71985
2.72121
2.72257
2.72393
2.72529
2.72665
2.72801
2.72937
2.73073
2.73209
2.73345
2.73482
2.73618
2.73754
2.73891
2.74027
2.74164
2.74301
2.74437
2.74574
2.74711
2.74848
2.74985
2.75122
2.75259
2.75396
2.75533
2.7567
2.75808
2.75945
2.76082
2.7622
2.76357
2.76495
2.76633
2.7677
2.76908
2.77045
2.77183
2.7732
2.77458
2.77595
2.77732
2.7787
2.78007
2.78144
2.78281
2.78418
2.78555
2.78692
2.78829
2.78967
2.79104
2.79241
2.79378
2.79515
2.79653
2.7979
2.79927
2.80065
2.80202
2.8034
2.80478
2.80615
2.80753
2.80891
2.81029
2.81167
2.81305
2.81444
2.81582
2.8172
2.81859
2.81998
2.82136
2.82275
2.82414
2.82553
2.82692
2.82831
2.8297
2.8311
2.83249
2.83389
2.83528
2.83668
2.83808
2.83948
2.84088
2.84228
2.84368
2.84508
2.84648
2.84789
2.84929
2.8507
2.85211
2.85352
2.85492
2.85634
2.85775
2.85916
2.86057
2.86199
2.86341
2.86482
2.86624
2.86766
2.86908
2.8705
2.87193
2.87335
2.87478
2.87621
2.87763
2.87906
2.88049
2.88193
2.88336
2.8848
2.88623
2.88767
2.88911
2.89055
2.89199
2.89344
2.89488
2.89633
2.89777
2.89922
2.90067
2.90212
2.90358
2.90503
2.90649
2.90795
2.9094
2.91087
2.91233
2.91379
2.91525
2.91672
2.91819
2.91966
2.92113
2.9226
2.92407
2.92555
2.92702
2.9285
2.92998
2.93146
2.93294
2.93442
2.93591
2.93739
2.93886
2.94033
2.9418
2.94326
2.94472
2.94618
2.94764
2.9491
2.95056
2.95202
2.95348
2.95495
2.95641
2.95788
2.95935
2.96082
2.9623
2.96377
2.96525
2.96673
2.96821
2.96969
2.97117
2.97266
2.97415
2.97564
2.97713
2.97862
2.98011
2.98161
2.9831
2.9846
2.9861
2.9876
2.9891
2.99061
2.99211
2.99362
2.99513
2.99664
2.99815
2.99966
3.00118
3.00269
3.00421
3.00573
3.00725
3.00877
3.0103
3.01182
3.01335
3.01488
3.01641
3.01794
3.01947
3.02101
3.02255
3.02408
3.02562
3.02717
3.02871
3.03026
3.0318
3.03335
3.0349
3.03646
3.03801
3.03957
3.04113
3.04269
3.04425
3.04582
3.04738
3.04895
3.05052
3.0521
3.05367
3.05525
3.05683
3.05841
3.05999
3.06157
3.06315
3.06473
3.06631
3.06789
3.06948
3.07106
3.07264
3.07423
3.07582
3.07741
3.079
3.08059
3.08218
3.08378
3.08538
3.08698
3.08857
3.09017
3.09177
3.09337
3.09497
3.09656
3.09816
3.09975
3.10135
3.10294
3.10452
3.10611
3.1077
3.10929
3.11088
3.11246
3.11405
3.11564
3.11722
3.11881
3.1204
3.12198
3.12357
3.12516
3.12675
3.12834
3.12993
3.13152
3.13311
3.1347
3.13629
3.13788
3.13948
3.14107
3.14266
3.14425
3.14584
3.14743
3.14902
3.1506
3.15219
3.15377
3.15535
3.15693
3.15851
3.16008
3.16165
3.16322
3.16479
3.16635
3.16791
3.16947
3.17102
3.17258
3.17413
3.17567
3.17722
3.17876
3.1803
3.18183
3.18336
3.18489
3.18642
3.18795
3.18947
3.19099
3.19251
3.19403
3.19555
3.19706
3.19857
3.20008
3.20159
3.2031
3.20461
3.20611
3.20762
3.20912
3.21062
3.21212
3.21362
3.21511
3.21661
3.2181
3.21959
3.22108
3.22257
3.22406
3.22555
3.22703
3.22852
3.23
3.23148
3.23296
3.23443
3.23591
3.23738
3.23886
3.24033
3.2418
3.24326
3.24473
3.2462
3.24766
3.24912
3.25058
3.25204
3.2535
3.25495
3.25641
3.25786
3.25931
3.26076
3.26221
3.26366
3.2651
3.26655
3.26799
3.26944
3.27088
3.27232
3.27376
3.2752
3.27663
3.27807
3.2795
3.28094
3.28237
3.2838
3.28523
3.28666
3.28809
3.28951
3.29094
3.29237
3.29379
3.29521
3.29664
3.29806
3.29948
3.3009
3.30232
3.30374
3.30516
3.30657
3.30799
3.30941
3.31082
3.31224
3.31365
3.31507
3.31648
3.3179
3.31931
3.32072
3.32214
3.32355
3.32496
3.32638
3.32779
3.3292
3.33061
3.33202
3.33344
3.33485
3.33626
3.33767
3.33908
3.3405
3.34191
3.34332
3.34473
3.34615
3.34756
3.34897
3.35039
3.3518
3.35321
3.35463
3.35604
3.35746
3.35887
3.36029
3.3617
3.36312
3.36453
3.36595
3.36737
3.36878
3.3702
3.37162
3.37304
3.37446
3.37588
3.3773
3.37872
3.38014
3.38156
3.38298
3.3844
3.38583
3.38725
3.38867
3.3901
3.39152
3.39295
3.39437
3.3958
3.39723
3.39865
3.40008
3.40151
3.40294
3.40437
3.4058
3.40723
3.40866
3.41009
3.41152
3.41295
3.41438
3.41582
3.41725
3.41869
3.42012
3.42156
3.42299
3.42443
3.42587
3.4273
3.42874
3.43018
3.43162
3.43306
3.4345
3.43594
3.43738
3.43882
3.44027
3.44171
3.44315
3.44459
3.44603
3.44746
3.4489
3.45034
3.45177
3.4532
3.45464
3.45607
3.4575
3.45893
3.46036
3.46179
3.46322
3.46466
3.46609
3.46752
3.46895
3.47039
3.47182
3.47325
3.47469
3.47612
3.47756
3.479
3.48043
3.48187
3.48331
3.48475
3.48619
3.48763
3.48908
3.49052
3.49196
3.49341
3.49485
3.4963
3.49775
3.4992
3.50064
3.50209
3.50355
3.505
3.50645
3.5079
3.50936
3.51081
3.51227
3.51372
3.51518
3.51664
3.5181
3.51956
3.52102
3.52248
3.52394
3.52541
3.52687
3.52834
3.52981
3.53127
3.53274
3.53421
3.53568
3.53716
3.53863
3.5401
3.54158
3.54306
3.54453
3.54601
3.54749
3.54897
3.55046
3.55194
3.55342
3.55491
3.5564
3.55789
3.55938
3.56087
3.56236
3.56385
3.56535
3.56685
3.56834
3.56984
3.57134
3.57284
3.57435
3.57585
3.57736
3.57886
3.58037
3.58188
3.58339
3.58491
3.58642
3.58794
3.58945
3.59097
3.59249
3.59401
3.59553
3.59705
3.59858
3.60011
3.60163
3.60316
3.60469
3.60622
3.60776
3.60929
3.61083
3.61236
3.6139
3.61544
3.61697
3.6185
3.62003
3.62155
3.62306
3.62457
3.62609
3.6276
3.62911
3.63063
3.63215
3.63366
3.63518
3.6367
3.63823
3.63975
3.64128
3.64281
3.64433
3.64587
3.6474
3.64893
3.65047
3.65201
3.65355
3.65509
3.65663
3.65818
3.65973
3.66128
3.66283
3.66438
3.66594
3.6675
3.66906
3.67062
3.67218
3.67375
3.67531
3.67688
3.67845
3.68002
3.68159
3.68317
3.68475
3.68632
3.6879
3.68948
3.69107
3.69265
3.69424
3.69583
3.69742
3.69901
3.7006
3.70219
3.70379
3.70539
3.70699
3.70859
3.7102
3.7118
3.71341
3.71502
3.71663
3.71825
3.71986
3.72148
3.7231
3.72472
3.72635
3.72797
3.7296
3.73123
3.73286
3.7345
3.73613
3.73777
3.73941
3.74105
3.7427
3.74434
3.74599
3.74763
3.74928
3.75093
3.75257
3.75422
3.75587
3.75752
3.75917
3.76082
3.76247
3.76412
3.76578
3.76744
3.76909
3.77076
3.77242
3.77408
3.77574
3.7774
3.77906
3.78072
3.78238
3.78404
3.7857
3.78735
3.789
3.79065
3.7923
3.79395
3.79559
3.79724
3.79888
3.80053
3.80217
3.80381
3.80545
3.80709
3.80874
3.81038
3.81202
3.81366
3.8153
3.81694
3.81858
3.82022
3.82186
3.8235
3.82514
3.82678
3.82842
3.83005
3.83169
3.83332
3.83495
3.83658
3.83821
3.83984
3.84146
3.84308
3.8447
3.84631
3.84792
3.84953
3.85113
3.85273
3.85432
3.85592
3.8575
3.85909
3.86067
3.86224
3.86381
3.86538
3.86695
3.86851
3.87007
3.87162
3.87317
3.87472
3.87627
3.87781
3.87935
3.88089
3.88242
3.88395
3.88548
3.88701
3.88854
3.89006
3.89159
3.89311
3.89462
3.89614
3.89766
3.89917
3.90068
3.90219
3.9037
3.9052
3.90671
3.90821
3.90971
3.91121
3.9127
3.9142
3.91569
3.91718
3.91867
3.92015
3.92164
3.92312
3.9246
3.92608
3.92755
3.92903
3.9305
3.93197
3.93344
3.93491
3.93638
3.93784
3.9393
3.94077
3.94223
3.94369
3.94514
3.9466
3.94805
3.94951
3.95096
3.95241
3.95386
3.95531
3.95676
3.9582
3.95965
3.96109
3.96253
3.96398
3.96542
3.96686
3.96829
3.96973
3.97117
3.9726
3.97404
3.97547
3.97691
3.97834
3.97977
3.9812
3.98263
3.98406
3.98549
3.98692
3.98835
3.98977
3.9912
3.99263
3.99405
3.99548
3.99691
3.99833
3.99976
4.00118
4.0026
4.00403
4.00545
4.00688
4.0083
4.00972
4.01115
4.01257
4.01399
4.01542
4.01684
4.01827
4.01969
4.02111
4.02254
4.02396
4.02539
4.02682
4.02824
4.02967
4.0311
4.03252
4.03395
4.03538
4.03681
4.03824
4.03967
4.0411
4.04253
4.04396
4.0454
4.04683
4.04826
4.0497
4.05114
4.05257
4.05401
4.05545
4.05689
4.05833
4.05978
4.06122
4.06266
4.06411
4.06556
4.06701
4.06846
4.06991
4.07136
4.07281
4.07427
4.07573
4.07719
4.07864
4.08011
4.08157
4.08303
4.0845
4.08597
4.08744
4.08891
4.09038
4.09185
4.09333
4.09481
4.09629
4.09777
4.09925
4.10073
4.10222
4.1037
4.10519
4.10668
4.10817
4.10967
4.11116
4.11266
4.11415
4.11565
4.11715
4.11865
4.12015
4.12165
4.12316
4.12466
4.12617
4.12768
4.12919
4.13069
4.13221
4.13372
4.13523
4.13674
4.13826
4.13977
4.14129
4.1428
4.14432
4.14584
4.14736
4.14888
4.15039
4.15191
4.15341
4.15491
4.1564
4.15789
4.15938
4.16086
4.16234
4.16382
4.1653
4.16677
4.16825
4.16972
4.17119
4.17266
4.17414
4.17561
4.17708
4.17855
4.18003
4.1815
4.18297
4.18445
4.18592
4.1874
4.18888
4.19036
4.19184
4.19332
4.1948
4.19628
4.19776
4.19924
4.20072
4.20221
4.20369
4.20518
4.20666
4.20815
4.20964
4.21112
4.21261
4.2141
4.21558
4.21707
4.21856
4.22005
4.22154
4.22303
4.22452
4.22601
4.2275
4.22899
4.23048
4.23197
4.23347
4.23496
4.23645
4.23794
4.23944
4.24093
4.24242
4.24392
4.24541
4.2469
4.2484
4.24989
4.25139
4.25288
4.25438
4.25587
4.25737
4.25887
4.26036
4.26186
4.26336
4.26485
4.26635
4.26785
4.26935
4.27085
4.27235
4.27384
4.27534
4.27684
4.27834
4.27984
4.28134
4.28285
4.28435
4.28585
4.28735
4.28885
4.29036
4.29186
4.29336
4.29487
4.29637
4.29787
4.29938
4.30088
4.30239
4.30389
4.3054
4.3069
4.30841
4.30992
4.31142
4.31293
4.31443
4.31593
4.31743
4.31893
4.32043
4.32192
4.32341
4.32491
4.3264
4.32789
4.32939
4.33088
4.33237
4.33387
4.33536
4.33686
4.33835
4.33985
4.34134
4.34284
4.34433
4.34583
4.34732
4.34882
4.35032
4.35181
4.35331
4.35481
4.35631
4.35781
4.3593
4.3608
4.3623
4.3638
4.3653
4.3668
4.3683
4.36981
4.37131
4.37281
4.37431
4.37582
4.37732
4.37882
4.38033
4.38184
4.38334
4.38485
4.38635
4.38786
4.38937
4.39088
4.39239
4.3939
4.39541
4.39692
4.39844
4.39995
4.40147
4.40298
4.4045
4.40602
4.40754
4.40906
4.41058
4.4121
4.41363
4.41515
4.41668
4.41821
4.41974
4.42127
4.4228
4.42434
4.42587
4.42741
4.42895
4.4305
4.43204
4.43359
4.43513
4.43669
4.43824
4.43979
4.44135
4.44291
4.44447
4.44603
4.4476
4.44917
4.45074
4.45231
4.45389
4.45547
4.45705
4.45863
4.46022
4.46181
4.4634
4.465
4.4666
4.4682
4.4698
4.47141
4.47302
4.47463
4.47624
4.47786
4.47948
4.48111
4.48273
4.48436
4.486
4.48764
4.48928
4.49092
4.49257
4.49422
4.49587
4.49753
4.49919
4.50085
4.50252
4.50419
4.50586
4.50754
4.50922
4.51091
4.51259
4.51428
4.51598
4.51768
4.51938
4.52108
4.52279
4.5245
4.52622
4.52794
4.52966
4.53138
4.53311
4.53484
4.53658
4.53832
4.54006
4.54181
4.54356
4.54531
4.54707
4.54883
4.5506
4.55236
4.55414
4.55591
4.55769
4.55947
4.56126
4.56305
4.56484
4.56663
4.56843
4.57021
4.57199
4.57377
4.57554
4.57731
4.57907
4.58082
4.58257
4.58432
4.58607
4.58781
4.58955
4.59129
4.59303
4.59477
4.59652
4.59826
4.60002
4.60177
4.60353
4.60528
4.60705
4.60881
4.61057
4.61234
4.6141
4.61587
4.61764
4.61941
4.62119
4.62296
4.62474
4.62651
4.62829
4.63007
4.63185
4.63363
4.63541
4.63719
4.63897
4.64075
4.64253
4.64431
4.64609
4.64788
4.64966
4.65144
4.65322
4.65501
4.65679
4.65858
4.66036
4.66214
4.66393
4.66572
4.6675
4.66929
4.67107
4.67286
4.67464
4.67642
4.6782
4.67997
4.68175
4.68352
4.68529
4.68706
4.68882
4.69059
4.69235
4.69412
4.69588
4.69764
4.6994
4.70115
4.70289
4.70463
4.70636
4.70809
4.7098
4.71151
4.71321
4.7149
4.71658
4.71824
4.7199
4.72155
4.72318
4.7248
4.72641
4.72801
4.72959
4.73116
4.73272
4.73426
4.7358
4.73733
4.73885
4.74036
4.74187
4.74337
4.74486
4.74635
4.74783
4.74931
4.75078
4.75226
4.75373
4.75519
4.75665
4.75811
4.75957
4.76102
4.76247
4.76392
4.76536
4.7668
4.76823
4.76966
4.77108
4.77251
4.77392
4.77534
4.77674
4.77815
4.77955
4.78094
4.78233
4.78372
4.7851
4.78647
4.78784
4.78921
4.79057
4.79193
4.79328
4.79463
4.79597
4.79731
4.79865
4.79998
4.8013
4.80262
4.80393
4.80523
4.80653
4.80783
4.80912
4.81041
4.81169
4.81296
4.81424
4.8155
4.81676
4.81802
4.81928
4.82052
4.82177
4.82301
4.82424
4.82548
4.8267
4.82793
4.82914
4.83036
4.83157
4.83277
4.83397
4.83517
4.83636
4.83755
4.83873
4.83991
4.84108
4.84225
4.84342
4.84458
4.84573
4.84689
4.84803
4.84917
4.85031
4.85145
4.85257
4.8537
4.85482
4.85593
4.85704
4.85815
4.85925
4.86035
4.86144
4.86252
4.86361
4.86469
4.86576
4.86683
4.86789
4.86895
4.87001
4.87106
4.87211
4.87315
4.87419
4.87522
4.87625
4.87727
4.87829
4.87931
4.88032
4.88133
4.88233
4.88333
4.88432
4.88531
4.88629
4.88727
4.88825
4.88922
4.89018
4.89115
4.89211
4.89306
4.89401
4.89496
4.8959
4.89683
4.89777
4.8987
4.89962
4.90054
4.90146
4.90237
4.90328
4.90419
4.90509
4.90599
4.90689
4.90778
4.90866
4.90955
4.91043
4.91131
4.91218
4.91305
4.91392
4.91479
4.91565
4.91651
4.91737
4.91822
4.91907
4.91992
4.92077
4.92162
4.92246
4.9233
4.92414
4.92498
4.92582
4.92665
4.92748
4.92832
4.92915
4.92998
4.93081
4.93164
4.93247
4.9333
4.93413
4.93496
4.9358
4.93663
4.93746
4.93829
4.93912
4.93996
4.94079
4.94162
4.94246
4.94329
4.94413
4.94496
4.9458
4.94664
4.94748
4.94831
4.94915
4.94999
4.95083
4.95167
4.95252
4.95336
4.9542
4.95504
4.95589
4.95673
4.95758
4.95842
4.95927
4.96011
4.96096
4.96181
4.96265
4.96349
4.96432
4.96515
4.96597
4.96678
4.96759
4.96839
4.96918
4.96997
4.97077
4.97156
4.97236
4.97315
4.97395
4.97475
4.97554
4.97634
4.97714
4.97795
4.97875
4.97955
4.98036
4.98116
4.98196
4.98277
4.98358
4.98438
4.98519
4.986
4.98681
4.98762
4.98843
4.98924
4.99005
4.99086
4.99167
4.99248
4.99329
4.9941
4.99491
4.99572
4.99653
4.99733
4.99814
4.99895
4.99976
5.00056
5.00137
5.00217
5.00298
5.00378
5.00457
5.00536
5.00615
5.00694
5.00773
5.00851
5.00929
5.01007
5.01085
5.01163
5.0124
5.01318
5.01395
5.01473
5.0155
5.01627
5.01704
5.01781
5.01857
5.01934
5.02011
5.02087
5.02163
5.02239
5.02316
5.02392
5.02468
5.02543
5.02619
5.02695
5.0277
5.02846
5.02921
5.02996
5.03071
5.03146
5.03221
5.03296
5.03371
5.03446
5.0352
5.03595
5.03669
5.03744
5.03818
5.03892
5.03966
5.0404
5.04114
5.04188
5.04262
5.04336
5.0441
5.04483
5.04557
5.04631
5.04704
5.04778
5.04851
5.04924
5.04997
5.05071
5.05144
5.05217
5.0529
5.05363
5.05436
5.05509
5.05582
5.05654
5.05726
5.05798
5.05869
5.05941
5.06012
5.06082
5.06152
5.06222
5.06292
5.06361
5.06429
5.06496
5.06563
5.06629
5.06694
5.06759
5.06823
5.06886
5.06949
5.07012
5.07075
5.07137
5.07199
5.0726
5.07321
5.07382
5.07443
5.07504
5.07565
5.07625
5.07685
5.07746
5.07806
5.07866
5.07925
5.07985
5.08044
5.08104
5.08163
5.08222
5.08281
5.08339
5.08398
5.08456
5.08514
5.08572
5.0863
5.08687
5.08744
5.08802
5.08859
5.08915
5.0897
5.09026
5.0908
5.09134
5.09188
5.09241
5.09293
5.09345
5.09397
5.09448
5.09498
5.09549
5.09598
5.09647
5.09696
5.09745
5.09793
5.09841
5.09888
5.09936
5.09983
5.1003
5.10076
5.10123
5.1017
5.10216
5.10263
5.10309
5.10356
5.10403
5.10449
5.10496
5.10543
5.10589
5.10636
5.10683
5.1073
5.10777
5.10825
5.10872
5.10919
5.10967
5.11015
5.11062
5.1111
5.11158
5.11206
5.11254
5.11302
5.1135
5.11398
5.11446
5.11494
5.11543
5.11591
5.11639
5.11688
5.11736
5.11784
5.11833
5.11881
5.1193
5.11979
5.12027
5.12076
5.12124
5.12173
5.12222
5.1227
5.12319
5.12368
5.12417
5.12466
5.12514
5.12563
5.12612
5.12661
5.1271
5.12759
5.12807
5.12856
5.12905
5.12954
5.13003
5.13051
5.131
5.13149
5.13198
5.13246
5.13295
5.13344
5.13393
5.13442
5.13491
5.1354
5.13589
5.13638
5.13687
5.13737
5.13786
5.13836
5.13885
5.13935
5.13984
5.14034
5.14084
5.14134
5.14184
5.14234
5.14284
5.14334
5.14384
5.14434
5.14485
5.14535
5.14585
5.14635
5.14685
5.14736
5.14786
5.14836
5.14886
5.14936
5.14986
5.15036
5.15086
5.15136
5.15186
5.15236
5.15285
5.15335
5.15385
5.15434
5.15483
5.15533
5.15582
5.15631
5.1568
5.15728
5.15777
5.15826
5.15874
5.15922
5.1597
5.16018
5.16066
5.16113
5.16161
5.16208
5.16254
5.16301
5.16347
5.16393
5.16439
5.16484
5.1653
5.16574
5.16619
5.16663
5.16707
5.1675
5.16793
5.16836
5.16878
5.16921
5.16962
5.17004
5.17045
5.17085
5.17126
5.17166
5.17205
5.17245
5.17284
5.17322
5.17361
5.17399
5.17437
5.17474
5.17511
5.17548
5.17584
5.17621
5.17657
5.17692
5.17728
5.17763
5.17797
5.17832
5.17866
5.179
5.17934
5.17967
5.18001
5.18034
5.18066
5.18099
5.18131
5.18162
5.18193
5.18224
5.18254
5.18283
5.18312
5.18341
5.18369
5.18397
5.18424
5.18451
5.18478
5.18504
5.18531
5.18557
5.18583
5.18609
5.18635
5.1866
5.18686
5.18711
5.18737
5.18762
5.18787
5.18812
5.18837
5.18862
5.18886
5.18911
5.18935
5.1896
5.18984
5.19008
5.19032
5.19056
5.19079
5.19103
5.19126
5.1915
5.19173
5.19196
5.19219
5.19242
5.19265
5.19288
5.19311
5.19333
5.19356
5.19378
5.194
5.19423
5.19445
5.19467
5.19489
5.19511
5.19532
5.19554
5.19576
5.19597
5.19619
5.1964
5.19662
5.19683
5.19704
5.19725
5.19747
5.19768
5.19789
5.1981
5.19831
5.19852
5.19873
5.19894
5.19915
5.19936
5.19957
5.19978
5.19999
5.20019
5.2004
5.20061
5.20081
5.20102
5.20122
5.20143
5.20163
5.20183
5.20204
5.20224
5.20244
5.20263
5.20283
5.20303
5.20322
5.20341
5.20361
5.2038
5.20398
5.20417
5.20435
5.20454
5.20472
5.2049
5.20507
5.20525
5.20542
5.20559
5.20575
5.20592
5.20608
5.20623
5.20639
5.20654
5.20669
5.20683
5.20697
5.20711
5.20725
5.20739
5.20752
5.20765
5.20777
5.2079
5.20802
5.20814
5.20825
5.20836
5.20847
5.20858
5.20868
5.20878
5.20887
5.20897
5.20906
5.20914
5.20922
5.2093
5.20938
5.20945
5.20951
5.20958
5.20964
5.2097
5.20975
5.20981
5.20986
5.2099
5.20995
5.20999
5.21003
5.21007
5.2101
5.21013
5.21016
5.21019
5.21021
5.21023
5.21025
5.21027
5.21028
5.21029
5.2103
5.21031
5.21031
5.21031
5.21031
5.2103
5.2103
5.21029
5.21028
5.21027
5.21025
5.21024
5.21022
5.2102
5.21018
5.21016
5.21013
5.21011
5.21009
5.21006
5.21003
5.21001
5.20998
5.20995
5.20992
5.20989
5.20986
5.20983
5.20979
5.20976
5.20973
5.2097
5.20967
5.20963
5.2096
5.20957
5.20954
5.20951
5.20948
5.20945
5.20942
5.2094
5.20937
5.20934
5.20932
5.20929
5.20927
5.20924
5.20922
5.2092
5.20918
5.20916
5.20914
5.20912
5.2091
5.20908
5.20907
5.20905
5.20904
5.20903
5.20901
5.209
5.20899
5.20898
5.20897
5.20897
5.20896
5.20895
5.20895
5.20894
5.20894
5.20894
5.20894
5.20894
5.20894
5.20894
5.20894
5.20894
5.20895
5.20895
5.20896
5.20896
5.20897
5.20898
5.20899
5.20899
5.209
5.20901
5.20902
5.20903
5.20904
5.20906
5.20907
5.20908
5.20909
5.2091
5.20911
5.20912
5.20913
5.20915
5.20916
5.20917
5.20918
5.20919
5.2092
5.20921
5.20922
5.20923
5.20924
5.20925
5.20926
5.20927
5.20928
5.20929
5.2093
5.20931
5.20932
5.20933
5.20934
5.20935
5.20936
5.20936
5.20936
5.20936
5.20936
5.20935
5.20935
5.20934
5.20933
5.20933
5.20932
5.20932
5.20931
5.2093
5.2093
5.20929
5.20929
5.20928
5.20927
5.20927
5.20926
5.20926
5.20925
5.20924
5.20923
5.20922
5.20922
5.20921
5.2092
5.20918
5.20917
5.20916
5.20915
5.20913
5.20911
5.2091
5.20908
5.20906
5.20904
5.20902
5.209
5.20897
5.20895
5.20892
5.20889
5.20886
5.20883
5.2088
5.20877
5.20874
5.2087
5.20866
5.20863
5.20859
5.20855
5.20851
5.20847
5.20842
5.20838
5.20833
5.20829
5.20824
5.20819
5.20814
5.20809
5.20803
5.20798
5.20792
5.20786
5.2078
5.20773
5.20766
5.20759
5.20752
5.20745
5.20737
5.20729
5.20721
5.20713
5.20704
5.20696
5.20687
5.20678
5.20669
5.2066
5.20651
5.20641
5.20632
5.20622
5.20612
5.20602
5.20592
5.20582
5.20572
5.20562
5.20552
5.20541
5.20531
5.2052
5.20509
5.20498
5.20488
5.20477
5.20465
5.20454
5.20443
5.20432
5.2042
5.20409
5.20397
5.20386
5.20374
5.20362
5.2035
5.20338
5.20326
5.20314
5.20302
5.2029
5.20277
5.20265
5.20253
5.2024
5.20227
5.20215
5.20202
5.20189
5.20176
5.20163
5.2015
5.20137
5.20124
5.20111
5.20097
5.20084
5.2007
5.20056
5.20043
5.20029
5.20015
5.20001
5.19987
5.19973
5.19959
5.19944
5.1993
5.19916
5.19901
5.19886
5.19871
5.19857
5.19842
5.19826
5.19811
5.19796
5.19781
5.19765
5.19749
5.19734
5.19718
5.19702
5.19686
5.19669
5.19653
5.19637
5.1962
5.19603
5.19587
5.1957
5.19553
5.19536
5.19518
5.19501
5.19483
5.19466
5.19448
5.1943
5.19412
5.19394
5.19376
5.19357
5.19339
5.1932
5.19301
5.19282
5.19263
5.19244
5.19225
5.19205
5.19186
5.19166
5.19146
5.19126
5.19106
5.19086
5.19065
5.19045
5.19024
5.19004
5.18983
5.18962
5.1894
5.18919
5.18898
5.18876
5.18854
5.18832
5.1881
5.18788
5.18766
5.18744
5.18721
5.18698
5.18676
5.18653
5.18629
5.18606
5.18583
5.18559
5.18536
5.18512
5.18488
5.18464
5.1844
5.18415
5.18391
5.18366
5.18341
5.18316
5.18291
5.18266
5.18241
5.18215
5.1819
5.18164
5.18138
5.18112
5.18086
5.1806
5.18033
5.18006
5.1798
5.17953
5.17926
5.17899
5.17871
5.17844
5.17816
5.17789
5.17761
5.17733
5.17705
5.17677
5.17648
5.1762
5.17591
5.17562
5.17533
5.17504
5.17475
5.17446
5.17416
5.17387
5.17357
5.17327
5.17297
5.17267
5.17237
5.17207
5.17176
5.17146
5.17115
5.17084
5.17053
5.17022
5.16991
5.16959
5.16928
5.16896
5.16864
5.16832
5.168
5.16768
5.16736
5.16703
5.16671
5.16638
5.16605
5.16572
5.16539
5.16506
5.16472
5.16439
5.16405
5.16371
5.16337
5.16303
5.16269
5.16234
5.162
5.16165
5.1613
5.16095
5.1606
5.16025
5.1599
5.15954
5.15919
5.15883
5.15847
5.15811
5.15775
5.15738
5.15702
5.15665
5.15628
5.15591
5.15554
5.15517
5.1548
5.15442
5.15405
5.15367
5.15329
5.15291
5.15253
5.15214
5.15176
5.15137
5.15098
5.15059
5.1502
5.14981
5.14941
5.14902
5.14862
5.14822
5.14782
5.14742
5.14702
5.14662
5.14621
5.1458
5.14539
5.14498
5.14457
5.14416
5.14374
5.14333
5.14291
5.14249
5.14207
5.14165
5.14122
5.1408
5.14037
5.13994
5.13951
5.13908
5.13865
5.13821
5.13778
5.13734
5.1369
5.13646
5.13601
5.13557
5.13512
5.13468
5.13423
5.13378
5.13333
5.13287
5.13242
5.13196
5.1315
5.13104
5.13058
5.13012
5.12965
5.12918
5.12871
5.12824
5.12777
5.12729
5.12681
5.12633
5.12585
5.12537
5.12488
5.12439
5.12391
5.12341
5.12292
5.12243
5.12193
5.12144
5.12094
5.12044
5.11994
5.11944
5.11893
5.11842
5.11792
5.11741
5.1169
5.11638
5.11587
5.11535
5.11483
5.11431
5.11379
5.11327
5.11274
5.11222
5.11169
5.11115
5.11062
5.11009
5.10955
5.10901
5.10847
5.10793
5.10738
5.10684
5.10629
5.10574
5.10518
5.10463
5.10407
5.10351
5.10295
5.10239
5.10183
5.10126
5.10069
5.10012
5.09955
5.09897
5.0984
5.09782
5.09723
5.09665
5.09606
5.09547
5.09488
5.09429
5.09369
5.09309
5.09249
5.09189
5.09128
5.09067
5.09006
5.08944
5.08882
5.0882
5.08758
5.08695
5.08632
5.08568
5.08505
5.08441
5.08377
5.08312
5.08247
5.08182
5.08116
5.0805
5.07983
5.07917
5.07849
5.07782
5.07714
5.07646
5.07577
5.07508
5.07438
5.07368
5.07298
5.07227
5.07156
5.07084
5.07012
5.0694
5.06867
5.06794
5.06721
5.06647
5.06572
5.06498
5.06422
5.06346
5.0627
5.06193
5.06115
5.06037
5.05959
5.0588
5.058
5.0572
5.0564
5.05559
5.05478
5.05396
5.05314
5.05232
5.05149
5.05066
5.04982
5.04898
5.04814
5.0473
5.04646
5.04562
5.04477
5.04392
5.04308
5.04223
5.04138
5.04053
5.03969
5.03884
5.03799
5.03714
5.0363
5.03545
5.0346
5.03376
5.03291
5.03207
5.03122
5.03038
5.02953
5.02869
5.02785
5.027
5.02616
5.02532
5.02447
5.02363
5.02279
5.02195
5.02111
5.02026
5.01942
5.01858
5.01774
5.0169
5.01606
5.01521
5.01437
5.01353
5.01268
5.01183
5.01098
5.01014
5.00929
5.00843
5.00758
5.00673
5.00587
5.00502
5.00416
5.00331
5.00245
5.00159
5.00072
4.99986
4.999
4.99813
4.99726
4.9964
4.99553
4.99465
4.99377
4.99289
4.99201
4.99112
4.99022
4.98932
4.98841
4.9875
4.98658
4.98565
4.98472
4.98378
4.98284
4.98189
4.98094
4.97998
4.97902
4.97805
4.97708
4.97611
4.97513
4.97415
4.97317
4.97219
4.9712
4.97022
4.96924
4.96825
4.96727
4.96628
4.9653
4.96432
4.96333
4.96235
4.96135
4.96036
4.95936
4.95837
4.95737
4.95637
4.95537
4.95437
4.95337
4.95237
4.95137
4.95038
4.94938
4.94838
4.94738
4.94639
4.94539
4.94439
4.9434
4.9424
4.94141
4.94041
4.93942
4.93842
4.93743
4.93643
4.93544
4.93444
4.93345
4.93246
4.93146
4.93047
4.92947
4.92848
4.92748
4.92649
4.92549
4.9245
4.9235
4.9225
4.9215
4.9205
4.9195
4.9185
4.91749
4.91649
4.91548
4.91447
4.91346
4.91245
4.91143
4.91042
4.90939
4.90836
4.90732
4.90627
4.90521
4.90415
4.90308
4.902
4.90092
4.89982
4.89872
4.89762
4.89651
4.89539
4.89427
4.89315
4.89202
4.89089
4.88975
4.88862
4.88748
4.88634
4.8852
4.88406
4.88292
4.88178
4.88064
4.8795
4.87835
4.87721
4.87606
4.87491
4.87376
4.87261
4.87146
4.87031
4.86915
4.868
4.86684
4.86568
4.86452
4.86335
4.86219
4.86102
4.85985
4.85868
4.85751
4.85633
4.85516
4.85398
4.8528
4.85162
4.85044
4.84925
4.84807
4.84688
4.84569
4.8445
4.84331
4.84212
4.84093
4.83973
4.83853
4.83733
4.83613
4.83493
4.83373
4.83252
4.83131
4.8301
4.82889
4.82766
4.82643
4.82518
4.82393
4.82266
4.82139
4.8201
4.81881
4.81751
4.81621
4.8149
4.81358
4.81226
4.81094
4.80962
4.80829
4.80696
4.80563
4.8043
4.80298
4.80165
4.80032
4.799
4.79767
4.79635
4.79502
4.7937
4.79237
4.79104
4.78972
4.78839
4.78707
4.78574
4.78442
4.78309
4.78177
4.78044
4.77911
4.77778
4.77646
4.77513
4.7738
4.77247
4.77114
4.76981
4.76848
4.76714
4.76581
4.76448
4.76315
4.76182
4.76048
4.75915
4.75782
4.75648
4.75515
4.75381
4.75247
4.75114
4.7498
4.74846
4.74712
4.74578
4.74443
4.74309
4.74174
4.7404
4.73905
4.7377
4.73635
4.735
4.73365
4.7323
4.73094
4.72959
4.72824
4.72688
4.72553
4.72417
4.72281
4.72144
4.72006
4.71868
4.71729
4.7159
4.7145
4.7131
4.71169
4.71027
4.70885
4.70743
4.706
4.70457
4.70314
4.7017
4.70026
4.69882
4.69738
4.69594
4.69449
4.69305
4.6916
4.69015
4.6887
4.68725
4.6858
4.68435
4.68289
4.68143
4.67997
4.67851
4.67705
4.67559
4.67412
4.67265
4.67118
4.66971
4.66823
4.66676
4.66528
4.6638
4.66232
4.66084
4.65935
4.65787
4.65638
4.65489
4.65339
4.65188
4.65037
4.64885
4.64733
4.64579
4.64426
4.64271
4.64116
4.63961
4.63805
4.63649
4.63492
4.63336
4.63178
4.63021
4.62863
4.62705
4.62547
4.62388
4.62229
4.6207
4.61911
4.6175
4.61588
4.61426
4.61262
4.61098
4.60934
4.60769
4.60603
4.60438
4.60272
4.60105
4.59939
4.59772
4.59606
4.59439
4.59271
4.59104
4.58937
4.58769
4.58602
4.58433
4.58265
4.58095
4.57925
4.57755
4.57585
4.57414
4.57243
4.57072
4.56901
4.5673
4.56558
4.56387
4.56215
4.56044
4.55872
4.557
4.55528
4.55356
