distance
0
-1.08216e-07
-4.10136e-07
-7.64601e-07
-1.28871e-06
-1.94394e-06
-2.80363e-06
-3.82713e-06
-5.08728e-06
-6.54542e-06
-8.27056e-06
-1.02259e-05
-1.24749e-05
-1.49834e-05
-1.78089e-05
-2.09308e-05
-2.44041e-05
-2.82071e-05
-3.23847e-05
-3.69201e-05
-4.18495e-05
-4.71271e-05
-5.28469e-05
-5.90395e-05
-6.57704e-05
-7.3045e-05
-8.09133e-05
-8.93567e-05
-9.84367e-05
-0.00010817
-0.000118595
-0.000129704
-0.000141542
-0.000154074
-0.000167181
-0.000180734
-0.000194479
-0.000208614
-0.000222997
-0.000237387
-0.000252087
-0.000266893
-0.000281595
-0.000296363
-1.47653e-05
-2.9378e-05
-4.41084e-05
-5.87246e-05
-7.30216e-05
-8.67815e-05
-0.000100406
-0.000113699
-0.000126394
-0.00013835
-0.000149964
-0.000161151
-0.000171628
-0.000181233
-0.000190478
-0.00019923
-0.000207239
-0.000214279
-0.000220335
-0.000225873
-0.000230593
-0.000234526
-0.000237264
-0.000238589
-0.000239353
-0.00023921
-0.000237779
-0.000234789
-0.000230103
-0.000223735
-0.000215406
-0.000205666
-0.000194196
-0.000180876
-0.000165317
-0.000147325
-0.000127391
-0.000105369
-8.085e-05
-5.36071e-05
-2.33643e-05
9.19531e-06
4.44317e-05
8.2635e-05
0.00012416
0.000169198
0.000217188
0.000268361
0.000322992
0.000381372
0.000443822
0.000510236
0.000580874
0.000655003
0.000732955
0.000814924
0.000901146
0.000991454
0.00108603
0.00118402
0.00128566
0.00139107
0.00149993
0.00161232
0.00172756
0.00184572
0.00196698
0.00209063
0.00221675
0.00234539
0.00247602
0.00260865
0.00274338
0.00287967
0.00301759
0.00315712
0.00329715
0.00343812
0.0035803
0.00372339
0.0038683
0.00401743
0.00416959
0.0043264
0.00448747
0.00465144
0.00481856
0.00498885
0.00516226
0.00533883
0.00551872
0.00570178
0.00588829
0.00607831
0.0062717
0.00646854
0.00666903
0.00687293
0.00708036
0.00729132
0.0075057
0.0077235
0.00794477
0.0081693
0.00839721
0.00862845
0.00886286
0.00910043
0.00934125
0.00958505
0.00983038
0.0100785
0.0103295
0.0105836
0.010841
0.0111015
0.0113653
0.0116324
0.0119028
0.0121766
0.0124536
0.0127339
0.0130174
0.0133041
0.013594
0.0138871
0.0141833
0.0144825
0.0147847
0.0150899
0.015398
0.015709
0.0160228
0.0163395
0.0166589
0.0169812
0.0173063
0.0176342
0.0179649
0.0182984
0.0186349
0.0189742
0.0193165
0.0196617
0.02001
0.0203613
0.0207158
0.0210733
0.021434
0.0217978
0.0221649
0.0225353
0.022909
0.0232859
0.0236663
0.02405
0.0244371
0.0248276
0.0252216
0.025619
0.0260199
0.0264242
0.026832
0.0272432
0.0276579
0.028076
0.0284977
0.0289228
0.0293514
0.0297834
0.030219
0.030658
0.0311005
0.0315464
0.0319958
0.0324486
0.0329047
0.033364
0.0338266
0.0342924
0.0347613
0.0352332
0.035708
0.0361858
0.0366663
0.0371496
0.0376357
0.0381245
0.0386158
0.0391097
0.039606
0.0401047
0.0406058
0.0411092
0.0416148
0.0421224
0.042632
0.0431437
0.0436572
0.0441727
0.0446897
0.0452085
0.0457288
0.0462507
0.046774
0.0472987
0.0478247
0.048352
0.0488804
0.0494099
0.0499405
0.0504722
0.0510051
0.051539
0.0520739
0.0526099
0.053147
0.0536851
0.0542243
0.0547645
0.0553056
0.0558477
0.0563908
0.056935
0.0574801
0.0580262
0.0585733
0.0591213
0.0596704
0.0602205
0.0607715
0.0613235
0.0618765
0.0624304
0.0629849
0.0635388
0.0640911
0.0646413
0.065189
0.0657342
0.066277
0.0668177
0.0673566
0.0678943
0.0684309
0.068967
0.0695028
0.0700388
0.0705751
0.0711121
0.0716499
0.0721886
0.0727285
0.0732695
0.0738118
0.0743554
0.0749003
0.0754466
0.0759941
0.076543
0.0770932
0.0776446
0.0781974
0.0787514
0.0793066
0.079863
0.0804205
0.0809792
0.081539
0.0820999
0.0826619
0.0832249
0.083789
0.084354
0.08492
0.085487
0.086055
0.0866239
0.0871938
0.0877646
0.0883363
0.088909
0.0894825
0.090057
0.0906324
0.0912088
0.0917861
0.0923643
0.0929435
0.0935237
0.0941048
0.0946869
0.09527
0.0958541
0.0964393
0.0970255
0.0976128
0.0982011
0.0987906
0.0993812
0.099973
0.100566
0.10116
0.101755
0.102352
0.10295
0.103549
0.104149
0.104751
0.105354
0.105959
0.106564
0.107172
0.10778
0.10839
0.109002
0.109615
0.11023
0.110846
0.111463
0.112083
0.112703
0.113326
0.11395
0.114576
0.115203
0.115832
0.116463
0.117095
0.117729
0.118365
0.119002
0.119642
0.120283
0.120926
0.121571
0.122217
0.122866
0.123516
0.124168
0.124822
0.125478
0.126136
0.126795
0.127457
0.128121
0.128786
0.129454
0.130124
0.130795
0.131469
0.132144
0.132822
0.133502
0.134184
0.134868
0.135554
0.136242
0.136932
0.137624
0.138319
0.139016
0.139713
0.140412
0.141111
0.141812
0.142516
0.143221
0.143929
0.144638
0.145351
0.146065
0.146783
0.147502
0.148224
0.148949
0.149677
0.150407
0.15114
0.151876
0.152614
0.153356
0.1541
0.154848
0.155598
0.156352
0.157109
0.157869
0.158632
0.159398
0.160167
0.160939
0.161715
0.162494
0.163276
0.16406
0.164848
0.16564
0.166434
0.167232
0.168033
0.168837
0.169644
0.170455
0.171269
0.172086
0.172905
0.173729
0.174555
0.175385
0.176218
0.177054
0.177893
0.178736
0.179582
0.180431
0.181285
0.182141
0.183
0.183863
0.18473
0.1856
0.186473
0.18735
0.18823
0.189114
0.190001
0.190892
0.191786
0.192685
0.193588
0.194494
0.195405
0.196319
0.197238
0.198161
0.199089
0.200021
0.200957
0.201897
0.202843
0.203792
0.204747
0.205706
0.206669
0.207637
0.208609
0.209586
0.210567
0.211553
0.212542
0.213536
0.214535
0.215537
0.216544
0.217554
0.218569
0.219587
0.22061
0.221636
0.222666
0.2237
0.224738
0.225779
0.226823
0.227872
0.228923
0.229978
0.231036
0.232097
0.233162
0.23423
0.2353
0.236373
0.237449
0.238528
0.239609
0.240692
0.241777
0.242864
0.243954
0.245045
0.246138
0.247232
0.248329
0.249427
0.250526
0.251626
0.252728
0.253832
0.254936
0.256042
0.257149
0.258257
0.259366
0.260477
0.261588
0.262701
0.263814
0.264929
0.266044
0.267161
0.268278
0.269397
0.270516
0.271627
0.272731
0.273828
0.274918
0.276002
0.277079
0.278151
0.279218
0.280282
0.281343
0.282402
0.283459
0.284514
0.285568
0.286622
0.287676
0.28873
0.289784
0.290838
0.291893
0.292949
0.294006
0.295063
0.296122
0.297181
0.29824
0.2993
0.300361
0.301421
0.302482
0.303543
0.304603
0.305663
0.306723
0.307782
0.308841
0.309899
0.310956
0.312013
0.313069
0.314125
0.31518
0.316234
0.317288
0.318341
0.319394
0.320447
0.321499
0.322551
0.323602
0.324654
0.325705
0.326756
0.327808
0.328859
0.329911
0.330962
0.332014
0.333067
0.334119
0.335172
0.336225
0.337279
0.338333
0.339387
0.340442
0.341497
0.342552
0.343608
0.344665
0.345722
0.346779
0.347837
0.348896
0.349955
0.351015
0.352076
0.353137
0.354199
0.355262
0.356326
0.35739
0.358455
0.359521
0.360588
0.361656
0.362724
0.363794
0.364865
0.365938
0.367011
0.368086
0.369162
0.370239
0.371318
0.372398
0.37348
0.374564
0.375649
0.376736
0.377825
0.378916
0.380008
0.381102
0.382198
0.383296
0.384396
0.385498
0.386602
0.387708
0.388816
0.389926
0.391038
0.392152
0.393268
0.394386
0.395506
0.396628
0.397752
0.398878
0.400006
0.401135
0.402267
0.4034
0.404535
0.405672
0.406811
0.407951
0.409093
0.410236
0.411381
0.412527
0.413675
0.414824
0.415974
0.417126
0.418279
0.419432
0.420587
0.421743
0.4229
0.424058
0.425216
0.426375
0.427535
0.428696
0.429857
0.431019
0.432182
0.433345
0.434509
0.435673
0.436837
0.438002
0.439167
0.440332
0.441498
0.442664
0.44383
0.444996
0.446163
0.447329
0.448492
0.449651
0.450803
0.451949
0.453091
0.454228
0.455363
0.456495
0.457625
0.458755
0.459883
0.46101
0.462136
0.463261
0.464385
0.465508
0.466631
0.467753
0.468873
0.469994
0.471114
0.472234
0.473354
0.474474
0.475595
0.476716
0.477837
0.478959
0.480081
0.481204
0.482327
0.483451
0.484575
0.485699
0.486824
0.487949
0.489075
0.490201
0.491327
0.492454
0.493581
0.494708
0.495835
0.496963
0.498091
0.49922
0.500348
0.501477
0.502606
0.503736
0.504866
0.505996
0.507126
0.508257
0.509388
0.510519
0.511651
0.512783
0.513915
0.515048
0.516181
0.517314
0.518448
0.519582
0.520717
0.521852
0.522987
0.524123
0.52526
0.526397
0.527534
0.528672
0.529811
0.53095
0.53209
0.533231
0.534372
0.535514
0.536656
0.5378
0.538943
0.540088
0.541233
0.542379
0.543526
0.544673
0.545821
0.54697
0.54812
0.54927
0.550421
0.551573
0.552726
0.553879
0.555033
0.556188
0.557344
0.558501
0.559658
0.560816
0.561975
0.563135
0.564296
0.565458
0.56662
0.567784
0.568948
0.570113
0.57128
0.572447
0.573615
0.574785
0.575955
0.577127
0.5783
0.579474
0.580649
0.581825
0.583002
0.584181
0.585361
0.586542
0.587724
0.588908
0.590092
0.591279
0.592466
0.593655
0.594845
0.596036
0.597229
0.598424
0.599619
0.600816
0.602015
0.603215
0.604417
0.60562
0.606824
0.608031
0.609238
0.610448
0.611659
0.612871
0.614086
0.615302
0.616519
0.617739
0.61896
0.620183
0.621407
0.622633
0.623862
0.625092
0.626323
0.627557
0.628792
0.63003
0.631269
0.63251
0.633753
0.634999
0.636246
0.637495
0.638746
0.639999
0.641254
0.642512
0.643771
0.645033
0.646297
0.647563
0.648831
0.650102
0.651375
0.65265
0.653928
0.655208
0.65649
0.657775
0.659063
0.660352
0.661645
0.66294
0.664238
0.665538
0.666841
0.668147
0.669455
0.670767
0.672081
0.673398
0.674717
0.67604
0.677366
0.678694
0.680026
0.681361
0.682699
0.684039
0.685383
0.686731
0.688081
0.689435
0.690792
0.692152
0.693514
0.69488
0.696249
0.697621
0.698997
0.700376
0.701759
0.703145
0.704535
0.705929
0.707326
0.708727
0.710132
0.71154
0.712953
0.714369
0.71579
0.717214
0.718643
0.720075
0.721512
0.722953
0.724398
0.725846
0.7273
0.728757
0.730218
0.731684
0.733153
0.734627
0.736106
0.737588
0.739074
0.740565
0.74206
0.74356
0.745063
0.746561
0.748058
0.749555
0.751055
0.752557
0.754062
0.75557
0.757081
0.758595
0.760113
0.761634
0.763158
0.764684
0.766214
0.767747
0.769281
0.770818
0.772357
0.773897
0.775439
0.776983
0.778527
0.780073
0.781619
0.783165
0.784712
0.786258
0.787804
0.78935
0.790895
0.79244
0.793983
0.795525
0.797066
0.798605
0.800142
0.801678
0.803211
0.804742
0.806271
0.807797
0.809321
0.810842
0.81236
0.813875
0.815387
0.816895
0.818401
0.819902
0.8214
0.822895
0.824385
0.825872
0.827354
0.828832
0.830306
0.831776
0.833241
0.834702
0.836158
0.83761
0.839057
0.840498
0.841935
0.843367
0.844794
0.846215
0.847632
0.849043
0.850449
0.851849
0.853244
0.854634
0.856018
0.857397
0.858771
0.860139
0.861502
0.86286
0.864213
0.865561
0.866903
0.868241
0.869574
0.870901
0.872224
0.873542
0.874854
0.876161
0.877463
0.87876
0.880053
0.881341
0.882625
0.883904
0.885178
0.886448
0.887713
0.888974
0.89023
0.891481
0.892728
0.89397
0.895208
0.896441
0.897669
0.898894
0.900114
0.90133
0.902541
0.903749
0.904953
0.906152
0.907348
0.908539
0.909727
0.910912
0.912092
0.913268
0.91444
0.915608
0.916772
0.917932
0.919087
0.920239
0.921385
0.922528
0.923666
0.9248
0.925929
0.927054
0.928175
0.92929
0.930402
0.93151
0.932614
0.933713
0.934809
0.935902
0.936991
0.938076
0.939157
0.940235
0.941309
0.94238
0.943447
0.944511
0.945571
0.94663
0.947686
0.948738
0.949788
0.950834
0.951878
0.952919
0.953957
0.954993
0.956026
0.957057
0.958085
0.959112
0.960136
0.961158
0.962178
0.963197
0.964213
0.965228
0.966241
0.967252
0.968262
0.96927
0.970277
0.971283
0.972287
0.973291
0.974293
0.975295
0.976295
0.977295
0.978294
0.979292
0.98029
0.981288
0.982284
0.983281
0.984276
0.98527
0.986262
0.987254
0.988244
0.989235
0.990226
0.991218
0.99221
0.993202
0.994195
0.995189
0.996184
0.997179
0.998175
0.999173
1.00017
1.00117
1.00217
1.00317
1.00418
1.00518
1.00619
1.00719
1.0082
1.00921
1.01022
1.01124
1.01225
1.01327
1.01429
1.01531
1.01633
1.01736
1.01838
1.01941
1.02044
1.02147
1.02251
1.02354
1.02458
1.02562
1.02666
1.02771
1.02876
1.0298
1.03086
1.03191
1.03297
1.03403
1.03509
1.03615
1.03721
1.03828
1.03935
1.04042
1.04149
1.04257
1.04364
1.04472
1.0458
1.04688
1.04796
1.04904
1.05012
1.05121
1.05229
1.05338
1.05447
1.05556
1.05665
1.05774
1.05883
1.05992
1.06102
1.06211
1.06321
1.06431
1.0654
1.0665
1.0676
1.0687
1.0698
1.07091
1.07201
1.07311
1.07422
1.07532
1.07643
1.07754
1.07864
1.07975
1.08086
1.08197
1.08308
1.08419
1.0853
1.08641
1.08752
1.08864
1.08975
1.09086
1.09198
1.09309
1.09421
1.09532
1.09644
1.09755
1.09867
1.09978
1.1009
1.10201
1.10313
1.10424
1.10536
1.10647
1.10758
1.1087
1.10981
1.11092
1.11203
1.11314
1.11424
1.11534
1.11643
1.11751
1.11858
1.11965
1.12072
1.12177
1.12283
1.12387
1.1249
1.12593
1.12695
1.12796
1.12896
1.12995
1.13094
1.13192
1.1329
1.13388
1.13485
1.13582
1.13679
1.13776
1.13873
1.1397
1.14067
1.14163
1.1426
1.14356
1.14452
1.14548
1.14644
1.1474
1.14835
1.14931
1.15026
1.15122
1.15217
1.15312
1.15407
1.15502
1.15596
1.15691
1.15785
1.1588
1.15974
1.16068
1.16163
1.16257
1.16351
1.16445
1.16539
1.16633
1.16727
1.16821
1.16916
1.1701
1.17104
1.17198
1.17292
1.17386
1.17481
1.17575
1.17669
1.17763
1.17857
1.17952
1.18046
1.1814
1.18234
1.18329
1.18423
1.18517
1.18611
1.18706
1.188
1.18894
1.18989
1.19083
1.19177
1.19272
1.19366
1.1946
1.19555
1.19649
1.19743
1.19838
1.19932
1.20027
1.20121
1.20216
1.2031
1.20405
1.20499
1.20594
1.20688
1.20783
1.20877
1.20972
1.21067
1.21161
1.21256
1.21351
1.21445
1.2154
1.21635
1.2173
1.21825
1.21919
1.22014
1.22109
1.22204
1.22299
1.22394
1.22489
1.22585
1.2268
1.22775
1.2287
1.22966
1.23061
1.23157
1.23253
1.23348
1.23444
1.2354
1.23636
1.23732
1.23828
1.23925
1.24021
1.24117
1.24214
1.24311
1.24407
1.24504
1.24601
1.24698
1.24796
1.24893
1.2499
1.25088
1.25186
1.25283
1.25381
1.25479
1.25578
1.25676
1.25775
1.25873
1.25972
1.26071
1.2617
1.26269
1.26368
1.26468
1.26567
1.26667
1.26767
1.26867
1.26968
1.27068
1.27169
1.27269
1.2737
1.27471
1.27573
1.27674
1.27776
1.27878
1.2798
1.28082
1.28184
1.28286
1.28389
1.28492
1.28595
1.28698
1.28802
1.28905
1.29009
1.29113
1.29217
1.29322
1.29426
1.29531
1.29636
1.29741
1.29847
1.29952
1.30058
1.30164
1.3027
1.30377
1.30483
1.3059
1.30697
1.30805
1.30912
1.3102
1.31128
1.31236
1.31345
1.31453
1.31562
1.31672
1.31781
1.31891
1.32001
1.32111
1.32221
1.32331
1.32442
1.32553
1.32664
1.32776
1.32887
1.32999
1.33111
1.33224
1.33336
1.33449
1.33562
1.33675
1.33787
1.33898
1.34009
1.34119
1.34229
1.34339
1.34448
1.34557
1.34666
1.34775
1.34883
1.34992
1.351
1.35208
1.35316
1.35424
1.35533
1.35641
1.35749
1.35858
1.35967
1.36076
1.36186
1.36295
1.36405
1.36515
1.36625
1.36735
1.36845
1.36956
1.37066
1.37176
1.37286
1.37396
1.37506
1.37615
1.37724
1.37832
1.37941
1.38049
1.38157
1.38264
1.38371
1.38478
1.38584
1.3869
1.38795
1.389
1.39005
1.39109
1.39213
1.39316
1.39419
1.39522
1.39624
1.39726
1.39828
1.39929
1.4003
1.4013
1.4023
1.4033
1.4043
1.40529
1.40629
1.40727
1.40826
1.40924
1.41022
1.4112
1.41218
1.41315
1.41412
1.41509
1.41606
1.41703
1.41799
1.41895
1.41991
1.42087
1.42182
1.42277
1.42372
1.42467
1.42562
1.42656
1.4275
1.42844
1.42938
1.43032
1.43125
1.43219
1.43312
1.43405
1.43497
1.4359
1.43682
1.43774
1.43866
1.43958
1.4405
1.44142
1.44233
1.44324
1.44416
1.44507
1.44597
1.44688
1.44779
1.44869
1.4496
1.4505
1.4514
1.4523
1.4532
1.4541
1.455
1.45589
1.45679
1.45769
1.45858
1.45947
1.46037
1.46126
1.46215
1.46304
1.46392
1.46481
1.46569
1.46658
1.46746
1.46833
1.46921
1.47008
1.47095
1.47182
1.47268
1.47355
1.47441
1.47527
1.47612
1.47698
1.47783
1.47869
1.47954
1.48039
1.48123
1.48208
1.48293
1.48377
1.48461
1.48545
1.48629
1.48713
1.48797
1.4888
1.48964
1.49047
1.4913
1.49213
1.49296
1.49379
1.49461
1.49544
1.49626
1.49708
1.4979
1.49872
1.49954
1.50035
1.50117
1.50198
1.50279
1.5036
1.5044
1.50521
1.50601
1.50681
1.50761
1.50841
1.50921
1.51001
1.5108
1.51159
1.51238
1.51317
1.51396
1.51474
1.51552
1.51631
1.51709
1.51786
1.51864
1.51942
1.52019
1.52096
1.52173
1.5225
1.52326
1.52403
1.52479
1.52555
1.52631
1.52707
1.52783
1.52859
1.52934
1.53009
1.53084
1.53159
1.53234
1.53309
1.53384
1.53458
1.53533
1.53607
1.53681
1.53756
1.5383
1.53904
1.53978
1.54052
1.54126
1.54199
1.54273
1.54347
1.54421
1.54494
1.54568
1.54641
1.54715
1.54788
1.54861
1.54935
1.55008
1.55081
1.55154
1.55228
1.55301
1.55374
1.55447
1.5552
1.55593
1.55666
1.55739
1.55812
1.55885
1.55958
1.56031
1.56104
1.56177
1.5625
1.56322
1.56395
1.56468
1.56541
1.56614
1.56687
1.5676
1.56833
1.56906
1.56979
1.57052
1.57124
1.57197
1.5727
1.57343
1.57416
1.5749
1.57563
1.57636
1.57709
1.57782
1.57855
1.57929
1.58002
1.58075
1.58148
1.58222
1.58295
1.58369
1.58442
1.58516
1.5859
1.58663
1.58737
1.58811
1.58885
1.58958
1.59032
1.59106
1.5918
1.59255
1.59329
1.59403
1.59477
1.59552
1.59626
1.59701
1.59775
1.5985
1.59925
1.6
1.60075
1.6015
1.60225
1.603
1.60375
1.6045
1.60526
1.60601
1.60677
1.60752
1.60828
1.60904
1.6098
1.61055
1.61132
1.61208
1.61284
1.6136
1.61437
1.61513
1.6159
1.61666
1.61743
1.6182
1.61897
1.61973
1.62051
1.62128
1.62205
1.62282
1.62359
1.62437
1.62514
1.62592
1.62669
1.62747
1.62825
1.62903
1.62981
1.63059
1.63137
1.63215
1.63293
1.63371
1.63449
1.63527
1.63606
1.63683
1.63761
1.63838
1.63915
1.63991
1.64067
1.64143
1.64219
1.64295
1.64371
1.64448
1.64524
1.646
1.64677
1.64753
1.6483
1.64906
1.64983
1.6506
1.65137
1.65215
1.65292
1.6537
1.65447
1.65525
1.65603
1.65681
1.6576
1.65838
1.65917
1.65996
1.66075
1.66154
1.66233
1.66313
1.66393
1.66473
1.66553
1.66633
1.66714
1.66794
1.66875
1.66956
1.67038
1.67119
1.67201
1.67283
1.67365
1.67447
1.67529
1.67612
1.67694
1.67777
1.6786
1.67944
1.68027
1.68111
1.68195
1.68279
1.68363
1.68447
1.68531
1.68616
1.68701
1.68786
1.68871
1.68956
1.69042
1.69127
1.69213
1.69299
1.69385
1.69471
1.69558
1.69644
1.69731
1.69818
1.69905
1.69992
1.70079
1.70167
1.70254
1.70342
1.7043
1.70517
1.70605
1.70694
1.70782
1.7087
1.70959
1.71048
1.71136
1.71225
1.71314
1.71403
1.71493
1.71582
1.71671
1.71761
1.7185
1.7194
1.7203
1.7212
1.7221
1.723
1.7239
1.72481
1.72571
1.72661
1.72752
1.72843
1.72933
1.73024
1.73115
1.73206
1.73297
1.73388
1.73479
1.7357
1.73661
1.73752
1.73842
1.73931
1.74021
1.74109
1.74198
1.74286
1.74374
1.74461
1.74548
1.74635
1.74722
1.74809
1.74896
1.74983
1.7507
1.75156
1.75243
1.7533
1.75417
1.75504
1.7559
1.75677
1.75764
1.75851
1.75938
1.76026
1.76113
1.76201
1.76288
1.76376
1.76463
1.76551
1.76639
1.76727
1.76815
1.76903
1.76991
1.7708
1.77168
1.77256
1.77345
1.77434
1.77522
1.77611
1.777
1.77789
1.77878
1.77967
1.78056
1.78145
1.78235
1.78324
1.78413
1.78503
1.78592
1.78682
1.78771
1.78861
1.78951
1.79041
1.7913
1.7922
1.7931
1.794
1.7949
1.7958
1.79671
1.79761
1.79851
1.79941
1.80032
1.80122
1.80212
1.80302
1.80392
1.80482
1.80572
1.80662
1.80752
1.80842
1.80932
1.81021
1.81111
1.81201
1.8129
1.8138
1.8147
1.81559
1.81649
1.81738
1.81828
1.81918
1.82007
1.82097
1.82187
1.82276
1.82366
1.82456
1.82545
1.82635
1.82725
1.82814
1.82904
1.82994
1.83083
1.83173
1.83263
1.83353
1.83442
1.83532
1.83622
1.83711
1.83801
1.83891
1.83981
1.8407
1.8416
1.8425
1.8434
1.8443
1.84519
1.84609
1.84699
1.84789
1.84878
1.84968
1.85058
1.85148
1.85237
1.85327
1.85417
1.85506
1.85596
1.85686
1.85775
1.85865
1.85955
1.86044
1.86134
1.86224
1.86313
1.86403
1.86493
1.86582
1.86672
1.86762
1.86851
1.86941
1.8703
1.8712
1.8721
1.87299
1.87387
1.87476
1.87563
1.87651
1.87738
1.87825
1.87911
1.87998
1.88084
1.8817
1.88257
1.88343
1.8843
1.88516
1.88603
1.8869
1.88777
1.88864
1.88951
1.89038
1.89125
1.89212
1.893
1.89387
1.89475
1.89563
1.89651
1.89739
1.89827
1.89915
1.90004
1.90093
1.90181
1.9027
1.9036
1.90449
1.90538
1.90628
1.90718
1.90808
1.90898
1.90988
1.91079
1.91169
1.9126
1.91351
1.91442
1.91533
1.91625
1.91716
1.91808
1.919
1.91992
1.92085
1.92177
1.9227
1.92362
1.92455
1.92549
1.92642
1.92735
1.92829
1.92922
1.93016
1.9311
1.93204
1.93298
1.93392
1.93486
1.9358
1.93674
1.93768
1.93862
1.93956
1.9405
1.94143
1.94237
1.9433
1.94424
1.94517
1.9461
1.94702
1.94795
1.94887
1.9498
1.95072
1.95163
1.95255
1.95346
1.95437
1.95528
1.95618
1.95708
1.95798
1.95888
1.95977
1.96066
1.96155
1.96243
1.96331
1.96419
1.96506
1.96593
1.9668
1.96766
1.96853
1.96938
1.97024
1.97109
1.97194
1.97279
1.97363
1.97447
1.97531
1.97615
1.97698
1.97781
1.97864
1.97946
1.98029
1.98111
1.98193
1.98274
1.98356
1.98437
1.98518
1.98599
1.9868
1.98761
1.98841
1.98921
1.99002
1.99082
1.99161
1.99241
1.99321
1.994
1.99479
1.99559
1.99638
1.99717
1.99795
1.99874
1.99953
2.00031
2.0011
2.00188
2.00266
2.00345
2.00423
2.00501
2.00578
2.00656
2.00734
2.00811
2.00889
2.00966
2.01044
2.01121
2.01198
2.01275
2.01352
2.01429
2.01506
2.01583
2.0166
2.01737
2.01813
2.0189
2.01966
2.02043
2.02119
2.02196
2.02272
2.02348
2.02425
2.02501
2.02577
2.02653
2.02729
2.02806
2.02882
2.02958
2.03034
2.0311
2.03186
2.03262
2.03338
2.03414
2.0349
2.03566
2.03642
2.03718
2.03793
2.03869
2.03945
2.04021
2.04097
2.04172
2.04248
2.04324
2.044
2.04475
2.04551
2.04627
2.04702
2.04778
2.04854
2.04929
2.05005
2.0508
2.05156
2.05232
2.05307
2.05383
2.05458
2.05534
2.05609
2.05685
2.0576
2.05836
2.05912
2.05987
2.06063
2.06138
2.06214
2.06289
2.06365
2.0644
2.06516
2.06592
2.06667
2.06743
2.06818
2.06894
2.06969
2.07045
2.07121
2.07196
2.07272
2.07348
2.07423
2.07499
2.07575
2.07651
2.07726
2.07802
2.07878
2.07954
2.0803
2.08106
2.08182
2.08258
2.08334
2.08411
2.08487
2.08563
2.0864
2.08716
2.08793
2.0887
2.08946
2.09023
2.091
2.09177
2.09255
2.09332
2.09409
2.09487
2.09565
2.09642
2.0972
2.09798
2.09877
2.09955
2.10033
2.10112
2.10191
2.1027
2.10349
2.10428
2.10507
2.10587
2.10667
2.10746
2.10826
2.10907
2.10987
2.11067
2.11148
2.11229
2.1131
2.11391
2.11473
2.11554
2.11636
2.11718
2.118
2.11882
2.11965
2.12048
2.1213
2.12213
2.12297
2.1238
2.12464
2.12548
2.12632
2.12716
2.128
2.12885
2.1297
2.13055
2.1314
2.13225
2.13311
2.13397
2.13483
2.13569
2.13655
2.13742
2.13829
2.13916
2.14003
2.1409
2.14178
2.14266
2.14353
2.14442
2.1453
2.14618
2.14707
2.14796
2.14885
2.14974
2.15063
2.15153
2.15243
2.15332
2.15422
2.15513
2.15603
2.15694
2.15784
2.15875
2.15966
2.16057
2.16149
2.1624
2.16332
2.16424
2.16516
2.16608
2.167
2.16792
2.16885
2.16977
2.1707
2.17163
2.17256
2.17349
2.17442
2.17536
2.17629
2.17723
2.17817
2.17911
2.18005
2.18099
2.18193
2.18287
2.18382
2.18476
2.18571
2.18666
2.18761
2.18856
2.18951
2.19046
2.19141
2.19237
2.19332
2.19428
2.19524
2.19619
2.19715
2.19811
2.19908
2.20004
2.201
2.20197
2.20293
2.2039
2.20487
2.20583
2.2068
2.20777
2.20875
2.20972
2.21069
2.21167
2.21264
2.21362
2.2146
2.21558
2.21656
2.21754
2.21852
2.2195
2.22049
2.22147
2.22246
2.22345
2.22443
2.22542
2.22641
2.22741
2.2284
2.22939
2.23039
2.23138
2.23238
2.23338
2.23438
2.23538
2.23638
2.23739
2.23839
2.2394
2.2404
2.24141
2.24242
2.24343
2.24444
2.24546
2.24647
2.24748
2.2485
2.24952
2.25054
2.25156
2.25258
2.2536
2.25463
2.25565
2.25668
2.2577
2.25873
2.25976
2.26079
2.26183
2.26286
2.2639
2.26493
2.26597
2.26701
2.26805
2.26909
2.27014
2.27118
2.27223
2.27328
2.27433
2.27538
2.27643
2.27748
2.27854
2.27959
2.28065
2.28171
2.28277
2.28383
2.2849
2.28596
2.28703
2.2881
2.28917
2.29024
2.29131
2.29239
2.29346
2.29454
2.29562
2.2967
2.29778
2.29887
2.29995
2.30104
2.30213
2.30322
2.30432
2.30541
2.30651
2.30761
2.30871
2.30981
2.31091
2.31202
2.31313
2.31424
2.31535
2.31647
2.31758
2.3187
2.31982
2.32094
2.32207
2.32319
2.32432
2.32545
2.32658
2.32772
2.32886
2.33
2.33114
2.33228
2.33343
2.33458
2.33573
2.33688
2.33803
2.33919
2.34035
2.34151
2.34268
2.34385
2.34502
2.34619
2.34736
2.34854
2.34972
2.3509
2.35209
2.35327
2.35446
2.35565
2.35685
2.35804
2.35924
2.36044
2.36165
2.36285
2.36406
2.36528
2.36649
2.36771
2.36894
2.37016
2.37139
2.37263
2.37387
2.37511
2.37635
2.3776
2.37886
2.38011
2.38137
2.38264
2.38391
2.38518
2.38645
2.38773
2.38902
2.3903
2.3916
2.39289
2.39419
2.39549
2.3968
2.39811
2.39942
2.40074
2.40206
2.40338
2.40471
2.40604
2.40738
2.40871
2.41006
2.4114
2.41275
2.4141
2.41546
2.41681
2.41818
2.41954
2.42091
2.42228
2.42365
2.42503
2.42641
2.4278
2.42919
2.43058
2.43197
2.43337
2.43477
2.43617
2.43758
2.43899
2.4404
2.44181
2.44323
2.44465
2.44608
2.4475
2.44893
2.45036
2.45179
2.45322
2.45465
2.45607
2.45749
2.45891
2.46033
2.46175
2.46316
2.46458
2.46599
2.4674
2.46881
2.47022
2.47162
2.47303
2.47443
2.47584
2.47724
2.47864
2.48004
2.48144
2.48283
2.48423
2.48562
2.48701
2.4884
2.48979
2.49117
2.49255
2.49393
2.49531
2.49668
2.49805
2.49942
2.50078
2.50214
2.50349
2.50484
2.50619
2.50753
2.50887
2.5102
2.51153
2.51285
2.51417
2.51548
2.5168
2.5181
2.5194
2.5207
2.52199
2.52328
2.52457
2.52585
2.52713
2.5284
2.52967
2.53094
2.5322
2.53346
2.53471
2.53597
2.53721
2.53846
2.5397
2.54094
2.54218
2.54341
2.54464
2.54586
2.54709
2.54831
2.54952
2.55074
2.55194
2.55315
2.55435
2.55555
2.55675
2.55794
2.55913
2.56032
2.56151
2.56269
2.56387
2.56505
2.56622
2.5674
2.56857
2.56973
2.5709
2.57206
2.57322
2.57438
2.57554
2.57669
2.57785
2.579
2.58015
2.58129
2.58244
2.58358
2.58472
2.58586
2.587
2.58813
2.58927
2.5904
2.59153
2.59266
2.59379
2.59491
2.59604
2.59716
2.59828
2.59941
2.60053
2.60164
2.60276
2.60388
2.60499
2.60611
2.60722
2.60833
2.60945
2.61056
2.61167
2.61278
2.61389
2.615
2.61611
2.61721
2.61832
2.61943
2.62054
2.62164
2.62275
2.62385
2.62496
2.62607
2.62717
2.62828
2.62938
2.63049
2.63159
2.6327
2.6338
2.63491
2.63601
2.63712
2.63822
2.63933
2.64044
2.64154
2.64265
2.64375
2.64486
2.64596
2.64707
2.64818
2.64928
2.65039
2.6515
2.6526
2.65371
2.65482
2.65592
2.65702
2.65812
2.65921
2.6603
2.66139
2.66247
2.66355
2.66463
2.66571
2.66678
2.66785
2.66892
2.67
2.67106
2.67213
2.6732
2.67427
2.67534
2.67641
2.67748
2.67854
2.67961
2.68068
2.68175
2.68282
2.68389
2.68496
2.68603
2.68709
2.68816
2.68923
2.6903
2.69137
2.69244
2.69351
2.69458
2.69565
2.69672
2.69779
2.69886
2.69993
2.701
2.70207
2.70314
2.70421
2.70528
2.70635
2.70742
2.70849
2.70956
2.71063
2.7117
2.71278
2.71385
2.71492
2.716
2.71707
2.71814
2.71922
2.7203
2.72137
2.72245
2.72353
2.72461
2.72569
2.72677
2.72785
2.72893
2.73001
2.73109
2.73218
2.73326
2.73435
2.73543
2.73652
2.73761
2.7387
2.73979
2.74088
2.74197
2.74307
2.74416
2.74526
2.74636
2.74746
2.74856
2.74966
2.75076
2.75186
2.75297
2.75407
2.75518
2.75629
2.7574
2.75851
2.75962
2.76074
2.76185
2.76297
2.76409
2.76521
2.76633
2.76746
2.76858
2.76971
2.77084
2.77196
2.7731
2.77423
2.77536
2.7765
2.77764
2.77878
2.77992
2.78106
2.78221
2.78335
2.7845
2.78565
2.7868
2.78795
2.78911
2.79027
2.79143
2.79259
2.79375
2.79491
2.79608
2.79725
2.79842
2.79959
2.80076
2.80194
2.80311
2.80429
2.80547
2.80666
2.80784
2.80903
2.81022
2.81141
2.8126
2.8138
2.81499
2.81619
2.81739
2.81859
2.8198
2.821
2.82221
2.82342
2.82463
2.82584
2.82705
2.82827
2.82949
2.8307
2.83192
2.83315
2.83437
2.83559
2.83682
2.83805
2.83927
2.8405
2.84174
2.84297
2.8442
2.84544
2.84668
2.84791
2.84915
2.85039
2.85164
2.85288
2.85412
2.85537
2.85662
2.85786
2.85911
2.86036
2.86161
2.86287
2.86412
2.86537
2.86663
2.86789
2.86914
2.8704
2.87166
2.87292
2.87419
2.87545
2.87671
2.87798
2.87924
2.88051
2.88178
2.88305
2.88431
2.88559
2.88686
2.88813
2.8894
2.89068
2.89195
2.89323
2.8945
2.89578
2.89706
2.89834
2.89962
2.9009
2.90218
2.90347
2.90475
2.90604
2.90732
2.90861
2.9099
2.91119
2.91248
2.91377
2.91506
2.91636
2.91765
2.91895
2.92025
2.92154
2.92284
2.92414
2.92545
2.92675
2.92805
2.92936
2.93067
2.93198
2.93329
2.9346
2.93591
2.93722
2.93854
2.93986
2.94118
2.9425
2.94382
2.94514
2.94647
2.9478
2.94912
2.95045
2.95179
2.95312
2.95446
2.9558
2.95713
2.95848
2.95982
2.96117
2.96251
2.96386
2.96521
2.96657
2.96792
2.96928
2.97064
2.972
2.97336
2.97473
2.9761
2.97747
2.97884
2.98022
2.98159
2.98297
2.98435
2.98574
2.98712
2.98851
2.9899
2.99129
2.99269
2.99408
2.99548
2.99689
2.99829
2.9997
3.00111
3.00252
3.00393
3.00535
3.00676
3.00818
3.00961
3.01103
3.01246
3.01389
3.01532
3.01676
3.01819
3.01963
3.02107
3.02252
3.02396
3.02541
3.02686
3.02831
3.02977
3.03122
3.03268
3.03415
3.03561
3.03707
3.03854
3.04001
3.04149
3.04296
3.04444
3.04592
3.0474
3.04888
3.05037
3.05185
3.05334
3.05483
3.05633
3.05782
3.05932
3.06082
3.06233
3.06383
3.06534
3.06684
3.06835
3.06987
3.07138
3.0729
3.07442
3.07594
3.07746
3.07899
3.08051
3.08204
3.08357
3.0851
3.08664
3.08818
3.08972
3.09126
3.0928
3.09434
3.09589
3.09744
3.09899
3.10054
3.1021
3.10365
3.10521
3.10677
3.10834
3.1099
3.11147
3.11304
3.11461
3.11618
3.11776
3.11933
3.12091
3.12249
3.12407
3.12566
3.12724
3.12883
3.13042
3.13201
3.1336
3.1352
3.1368
3.1384
3.14001
3.14161
3.14322
3.14484
3.14645
3.14807
3.14969
3.15131
3.15294
3.15457
3.1562
3.15783
3.15947
3.16111
3.16275
3.1644
3.16604
3.1677
3.16935
3.171
3.17266
3.17432
3.17599
3.17765
3.17932
3.18099
3.18267
3.18434
3.186
3.18766
3.18933
3.19099
3.19265
3.19431
3.19597
3.19763
3.19929
3.20095
3.20262
3.20428
3.20595
3.20761
3.20928
3.21094
3.21261
3.21427
3.21594
3.21761
3.21927
3.22094
3.2226
3.22427
3.22593
3.22759
3.22925
3.2309
3.23256
3.23421
3.23585
3.2375
3.23914
3.24077
3.24241
3.24404
3.24566
3.24728
3.2489
3.25051
3.25211
3.25372
3.25531
3.25691
3.25849
3.26008
3.26166
3.26323
3.2648
3.26637
3.26793
3.26949
3.27104
3.27259
3.27413
3.27567
3.27721
3.27874
3.28027
3.28179
3.28331
3.28483
3.28634
3.28784
3.28935
3.29085
3.29234
3.29383
3.29532
3.2968
3.29828
3.29976
3.30123
3.3027
3.30417
3.30563
3.30708
3.30854
3.30999
3.31144
3.31288
3.31432
3.31576
3.31719
3.31862
3.32004
3.32146
3.32288
3.32429
3.3257
3.32711
3.32852
3.32992
3.33132
3.33272
3.33411
3.3355
3.33689
3.33827
3.33965
3.34103
3.34241
3.34378
3.34516
3.34652
3.34789
3.34925
3.35061
3.35197
3.35333
3.35468
3.35603
3.35738
3.35873
3.36007
3.36141
3.36275
3.36408
3.36542
3.36675
3.36808
3.3694
3.37073
3.37205
3.37337
3.37468
3.376
3.37731
3.37862
3.37993
3.38124
3.38254
3.38384
3.38514
3.38644
3.38774
3.38903
3.39032
3.39161
3.3929
3.39419
3.39548
3.39676
3.39804
3.39932
3.4006
3.40188
3.40315
3.40443
3.4057
3.40697
3.40824
3.40951
3.41078
3.41204
3.41331
3.41457
3.41583
3.4171
3.41836
3.41962
3.42087
3.42213
3.42339
3.42465
3.4259
3.42716
3.42841
3.42966
3.43092
3.43217
3.43342
3.43467
3.43592
3.43717
3.43842
3.43967
3.44092
3.44217
3.44342
3.44467
3.44592
3.44716
3.44841
3.44966
3.45091
3.45215
3.4534
3.45465
3.45589
3.45713
3.45837
3.4596
3.46082
3.46204
3.46325
3.46446
3.46566
3.46687
3.46807
3.46927
3.47047
3.47167
3.47286
3.47406
3.47525
3.47645
3.47764
3.47883
3.48002
3.48122
3.4824
3.48359
3.48478
3.48597
3.48715
3.48834
3.48952
3.49071
3.49189
3.49308
3.49426
3.49544
3.49663
3.49781
3.499
3.50019
3.50137
3.50256
3.50374
3.50493
3.50611
3.5073
3.50849
3.50967
3.51086
3.51205
3.51323
3.51442
3.51561
3.51679
3.51798
3.51917
3.52035
3.52154
3.52273
3.52391
3.5251
3.52629
3.52747
3.52866
3.52985
3.53104
3.53222
3.53341
3.5346
3.53578
3.53697
3.53816
3.53935
3.54054
3.54172
3.54291
3.5441
3.54529
3.54648
3.54767
3.54886
3.55005
3.55124
3.55243
3.55362
3.55481
3.556
3.55719
3.55839
3.55958
3.56078
3.56197
3.56317
3.56437
3.56557
3.56676
3.56796
3.56917
3.57037
3.57157
3.57277
3.57398
3.57518
3.57639
3.5776
3.5788
3.58001
3.58122
3.58243
3.58365
3.58486
3.58607
3.58729
3.5885
3.58972
3.59094
3.59216
3.59338
3.5946
3.59582
3.59704
3.59827
3.59949
3.60072
3.60195
3.60317
3.6044
3.60564
3.60687
3.6081
3.60933
3.61057
3.61181
3.61304
3.61428
3.61552
3.61676
3.61801
3.61925
3.6205
3.62174
3.62299
3.62424
3.62549
3.62674
3.62799
3.62924
3.6305
3.63175
3.63301
3.63427
3.63553
3.63679
3.63805
3.63931
3.64058
3.64184
3.64311
3.64438
3.64565
3.64692
3.64819
3.64947
3.65075
3.65202
3.6533
3.65458
3.65586
3.65715
3.65843
3.65972
3.66101
3.6623
3.66359
3.66488
3.66617
3.66747
3.66877
3.67007
3.67137
3.67267
3.67397
3.67528
3.67659
3.6779
3.67921
3.68052
3.68184
3.68315
3.68447
3.68579
3.68712
3.68844
3.68977
3.69109
3.69242
3.69376
3.69509
3.69643
3.69777
3.69911
3.70045
3.70179
3.70314
3.70449
3.70584
3.7072
3.70855
3.70991
3.71127
3.71263
3.714
3.71537
3.71674
3.71811
3.71948
3.72086
3.72224
3.72363
3.72501
3.7264
3.72779
3.72918
3.73058
3.73198
3.73338
3.73478
3.73619
3.7376
3.73901
3.74043
3.74185
3.74327
3.74469
3.74612
3.74755
3.74898
3.75042
3.75186
3.7533
3.75475
3.7562
3.75765
3.75911
3.76057
3.76203
3.7635
3.76497
3.76644
3.76791
3.76939
3.77088
3.77236
3.77385
3.77535
3.77684
3.77834
3.77985
3.78136
3.78287
3.78438
3.7859
3.78742
3.78895
3.79048
3.79201
3.79355
3.79509
3.79664
3.79819
3.79974
3.8013
3.80286
3.80442
3.80599
3.80756
3.80914
3.81072
3.8123
3.81389
3.81548
3.81707
3.81867
3.82028
3.82188
3.82349
3.82511
3.82673
3.82835
3.82998
3.83161
3.83324
3.83488
3.83652
3.83817
3.83981
3.84147
3.84312
3.84478
3.84645
3.84812
3.84979
3.85146
3.85314
3.85483
3.85651
3.8582
3.85989
3.86159
3.86329
3.865
3.86671
3.86842
3.87013
3.87185
3.87357
3.8753
3.87703
3.87876
3.8805
3.88223
3.88398
3.88572
3.88747
3.88922
3.89098
3.89274
3.8945
3.89627
3.89804
3.89981
3.90158
3.90336
3.90514
3.90693
3.90872
3.91051
3.9123
3.9141
3.9159
3.9177
3.9195
3.92131
3.92312
3.92494
3.92676
3.92857
3.9304
3.93222
3.93405
3.93588
3.93772
3.93955
3.94139
3.94323
3.94508
3.94692
3.94877
3.95062
3.95248
3.95433
3.95619
3.95805
3.95992
3.96179
3.96365
3.96553
3.9674
3.96928
3.97115
3.97303
3.97492
3.9768
3.97869
3.98058
3.98247
3.98436
3.98626
3.98816
3.99006
3.99196
3.99387
3.99577
3.99768
3.99959
4.00151
4.00342
4.00534
4.00726
4.00918
4.0111
4.01302
4.01495
4.01688
4.01881
4.02074
4.02267
4.0246
4.02654
4.02847
4.03041
4.03235
4.03429
4.03623
4.03818
4.04012
4.04206
4.04399
4.04592
4.04784
4.04976
4.05168
4.0536
4.05551
4.05743
4.05935
4.06127
4.06319
4.06511
4.06703
4.06895
4.07087
4.07279
4.07471
4.07664
4.07856
4.08048
4.08241
4.08433
4.08625
4.08817
4.09008
4.092
4.09391
4.09582
4.09773
4.09963
4.10153
4.10342
4.10531
4.1072
4.10908
4.11096
4.11284
4.11471
4.11657
4.11843
4.12028
4.12213
4.12397
4.12581
4.12764
4.12947
4.13129
4.13311
4.13492
4.13673
4.13853
4.14032
4.14211
4.1439
4.14568
4.14745
4.14922
4.15098
4.15274
4.15449
4.15623
4.15798
4.15971
4.16144
4.16316
4.16488
4.1666
4.16831
4.17001
4.1717
4.1734
4.17508
4.17676
4.17844
4.18011
4.18178
4.18344
4.18509
4.18674
4.18839
4.19003
4.19166
4.19329
4.19492
4.19653
4.19815
4.19976
4.20136
4.20296
4.20455
4.20614
4.20772
4.2093
4.21087
4.21244
4.214
4.21556
4.21712
4.21867
4.22021
4.22176
4.22329
4.22483
4.22636
4.22788
4.2294
4.23092
4.23243
4.23394
4.23544
4.23694
4.23844
4.23993
4.24142
4.2429
4.24438
4.24586
4.24733
4.2488
4.25026
4.25172
4.25318
4.25463
4.25608
4.25752
4.25896
4.2604
4.26183
4.26326
4.26469
4.26611
4.26753
4.26895
4.27036
4.27177
4.27317
4.27457
4.27597
4.27737
4.27876
4.28015
4.28153
4.28292
4.2843
4.28567
4.28705
4.28842
4.28979
4.29115
4.29251
4.29387
4.29523
4.29658
4.29793
4.29928
4.30063
4.30197
4.30331
4.30465
4.30598
4.30732
4.30865
4.30997
4.3113
4.31262
4.31394
4.31526
4.31658
4.31789
4.3192
4.32051
4.32182
4.32312
4.32443
4.32573
4.32702
4.32832
4.32961
4.33091
4.3322
4.33348
4.33477
4.33605
4.33733
4.33861
4.33989
4.34117
4.34244
4.34371
4.34498
4.34625
4.34752
4.34878
4.35005
4.35131
4.35257
4.35383
4.35508
4.35634
4.35759
4.35884
4.36009
4.36134
4.36259
4.36383
4.36508
4.36632
4.36757
4.36881
4.37005
4.37129
4.37253
4.37378
4.37502
4.37626
4.3775
4.37874
4.37997
4.38121
4.38246
4.3837
4.38494
4.38618
4.38742
4.38866
4.3899
4.39115
4.39239
4.39364
4.39488
4.39613
4.39738
4.39862
4.39987
4.40112
4.40238
4.40363
4.40488
4.40614
4.40739
4.40865
4.40991
4.41117
4.41243
4.41369
4.41495
4.41621
4.41748
4.41874
4.42001
4.42127
4.42254
4.42381
4.42508
4.42635
4.42762
4.42889
4.43016
4.43143
4.4327
4.43398
4.43525
4.43652
4.43779
4.43907
4.44034
4.44161
4.44289
4.44416
4.44543
4.44671
4.44798
4.44925
4.45053
4.4518
4.45306
4.45431
4.45556
4.4568
4.45803
4.45926
4.46049
4.46172
4.46294
4.46417
4.46539
4.46661
4.46783
4.46905
4.47027
4.47148
4.4727
4.47391
4.47512
4.47633
4.47754
4.47875
4.47996
4.48117
4.48237
4.48357
4.48478
4.48598
4.48718
4.48837
4.48957
4.49076
4.49196
4.49315
4.49434
4.49553
4.49672
4.4979
4.49909
4.50028
4.50146
4.50264
4.50382
4.50501
4.50619
4.50737
4.50855
4.50973
4.5109
4.51208
4.51326
4.51443
4.51561
4.51678
4.51796
4.51913
4.5203
4.52147
4.52264
4.52381
4.52498
4.52615
4.52731
4.52848
4.52965
4.53081
4.53197
4.53314
4.5343
4.53546
4.53662
4.53778
4.53894
4.5401
4.54126
4.54242
4.54357
4.54473
4.54589
4.54704
4.5482
4.54935
4.5505
4.55166
4.55281
4.55396
4.55512
4.55627
4.55742
4.55857
4.55973
4.56088
4.56203
4.56318
4.56433
4.56548
4.56663
4.56778
4.56893
4.57008
4.57124
4.57239
4.57354
4.57469
4.57584
4.57699
4.57814
4.5793
4.58045
4.5816
4.58275
4.58391
4.58506
4.58621
4.58737
4.58852
4.58968
4.59083
4.59199
4.59315
4.5943
4.59546
4.59662
4.59778
4.59894
4.60009
4.60125
4.60242
4.60358
4.60474
4.6059
4.60707
4.60823
4.6094
4.61056
4.61173
4.6129
4.61407
4.61524
4.61641
4.61758
4.61875
4.61993
4.6211
4.62228
4.62346
4.62464
4.62582
4.627
4.62819
4.62937
4.63056
4.63175
4.63294
4.63413
4.63532
4.63651
4.63771
4.6389
4.6401
4.6413
4.6425
4.64371
4.64491
4.64612
4.64732
4.64853
4.64974
4.65095
4.65217
4.65338
4.6546
4.65582
4.65704
4.65826
4.65948
4.66071
4.66193
4.66316
4.66439
4.66562
4.66686
4.66809
4.66933
4.67057
4.67181
4.67305
4.67429
4.67553
4.67678
4.67803
4.67928
4.68053
4.68179
4.68304
4.6843
4.68556
4.68682
4.68808
4.68934
4.69061
4.69188
4.69315
4.69442
4.69569
4.69697
4.69825
4.69953
4.70081
4.70209
4.70338
4.70467
4.70596
4.70725
4.70854
4.70984
4.71114
4.71244
4.71374
4.71505
4.71636
4.71767
4.71898
4.7203
4.72162
4.72294
4.72426
4.72559
4.72692
4.72825
4.72958
4.73092
4.73226
4.73361
4.73495
4.7363
4.73766
4.73901
4.74037
4.74173
4.7431
4.74447
4.74584
4.74722
4.7486
4.74998
4.75137
4.75276
4.75416
4.75556
4.75696
4.75836
4.75978
4.76119
4.76261
4.76403
4.76546
4.76689
4.76832
4.76976
4.77121
4.77266
4.77411
4.77557
4.77703
4.7785
4.77997
4.78144
4.78292
4.78441
4.7859
4.7874
4.7889
4.7904
4.79191
4.79343
4.79495
4.79647
4.798
4.79954
4.80108
4.80262
4.80417
4.80573
4.80729
4.80886
4.81043
4.812
4.81359
4.81517
4.81677
4.81836
4.81997
4.82158
4.82319
4.82481
4.82643
4.82806
4.8297
4.83134
4.83299
4.83464
4.83629
4.83795
4.83962
4.84129
4.84297
4.84465
4.84634
4.84804
4.84974
4.85144
4.85315
4.85486
4.85658
4.85831
4.86004
4.86178
4.86352
4.86526
4.86702
4.86877
4.87053
4.8723
4.87407
4.87585
4.87763
4.87942
4.88122
4.88301
4.88482
4.88662
4.88843
4.89024
4.89204
4.89384
4.89562
4.8974
4.89917
4.90094
4.90271
4.90448
4.90625
4.90802
4.9098
4.91158
4.91336
4.91515
4.91695
4.91874
4.92055
4.92236
4.92417
4.92598
4.9278
4.92962
4.93145
4.93328
4.93511
4.93694
4.93878
4.94062
4.94246
4.9443
4.94614
4.94799
4.94983
4.95168
4.95353
4.95538
4.95723
4.95907
4.9609
4.96273
4.96456
4.96638
4.9682
4.97001
4.97183
4.97364
4.97545
4.97726
4.97906
4.98087
4.98267
4.98447
4.98626
4.98805
4.98984
4.99163
4.99341
4.99519
4.99696
4.99874
5.0005
5.00227
5.00403
5.00578
5.00753
5.00928
5.01102
5.01275
5.01448
5.01621
5.01792
5.01964
5.02134
5.02304
5.02474
5.02643
5.02811
5.02978
5.03145
5.03311
5.03477
5.03641
5.03805
5.03969
5.04132
5.04294
5.04455
5.04616
5.04776
5.04935
5.05094
5.05252
5.0541
5.05567
5.05723
5.05879
5.06034
5.06189
5.06343
5.06496
5.06649
5.06801
5.06953
5.07104
5.07254
5.07404
5.07553
5.07702
5.0785
5.07997
5.08144
5.08291
5.08437
5.08582
5.08728
5.08872
5.09016
5.0916
5.09303
5.09445
5.09588
5.09729
5.0987
5.10011
5.10151
5.10291
5.10431
5.10569
5.10708
5.10845
5.10983
5.1112
5.11256
5.11392
5.11527
5.11662
5.11797
5.1193
5.12064
5.12197
5.12329
5.12462
5.12593
5.12724
5.12855
5.12985
5.13115
5.13244
5.13373
5.13502
5.1363
5.13758
5.13885
5.14012
5.14139
5.14265
5.14391
5.14516
5.14641
5.14766
5.1489
5.15014
5.15137
5.1526
5.15382
5.15504
5.15626
5.15747
5.15868
5.15989
5.16109
5.16229
5.16348
5.16467
5.16585
5.16703
5.16821
5.16939
5.17056
5.17173
5.17289
5.17405
5.17521
5.17637
5.17752
5.17867
5.17981
5.18096
5.1821
5.18324
5.18438
5.18551
5.18664
5.18777
5.1889
5.19003
5.19116
5.19228
5.19341
5.19453
5.19565
5.19677
5.19789
5.19901
5.20013
5.20125
5.20237
5.20349
5.20461
5.20573
5.20685
5.20797
5.20909
5.21022
5.21134
5.21246
5.21358
5.2147
5.21582
5.21695
5.21807
5.21919
5.22032
5.22144
5.22256
5.22369
5.22481
5.22593
5.22704
5.22815
5.22926
5.23037
5.23147
5.23257
5.23367
5.23477
5.23587
5.23696
5.23806
5.23916
5.24025
5.24135
5.24244
5.24354
5.24463
5.24573
5.24682
5.24791
5.249
5.2501
5.25119
5.25228
5.25337
5.25445
5.25554
5.25663
5.25771
5.2588
5.25988
5.26097
5.26205
5.26314
5.26422
5.26531
5.26639
5.26747
5.26855
5.26964
5.27072
5.2718
5.27288
5.27396
5.27505
5.27613
5.27721
5.27829
5.27937
5.28045
5.28152
5.2826
5.28368
5.28476
5.28584
5.28691
5.28799
5.28906
5.29014
5.29121
5.29229
5.29336
5.29443
5.2955
5.29658
5.29765
5.29872
5.29979
5.30086
5.30192
5.30299
5.30406
5.30512
5.30619
5.30726
5.30832
5.30938
5.31045
5.31151
5.31257
5.31363
5.3147
5.31576
5.31682
5.31788
5.31894
5.32
5.32106
5.32212
5.32318
5.32423
5.32529
5.32635
5.32741
5.32846
5.32952
5.33058
5.33163
5.33269
5.33374
5.3348
5.33585
5.33691
5.33796
5.33901
5.34007
5.34112
5.34217
5.34322
5.34428
5.34533
5.34638
5.34743
5.34848
5.34953
5.35058
5.35163
5.35268
5.35373
5.35478
5.35583
5.35688
5.35793
5.35898
5.36003
5.36108
5.36213
5.36318
5.36422
5.36527
5.36632
5.36737
5.36842
5.36946
5.37051
5.37156
5.37261
5.37365
5.3747
5.37575
5.37679
5.37784
5.37889
5.37994
5.38098
5.38203
5.38308
5.38412
5.38517
5.38622
5.38727
5.38832
5.38936
5.39041
5.39146
5.39251
5.39356
5.39461
5.39566
5.3967
5.39775
5.3988
5.39985
5.40091
5.40196
5.40301
5.40406
5.40511
5.40616
5.40722
5.40827
5.40932
5.41038
5.41143
5.41249
5.41355
5.4146
5.41566
5.41672
5.41778
5.41884
5.41991
5.42097
5.42203
5.4231
5.42416
5.42523
5.4263
5.42737
5.42844
5.42951
5.43059
5.43166
5.43274
5.43382
5.4349
5.43598
5.43706
5.43815
5.43924
5.44033
5.44142
5.44251
5.44361
5.44471
5.44581
5.44691
5.44801
5.44912
5.45023
5.45134
5.45246
5.45357
5.45469
5.45581
5.45694
5.45807
5.4592
5.46033
5.46147
5.4626
5.46375
5.46489
5.46604
5.46719
5.46834
5.46949
5.47065
5.47181
5.47297
5.47414
5.47531
5.47648
5.47766
5.47883
5.48001
5.4812
5.48238
5.48357
5.48476
5.48595
5.48715
5.48835
5.48955
5.49076
5.49197
5.49318
5.49439
5.49561
5.49683
5.49805
5.49927
5.5005
5.50173
5.50296
5.5042
5.50544
5.50668
5.50792
5.50917
5.51042
5.51167
5.51292
5.51418
5.51544
5.5167
5.51796
5.51923
5.5205
5.52177
5.52304
5.52432
5.5256
5.52688
5.52816
5.52944
5.53073
5.53202
5.53331
5.53461
5.5359
5.5372
5.5385
5.5398
5.5411
5.54241
5.54372
5.54503
5.54634
5.54765
5.54897
5.55028
5.5516
5.55292
5.55425
5.55557
5.5569
5.55822
5.55955
5.56088
5.56221
5.56355
5.56488
5.56622
5.56756
5.5689
5.57024
5.57158
5.57293
5.57427
5.57562
5.57697
5.57832
5.57967
5.58102
5.58237
5.58373
5.58508
5.58644
5.5878
5.58916
5.59052
5.59188
5.59325
5.59461
5.59598
5.59735
5.59871
5.60008
5.60146
5.60283
5.6042
5.60557
5.60694
5.6083
5.60967
5.61103
5.61238
5.61374
5.61509
5.61644
5.61779
5.61914
5.62048
5.62183
5.62318
5.62453
5.62588
5.62723
5.62858
5.62993
5.63128
5.63263
5.63398
5.63534
5.6367
5.63805
5.63941
5.64077
5.64213
5.64349
5.64485
5.64621
5.64757
5.64893
5.6503
5.65166
5.65302
5.65439
5.65576
5.65712
5.65849
5.65986
5.66123
5.6626
5.66397
5.66534
5.66671
5.66808
5.66946
5.67083
5.67221
5.67358
5.67496
5.67634
5.67771
5.67909
5.68047
5.68185
5.68324
5.68462
5.686
5.68738
5.68877
5.69016
5.69154
5.69293
5.69432
5.69571
5.6971
5.69849
5.69988
5.70128
5.70267
5.70407
5.70546
5.70686
5.70826
5.70965
5.71105
5.71246
5.71386
5.71526
5.71667
5.71807
5.71948
5.7209
5.72231
5.72372
5.72514
5.72656
5.72798
5.72941
5.73083
5.73226
5.73369
5.73512
5.73655
5.73799
5.73943
5.74087
5.74231
5.74376
5.74521
5.74665
5.74809
5.74953
5.75097
5.7524
5.75383
5.75527
5.7567
5.75812
5.75955
5.76098
5.7624
5.76382
5.76525
5.76667
5.76809
5.76951
5.77093
5.77235
5.77377
5.77519
5.77661
5.77803
5.77945
5.78087
5.78229
5.78371
5.78513
5.78654
5.78796
5.78937
5.79078
5.79219
5.7936
5.795
5.79641
5.7978
5.7992
5.80059
5.80198
5.80336
5.80474
5.80612
5.80749
5.80886
5.81022
5.81158
5.81294
5.81429
5.81564
5.81698
5.81832
5.81965
5.82098
5.8223
5.82362
5.82494
5.82625
5.82756
5.82886
5.83016
5.83146
5.83275
5.83404
5.83533
5.83661
5.83789
5.83916
5.84043
5.8417
5.84296
5.84422
5.84547
5.84673
5.84798
5.84922
5.85046
5.8517
5.85294
5.85417
5.8554
5.85663
5.85785
5.85907
5.86029
5.8615
5.86271
5.86392
5.86513
5.86633
5.86753
5.86873
5.86993
5.87112
5.87231
5.8735
5.87469
5.87587
5.87705
5.87823
5.87941
5.88057
5.88174
5.8829
5.88406
5.88521
5.88637
5.88751
5.88866
5.88981
5.89095
5.89209
5.89322
5.89436
5.89549
5.89663
5.89776
5.89889
5.90002
5.90114
5.90227
5.9034
5.90452
5.90565
5.90677
5.90789
5.90901
5.91014
5.91126
5.91238
5.9135
5.91462
5.91573
5.91685
5.91797
5.91909
5.9202
5.92132
5.92244
5.92355
5.92467
5.92578
5.9269
5.92801
5.92912
5.93024
5.93135
5.93247
5.93358
5.93469
5.93581
5.93692
5.93803
5.93915
5.94026
5.94137
5.94248
5.94359
5.94471
5.94582
5.94693
5.94804
5.94915
5.95026
5.95137
5.95248
5.95359
5.95469
5.9558
5.95691
5.95801
5.95912
5.96023
5.96133
5.96243
5.96354
5.96464
5.96574
5.96684
5.96794
5.96904
5.97014
5.97124
5.97234
5.97344
5.97453
5.97563
5.97672
5.97782
5.97891
5.98
5.9811
5.98219
5.98328
5.98437
5.98546
5.98655
5.98764
5.98872
5.98981
5.9909
5.99198
5.99307
5.99416
5.99524
5.99633
5.99741
5.9985
5.99958
6.00066
6.00175
6.00283
6.00391
6.005
6.00608
6.00716
6.00825
6.00933
6.01041
6.01149
6.01258
6.01366
6.01474
6.01582
6.01691
6.01799
6.01907
6.02016
6.02124
6.02233
6.02341
6.0245
6.02558
6.02667
6.02776
6.02885
6.02993
6.03102
6.03211
6.0332
6.0343
6.03539
6.03648
6.03757
6.03867
6.03976
6.04086
6.04196
6.04305
6.04415
6.04525
6.04635
6.04745
6.04855
6.04966
6.05076
6.05186
6.05297
6.05408
6.05518
6.05629
6.0574
6.05851
6.05963
6.06074
6.06185
6.06297
6.06408
6.0652
6.06632
6.06744
6.06856
6.06969
6.07081
6.07193
6.07306
6.07419
6.07532
6.07645
6.07758
6.07871
6.07984
6.08098
6.08212
6.08325
6.08439
6.08553
6.08668
6.08782
6.08897
6.09011
6.09126
6.09241
6.09356
6.09471
6.09587
6.09702
6.09818
6.09934
6.1005
6.10166
6.10282
6.10399
6.10515
6.10632
6.10749
6.10866
6.10983
6.111
6.11218
6.11336
6.11453
6.11571
6.1169
6.11808
6.11926
6.12045
6.12164
6.12283
6.12402
6.12521
6.1264
6.1276
6.12879
6.12999
6.13119
6.13239
6.13359
6.13479
6.13599
6.1372
6.1384
6.13961
6.14082
6.14203
6.14324
6.14445
6.14566
6.14688
6.14809
6.14931
6.15052
6.15174
6.15296
6.15418
6.1554
6.15662
6.15785
6.15907
6.16029
6.16152
6.16275
6.16397
6.1652
6.16643
6.16766
6.16889
6.17013
6.17136
6.17259
6.17383
6.17506
6.1763
6.17754
6.17877
6.18001
6.18125
6.18249
6.18373
6.18497
6.18621
6.18745
6.1887
6.18994
6.19119
6.19243
6.19368
6.19492
6.19617
6.19742
6.19866
6.19991
6.20116
6.20241
6.20366
6.20491
6.20616
6.20741
6.20867
6.20992
6.21117
6.21243
6.21368
6.21494
6.21619
6.21745
6.21871
6.21997
6.22123
6.22249
6.22375
6.22501
6.22627
6.22753
6.2288
6.23006
6.23133
6.23259
6.23386
6.23513
6.2364
6.23767
6.23894
6.24021
6.24148
6.24276
6.24403
6.24531
6.24658
6.24786
6.24914
6.25042
6.25171
6.25299
6.25427
6.25556
6.25685
6.25814
6.25943
6.26072
6.26201
6.26331
6.26461
6.2659
6.2672
6.26851
6.26981
6.27111
6.27242
6.27373
6.27504
6.27635
6.27766
6.27898
6.2803
6.28161
6.28293
6.28426
6.28558
6.2869
6.28823
6.28956
6.29089
6.29222
6.29356
6.29489
6.29623
6.29757
6.29891
6.30026
6.3016
6.30295
6.3043
6.30566
6.30701
6.30837
6.30973
6.31109
6.31246
6.31383
6.3152
6.31657
6.31794
6.31932
6.3207
6.32209
6.32347
6.32486
6.32625
6.32764
6.32904
6.33044
6.33184
6.33324
6.33465
6.33606
6.33747
6.33888
6.3403
6.34172
6.34314
6.34456
6.34598
6.34741
6.34884
6.35027
6.35171
6.35314
6.35458
6.35602
6.35746
6.35891
6.36036
6.36181
6.36326
6.36471
6.36617
6.36762
6.36908
6.37053
6.37198
6.37343
6.37489
6.37634
6.37779
6.37924
6.38069
6.38215
6.3836
6.38505
6.3865
6.38794
6.38939
6.39084
6.39229
6.39373
6.39518
6.39662
6.39807
6.39951
6.40095
6.40239
6.40383
6.40527
6.4067
6.40814
6.40957
6.411
6.41243
6.41386
6.41528
6.4167
6.41812
6.41954
6.42095
6.42236
6.42376
6.42517
6.42657
6.42796
6.42935
6.43074
6.43213
6.43351
6.43489
6.43626
6.43763
6.439
6.44036
6.44172
6.44307
6.44442
6.44577
6.44711
6.44845
6.44979
6.45112
6.45245
6.45378
6.4551
6.45642
6.45773
6.45905
6.46036
6.46166
6.46296
6.46426
6.46556
6.46686
6.46815
6.46944
6.47072
6.47201
6.47329
6.47456
6.47584
6.4771
6.47837
6.47962
6.48088
6.48212
6.48337
6.4846
6.48584
6.48707
6.4883
6.48952
6.49074
6.49196
6.49317
6.49438
6.49559
6.49679
6.498
6.4992
6.50039
6.50159
6.50278
6.50397
6.50516
6.50635
6.50754
6.50872
6.5099
6.51108
6.51226
6.51344
6.51462
6.5158
6.51697
6.51814
6.51932
6.52049
6.52166
6.52283
6.524
6.52517
6.52634
6.52751
6.52867
6.52984
6.53101
6.53218
6.53334
6.53451
6.53568
6.53684
6.53801
6.53918
6.54034
6.54151
6.54268
6.54384
6.54501
6.54618
6.54734
6.54851
6.54968
6.55085
6.55201
6.55318
6.55435
6.55552
6.55668
6.55785
6.55902
6.56019
6.56136
6.56252
6.56369
6.56486
6.56603
6.56719
6.56836
6.56953
6.57069
6.57186
6.57303
6.57419
6.57536
6.57653
6.57769
6.57886
6.58002
6.58119
6.58236
6.58352
6.58469
6.58585
6.58702
6.58818
6.58935
6.59051
6.59167
6.59284
6.594
6.59517
6.59633
6.5975
6.59866
6.59983
6.60099
6.60215
6.60332
6.60448
6.60565
6.60681
6.60798
6.60914
6.61031
6.61147
6.61264
6.6138
6.61497
6.61613
6.6173
6.61847
6.61963
6.6208
6.62197
6.62313
6.6243
6.62547
6.62664
6.62781
6.62898
6.63015
6.63132
6.63249
6.63366
6.63483
6.63601
6.63718
6.63836
6.63953
6.64071
6.64189
6.64306
6.64424
6.64542
6.6466
6.64779
6.64897
6.65015
6.65134
6.65252
6.65371
6.6549
6.65608
6.65727
6.65847
6.65966
6.66085
6.66205
6.66324
6.66444
6.66564
6.66683
6.66804
6.66924
6.67044
6.67164
6.67285
6.67406
6.67527
6.67648
6.67769
6.6789
6.68011
6.68133
6.68255
6.68377
6.68499
6.68621
6.68743
6.68866
6.68988
6.69111
6.69234
6.69357
6.6948
6.69604
6.69727
6.69851
6.69975
6.70099
6.70223
6.70348
6.70472
6.70597
6.70722
6.70847
6.70972
6.71097
6.71223
6.71348
6.71474
6.716
6.71726
6.71852
6.71978
6.72105
6.72232
6.72358
6.72485
6.72612
6.7274
6.72867
6.72994
6.73122
6.7325
6.73378
6.73506
6.73634
6.73762
6.73891
6.74019
6.74148
6.74277
6.74406
6.74535
6.74664
6.74793
6.74922
6.75052
6.75182
6.75311
6.75441
6.75571
6.75701
6.75831
6.75961
6.76092
6.76222
6.76353
6.76483
6.76614
6.76745
6.76875
6.77006
6.77138
6.77269
6.774
6.77531
6.77663
6.77794
6.77926
6.78057
6.78189
6.78321
6.78453
6.78585
6.78717
6.78849
6.78981
6.79114
6.79246
6.79379
6.79511
6.79644
6.79777
6.7991
6.80042
6.80175
6.80309
6.80442
6.80575
6.80708
6.80842
6.80975
6.81109
6.81242
6.81376
6.8151
6.81644
6.81778
6.81912
6.82046
6.8218
6.82315
6.82449
6.82583
6.82718
6.82853
6.82987
6.83122
6.83257
6.83392
6.83527
6.83663
6.83798
6.83933
6.84069
6.84204
6.8434
6.84476
6.84612
6.84748
6.84884
6.8502
6.85156
6.85293
6.85429
6.85566
6.85702
6.85839
6.85976
6.86113
6.8625
6.86387
6.86525
6.86662
6.868
6.86937
6.87075
6.87213
6.87351
6.87489
6.87628
6.87766
6.87905
6.88043
6.88182
6.88321
6.8846
6.88599
6.88739
6.88878
6.89018
6.89158
6.89298
6.89438
6.89578
6.89718
6.89859
6.9
6.90141
6.90282
6.90423
6.90564
6.90706
6.90848
6.90989
6.91132
6.91274
6.91416
6.91559
6.91702
6.91844
6.91987
6.92131
6.92274
6.92418
6.92562
6.92706
6.9285
6.92995
6.9314
6.93285
6.93431
6.93576
6.93722
6.93868
6.94015
6.94161
6.94308
6.94456
6.94603
6.94751
6.94899
6.95047
6.95196
6.95345
6.95494
6.95644
6.95794
6.95944
6.96094
6.96245
6.96395
6.96547
6.96698
6.9685
6.97002
6.97154
6.97306
6.97459
6.97612
6.97765
6.97919
6.98073
6.98227
6.98381
6.98536
6.98691
6.98846
6.99001
6.99157
6.99313
6.99469
6.99626
6.99782
6.99939
7.00096
7.00254
7.00411
7.00569
7.00728
7.00886
7.01044
7.01202
7.01359
7.01517
7.01674
7.01832
7.01989
7.02146
7.02303
7.0246
7.02617
7.02774
7.02931
7.03087
7.03244
7.03401
7.03557
7.03714
7.0387
7.04026
7.04182
7.04338
7.04494
7.0465
7.04806
7.04961
7.05117
7.05272
7.05426
7.05581
7.05735
7.05889
7.06043
7.06196
7.06349
7.06502
7.06654
7.06806
7.06957
7.07108
7.07259
7.07409
7.07559
7.07708
7.07857
7.08005
7.08153
7.08301
7.08448
7.08594
7.0874
7.08886
7.09032
7.09177
7.09321
7.09466
7.09609
7.09753
7.09896
7.10039
7.10181
7.10323
7.10465
7.10607
7.10748
7.10889
7.11029
7.1117
7.11309
7.11449
7.11588
7.11727
7.11866
7.12004
7.12142
7.1228
7.12417
7.12554
7.12691
7.12828
7.12964
7.131
7.13236
7.13371
7.13506
7.13641
7.13776
7.1391
7.14044
7.14178
7.14312
7.14445
7.14578
7.14711
7.14844
7.14976
7.15109
7.15241
7.15372
7.15504
7.15635
7.15766
7.15897
7.16028
7.16158
7.16289
7.16419
7.16548
7.16678
7.16808
7.16937
7.17066
7.17195
7.17324
7.17453
7.17581
7.1771
7.17838
7.17966
7.18094
7.18222
7.1835
7.18478
7.18605
7.18733
7.1886
7.18988
7.19115
7.19243
7.1937
7.19497
7.19624
7.19751
7.19878
7.20005
7.20132
7.20259
7.20386
7.20513
7.2064
7.20767
7.20894
7.21021
7.21148
7.21275
7.21401
7.21528
7.21655
7.21782
7.21909
7.22036
7.22163
7.2229
7.22417
7.22544
7.2267
7.22797
7.22923
7.23049
7.23175
7.233
7.23425
7.2355
7.23674
7.23798
7.23922
7.24046
7.2417
7.24294
7.24418
7.24541
7.24665
7.24788
7.24912
7.25036
7.25159
7.25283
7.25407
7.25531
7.25654
7.25778
7.25902
7.26026
7.2615
7.26274
7.26398
7.26522
7.26646
7.26771
7.26895
7.27019
7.27143
7.27268
7.27392
7.27517
7.27641
7.27765
7.2789
7.28015
7.28139
7.28264
7.28388
7.28513
7.28638
7.28763
7.28887
7.29012
7.29137
7.29262
7.29387
7.29512
7.29637
7.29762
7.29888
7.30013
7.30138
7.30263
7.30389
7.30514
7.3064
7.30766
7.30891
7.31017
7.31143
7.31269
7.31395
7.31521
7.31647
7.31773
7.31899
7.32026
7.32152
7.32279
7.32405
7.32532
7.32659
7.32786
7.32913
7.3304
7.33167
7.33294
7.33422
7.33549
7.33677
7.33805
7.33933
7.34061
7.34189
7.34317
7.34445
7.34574
7.34702
7.34831
7.3496
7.35089
7.35218
7.35347
7.35477
7.35606
7.35736
7.35866
7.35996
7.36126
7.36256
7.36387
7.36517
7.36648
7.36779
7.3691
7.37041
7.37172
7.37304
7.37436
7.37568
7.377
7.37832
7.37964
7.38097
7.38229
7.38362
7.38495
7.38628
7.38762
7.38895
7.39029
7.39163
7.39297
7.39431
7.39565
7.397
7.39834
7.39969
7.40104
7.40239
7.40375
7.4051
7.40646
7.40782
7.40918
7.41054
7.4119
7.41326
7.41463
7.416
7.41737
7.41874
7.42011
7.42148
7.42286
7.42424
7.42562
7.427
7.42838
7.42976
7.43114
7.43253
7.43392
7.43531
7.4367
7.43809
7.43948
7.44088
7.44227
7.44367
7.44507
7.44647
7.44787
7.44927
7.45068
7.45208
7.45349
7.4549
7.4563
7.45771
7.45913
7.46054
7.46195
7.46337
7.46478
7.4662
7.46762
7.46904
7.47046
7.47188
7.47331
7.47473
7.47616
7.47758
7.47901
7.48044
7.48187
7.4833
7.48473
7.48617
7.4876
7.48904
7.49047
7.49191
7.49335
7.49479
7.49623
7.49767
7.49911
7.50056
7.502
7.50345
7.5049
7.50635
7.5078
7.50925
7.5107
7.51215
7.51361
7.51507
7.51652
7.51798
7.51944
7.5209
7.52236
7.52383
7.52529
7.52676
7.52822
7.52969
7.53116
7.53263
7.53411
7.53558
7.53706
7.53853
7.54001
7.54149
7.54297
7.54446
7.54594
7.54743
7.54891
7.5504
7.55189
7.55339
7.55488
7.55638
7.55787
7.55937
7.56087
7.56238
7.56388
7.56539
7.5669
7.56841
7.56992
7.57143
7.57295
7.57447
7.57599
7.57751
7.57903
7.58056
7.58209
7.58362
7.58515
7.58669
7.58822
7.58976
7.5913
7.59285
7.59439
7.59594
7.59749
7.59905
7.6006
7.60216
7.60372
7.60528
7.60685
7.60841
7.60998
7.61156
7.61313
7.61471
7.61629
7.61787
7.61945
7.62104
7.62263
7.62422
7.62582
7.62742
7.62902
7.63062
7.63222
7.63383
7.63544
7.63705
7.63867
7.64029
7.64191
7.64353
7.64516
7.64679
7.64842
7.65005
7.65169
7.65333
7.65497
7.65661
7.65826
7.65991
7.66156
7.66322
7.66487
7.66653
7.66819
7.66986
7.67152
7.67319
7.67486
7.67654
7.67821
7.67989
7.68157
7.68326
7.68495
7.68664
7.68833
7.69002
7.69172
7.69342
7.69513
7.69684
7.69855
7.70026
7.70198
7.70369
7.70542
7.70714
7.70887
7.7106
7.71233
7.71407
7.71581
7.71755
7.7193
7.72104
7.72279
7.72454
7.7263
7.72806
7.72982
7.73158
7.73335
7.73511
7.73688
7.73866
7.74043
7.74219
7.74395
7.74571
7.74747
7.74923
7.75099
7.75275
7.75451
7.75627
7.75803
7.75979
7.76155
7.76332
7.76508
7.76685
7.76861
7.77038
7.77214
7.77391
7.77567
7.77744
7.7792
7.78096
7.78272
7.78448
7.78624
7.788
7.78975
7.7915
7.79325
7.795
7.79674
7.79848
7.80021
7.80194
7.80367
7.80539
7.80711
7.80882
7.81053
7.81223
7.81393
7.81563
7.81732
7.819
7.82068
7.82236
7.82403
7.82569
7.82735
7.82901
7.83066
7.83231
7.83395
7.83559
7.83723
7.83886
7.84048
7.84211
7.84372
7.84534
7.84695
7.84856
7.85016
7.85176
7.85335
7.85494
7.85653
7.85811
7.85969
7.86127
7.86284
7.86441
7.86597
7.86754
7.8691
7.87065
7.8722
7.87374
7.87529
7.87683
7.87836
7.87989
7.88142
7.88295
7.88447
7.88599
7.88751
7.88902
7.89053
7.89204
7.89355
7.89505
7.89655
7.89804
7.89954
7.90103
7.90252
7.904
7.90549
7.90697
7.90845
7.90992
7.91139
7.91286
7.91433
7.9158
7.91726
7.91872
7.92018
7.92163
7.92308
7.92453
7.92598
7.92743
7.92887
7.93031
7.93175
7.93319
7.93462
7.93605
7.93748
7.93891
7.94033
7.94176
7.94318
7.9446
7.94601
7.94743
7.94884
7.95025
7.95166
7.95307
7.95447
7.95588
7.95728
7.95868
7.96008
7.96148
7.96287
7.96427
7.96566
7.96705
7.96844
7.96983
7.97122
7.97261
7.97399
7.97538
7.97676
7.97814
7.97952
7.9809
7.98228
7.98366
7.98504
7.98642
7.9878
7.98918
7.99055
7.99193
7.9933
7.99468
7.99605
7.99743
7.9988
8.00018
8.00155
8.00293
8.0043
8.00567
8.00704
8.00842
8.00979
8.01116
8.01253
8.01391
8.01528
8.01665
8.01802
8.01939
8.02075
8.0221
8.02345
8.02479
8.02612
8.02746
8.02879
8.03011
8.03144
8.03276
8.03409
8.03541
8.03673
8.03805
8.03937
8.04069
8.04201
8.04332
8.04464
8.04596
8.04727
8.04858
8.04989
8.05121
8.05252
8.05383
8.05514
8.05644
8.05775
8.05906
8.06037
8.06168
8.06299
8.0643
8.06561
8.06692
8.06823
8.06954
8.07085
8.07216
8.07348
8.07479
8.0761
8.07741
8.07872
8.08003
8.08134
8.08265
8.08397
8.08528
8.08659
8.0879
8.08921
8.09052
8.09184
8.09315
8.09446
8.09577
8.09708
8.09839
8.09971
8.10102
8.10233
8.10364
8.10495
8.10627
8.10758
8.10889
8.1102
8.11152
8.11283
8.11414
8.11545
8.11677
8.11808
8.11939
8.12071
8.12202
8.12334
8.12465
8.12596
8.12728
8.12859
8.12991
8.13123
8.13254
8.13386
8.13518
8.13649
8.13781
8.13913
8.14045
8.14177
8.14308
8.14441
8.14573
8.14705
8.14837
8.14969
8.15102
8.15234
8.15367
8.155
8.15632
8.15765
8.15898
8.16031
8.16164
8.16298
8.16431
8.16564
8.16698
8.16831
8.16965
8.17099
8.17233
8.17367
8.17501
8.17635
8.1777
8.17904
8.18039
8.18173
8.18308
8.18443
8.18578
8.18713
8.18848
8.18983
8.19119
8.19255
8.1939
8.19526
8.19662
8.19798
8.19934
8.2007
8.20207
8.20343
8.2048
8.20617
8.20753
8.2089
8.21027
8.21165
8.21302
8.21439
8.21577
8.21715
8.21853
8.21991
8.22129
8.22267
8.22405
8.22544
8.22682
8.22821
8.2296
8.23099
8.23238
8.23378
8.23517
8.23657
8.23796
8.23936
8.24076
8.24216
8.24357
8.24497
8.24638
8.24778
8.24919
8.2506
8.25201
8.25343
8.25484
8.25626
8.25768
8.2591
8.26052
8.26194
8.26337
8.26479
8.26622
8.26765
8.26908
8.27052
8.27195
8.27339
8.27483
8.27627
8.27771
8.27916
8.2806
8.28205
8.2835
8.28496
8.28641
8.28787
8.28933
8.29079
8.29225
8.29372
8.29519
8.29666
8.29813
8.2996
8.30108
8.30256
8.30404
8.30552
8.30701
8.3085
8.30999
8.31149
8.31298
8.31448
8.31598
8.31749
8.319
8.32051
8.32202
8.32353
8.32505
8.32657
8.3281
8.32963
8.33116
8.33269
8.33423
8.33576
8.33731
8.33885
8.3404
8.34195
8.34351
8.34507
8.34663
8.3482
8.34977
8.35134
8.35291
8.35449
8.35608
8.35766
8.35925
8.36085
8.36245
8.36405
8.36565
8.36726
8.36887
8.37049
8.37211
8.37374
8.37536
8.377
8.37863
8.38027
8.38192
8.38357
8.38522
8.38688
8.38854
8.3902
8.39187
8.39355
8.39523
8.39691
8.3986
8.40029
8.40198
8.40368
8.40539
8.4071
8.40881
8.41053
8.41225
8.41398
8.41571
8.41744
8.41918
8.42092
8.42267
8.42443
8.42618
8.42794
8.42971
8.43148
8.43326
8.43503
8.43682
8.43861
8.4404
8.44219
8.44399
8.4458
8.44761
8.44942
8.45124
8.45306
8.45489
8.45672
8.45855
8.46039
8.46223
8.46408
8.46593
8.46778
8.46964
8.4715
8.47337
8.47524
8.47711
8.47899
8.48087
8.48276
8.48465
8.48654
8.48844
8.49034
8.49225
8.49416
8.49607
8.49799
8.49991
8.50183
8.50376
8.50569
8.50762
8.50956
8.5115
8.51345
8.51539
8.51735
8.5193
8.52126
8.52322
8.52518
8.52715
8.52912
8.5311
8.53308
8.53506
8.53704
8.53903
8.54102
8.54301
8.54501
8.54701
8.54901
8.55101
8.55302
8.55503
8.55705
8.55906
8.56108
8.56311
8.56513
8.56715
8.56918
8.57121
8.57325
8.57528
8.57732
8.57935
8.58137
8.58338
8.58539
8.58739
8.5894
8.5914
8.5934
8.5954
8.59741
8.59941
8.60142
8.60343
8.60544
8.60745
8.60947
8.61149
8.61351
8.61553
8.61755
8.61958
8.6216
8.62362
8.62565
8.62767
8.62969
8.63171
8.63373
8.63575
8.63776
8.63978
8.64179
8.6438
8.64581
8.64781
8.64981
8.65181
8.6538
8.65579
8.65778
8.65976
8.66174
8.66371
8.66569
8.66765
8.66961
8.67157
8.67353
8.67548
8.67742
8.67936
8.68129
8.68322
8.68515
8.68706
8.68898
8.69088
8.69278
8.69468
8.69657
8.69845
8.70033
8.7022
8.70407
8.70592
8.70778
8.70962
8.71146
8.7133
8.71513
8.71695
8.71876
8.72057
8.72238
8.72417
8.72597
8.72775
8.72953
8.7313
8.73307
8.73483
8.73659
8.73834
8.74009
8.74183
8.74356
8.74529
8.74701
8.74873
8.75044
8.75214
8.75384
8.75553
8.75722
8.7589
8.76058
8.76225
8.76391
8.76557
8.76723
8.76888
8.77052
8.77216
8.7738
8.77543
8.77706
8.77868
8.78029
8.7819
8.78351
8.78511
8.78671
8.7883
8.78989
8.79147
8.79305
8.79463
8.79619
8.79776
8.79932
8.80087
8.80243
8.80397
8.80551
8.80705
8.80859
8.81011
8.81164
8.81316
8.81467
8.81619
8.81769
8.8192
8.8207
8.82219
8.82368
8.82517
8.82665
8.82813
8.82961
8.83108
8.83255
8.83401
8.83547
8.83693
8.83838
8.83983
8.84128
8.84272
8.84416
8.8456
8.84703
8.84846
8.84988
8.85131
8.85273
8.85414
8.85555
8.85696
8.85837
8.85977
8.86117
8.86257
8.86396
8.86535
8.86674
8.86813
8.86951
8.87089
8.87227
8.87364
8.87501
8.87638
8.87774
8.87911
8.88047
8.88182
8.88318
8.88453
8.88588
8.88722
8.88857
8.88991
8.89125
8.89258
8.89392
8.89525
8.89658
8.8979
8.89922
8.90055
8.90186
8.90318
8.90449
8.9058
8.90711
8.90842
8.90973
8.91103
8.91233
8.91363
8.91492
8.91622
8.91751
8.9188
8.92009
8.92138
8.92267
8.92396
8.92525
8.92653
8.92781
8.9291
8.93038
8.93166
8.93295
8.93423
8.93551
8.93679
8.93807
8.93935
8.94064
8.94192
8.9432
8.94448
8.94577
8.94705
8.94834
8.94962
8.95091
8.95219
8.95348
8.95477
8.95606
8.95735
8.95863
8.95992
8.9612
8.96249
8.96377
8.96505
8.96634
8.96763
8.96892
8.97021
8.9715
8.9728
8.97409
8.97539
8.97668
8.97798
8.97928
8.98059
8.98189
8.9832
8.9845
8.98581
8.98712
8.98843
8.98974
8.99106
8.99237
8.99369
8.99501
8.99633
8.99765
8.99897
9.0003
9.00162
9.00295
9.00428
9.00561
9.00695
9.00828
9.00962
9.01096
9.0123
9.01364
9.01499
9.01633
9.01768
9.01903
9.02038
9.02174
9.02309
9.02445
9.02581
9.02718
9.02854
9.02991
9.03127
9.03265
9.03402
9.03539
9.03677
9.03815
9.03953
9.04091
9.0423
9.04369
9.04508
9.04647
9.04786
9.04926
9.05066
9.05206
9.05346
9.05486
9.05626
9.05767
9.05908
9.06048
9.06189
9.0633
9.06472
9.06613
9.06754
9.06896
9.07037
9.07179
9.0732
9.07462
9.07603
9.07745
9.07887
9.08028
9.0817
9.08312
9.08453
9.08595
9.08736
9.08878
9.09019
9.0916
9.09302
9.09443
9.09584
9.09725
9.09866
9.10007
9.10147
9.10287
9.10426
9.10564
9.10702
9.1084
9.10977
9.11114
9.11251
9.11388
9.11524
9.1166
9.11796
9.11932
9.12068
9.12203
9.12339
9.12474
9.12609
9.12744
9.12879
9.13013
9.13148
9.13282
9.13416
9.1355
9.13684
9.13817
9.13951
9.14084
9.14217
9.1435
9.14483
9.14615
9.14748
9.1488
9.15012
9.15144
9.15276
9.15407
9.15539
9.1567
9.15801
9.15932
9.16062
9.16193
9.16323
9.16454
9.16584
9.16713
9.16843
9.16973
9.17102
9.17231
9.17361
9.1749
9.17618
9.17747
9.17876
9.18004
9.18133
9.18261
9.18389
9.18517
9.18645
9.18773
9.189
9.19028
9.19155
9.19282
9.1941
9.19537
9.19664
9.1979
9.19917
9.20044
9.20171
9.20297
9.20424
9.2055
9.20677
9.20803
9.2093
9.21056
9.21182
9.21309
9.21435
9.21561
9.21688
9.21814
9.2194
9.22067
9.22193
9.2232
9.22447
9.22573
9.227
9.22827
9.22954
9.23081
9.23208
9.23335
9.23463
9.2359
9.23718
9.23846
9.23974
9.24102
9.2423
9.24359
9.24487
9.24616
9.24745
9.24875
9.25004
9.25134
9.25264
9.25394
9.25524
9.25655
9.25785
9.25916
9.26048
9.26179
9.26311
9.26443
9.26576
9.26708
9.26841
9.26975
9.27108
9.27242
9.27376
9.2751
9.27645
9.2778
9.27915
9.28051
9.28187
9.28323
9.2846
9.28596
9.28733
9.28871
9.29008
9.29146
9.29284
9.29422
9.29561
9.297
9.29839
9.29978
9.30117
9.30256
9.30396
9.30536
9.30676
9.30815
9.30955
9.31095
9.31236
9.31377
9.31518
9.3166
9.31803
9.31946
9.32089
9.32232
9.32376
9.3252
9.32665
9.3281
9.32955
9.331
9.33245
9.3339
9.33535
9.3368
9.33825
9.33971
9.34116
9.34262
9.34408
9.34554
9.34701
9.34848
9.34995
9.35143
9.3529
9.35438
9.35587
9.35735
9.35883
9.36032
9.36181
9.36329
9.36478
9.36626
9.36774
9.36923
9.37071
9.37219
9.37367
9.37514
9.37662
9.37809
9.37955
9.38102
9.38248
9.38393
9.38538
9.38683
9.38828
9.38972
9.39115
9.39258
9.39401
9.39544
9.39686
9.39827
9.39968
9.40109
9.4025
9.4039
9.40529
9.40669
9.40808
9.40946
9.41085
9.41223
9.41361
9.41498
9.41636
9.41773
9.41909
9.42046
9.42182
9.42318
9.42454
9.4259
9.42725
9.4286
9.42995
9.4313
9.43264
9.43399
9.43533
9.43667
9.43801
9.43935
9.44068
9.44201
9.44334
9.44467
9.446
9.44733
9.44865
9.44998
9.4513
9.45262
9.45393
9.45525
9.45656
9.45788
9.45919
9.4605
9.4618
9.46311
9.46441
9.46572
9.46702
9.46832
9.46962
9.47091
9.47221
9.4735
9.47479
9.47608
9.47737
9.47866
9.47994
9.48123
9.48251
9.48379
9.48507
9.48635
9.48762
9.4889
9.49017
9.49145
9.49272
9.49398
9.49525
9.49652
9.49778
9.49904
9.50031
9.50157
9.50282
9.50408
9.50534
9.50659
9.50784
9.5091
9.51035
9.51159
9.51284
9.51409
9.51533
9.51657
9.51782
9.51906
9.52029
9.52153
9.52277
9.524
9.52524
9.52647
9.5277
9.52893
9.53015
9.53138
9.5326
9.53383
9.53505
9.53627
9.53749
9.53871
9.53992
9.54113
9.54234
9.54354
9.54473
9.54591
9.54709
9.54827
9.54944
9.55061
9.55178
9.55295
9.55411
9.55527
9.55643
9.55759
9.55874
9.5599
9.56105
9.5622
9.56335
9.56449
9.56564
9.56678
9.56793
9.56907
9.57021
9.57135
9.5725
9.57364
9.57478
9.57592
9.57706
9.57821
9.57935
9.58049
9.58164
9.58278
9.58393
9.58507
9.58622
9.58736
9.58851
9.58965
9.5908
9.59195
9.59309
9.59424
9.59539
9.59654
9.59769
9.59883
9.59998
9.60113
9.60228
9.60343
9.60458
9.60574
9.60689
9.60804
9.60919
9.61035
9.6115
9.61265
9.61381
9.61496
9.61612
9.61728
9.61844
9.6196
9.62075
9.62192
9.62308
9.62424
9.6254
9.62657
9.62773
9.6289
9.63006
9.63123
9.6324
9.63357
9.63474
9.63591
9.63709
9.63826
9.63944
9.64061
9.64179
9.64297
9.64415
9.64533
9.64651
9.6477
9.64888
9.65007
9.65126
9.65244
9.65364
9.65483
9.65602
9.65722
9.65841
9.65961
9.66081
9.66201
9.66321
9.66442
9.66562
9.66683
9.66804
9.66925
9.67046
9.67167
9.67289
9.6741
9.67532
9.67654
9.67777
9.67899
9.68022
9.68144
9.68267
9.6839
9.68514
9.68637
9.68761
9.68885
9.69009
9.69133
9.69257
9.69382
9.69507
9.69632
9.69757
9.69882
9.70008
9.70134
9.7026
9.70386
9.70512
9.70639
9.70766
9.70893
9.7102
9.71147
9.71275
9.71403
9.71531
9.71659
9.71787
9.71916
9.72045
9.72174
9.72303
9.72432
9.72562
9.72692
9.72822
9.72952
9.73082
9.73213
9.73344
9.73475
9.73606
9.73738
9.73869
9.74001
9.74133
9.74265
9.74398
9.7453
9.74663
9.74796
9.74929
9.75063
9.75196
9.7533
9.75464
9.75598
9.75732
9.75867
9.76002
9.76136
9.76271
9.76407
9.76542
9.76678
9.76813
9.76949
9.77085
9.77221
9.77358
9.77494
9.77631
9.77768
9.77905
9.78042
9.7818
9.78317
9.78455
9.78593
9.7873
9.78869
9.79007
9.79145
9.79284
9.79423
9.79562
9.79701
9.7984
9.79979
9.80119
9.80258
9.80398
9.80538
9.80678
9.80818
9.80959
9.81099
9.8124
9.81381
9.81522
9.81663
9.81804
9.81946
9.82088
9.82229
9.82371
9.82513
9.82656
9.82798
9.82941
9.83083
9.83226
9.83369
9.83512
9.83656
9.83799
9.83943
9.84087
9.84231
9.84375
9.84519
9.84663
9.84808
9.84953
9.85098
9.85243
9.85388
9.85534
9.85679
9.85825
9.85971
9.86117
9.86263
9.86409
9.86556
9.86703
9.8685
9.86997
9.87144
9.87291
9.87439
9.87587
9.87735
9.87883
9.88031
9.88179
9.88328
9.88476
9.88625
9.88774
9.88924
9.89073
9.89223
9.89372
9.89522
9.89672
9.89822
9.89973
9.90123
9.90274
9.90425
9.90576
9.90727
9.90879
9.9103
9.91182
9.91334
9.91486
9.91638
9.91791
9.91943
9.92096
9.92249
9.92402
9.92555
9.92709
9.92863
9.93016
9.9317
9.93324
9.93479
9.93633
9.93788
9.93943
9.94098
9.94253
9.94408
9.94564
9.94719
9.94875
9.95031
9.95188
9.95344
9.95501
9.95657
9.95814
9.95971
9.96129
9.96286
9.96444
9.96601
9.96759
9.96917
9.97076
9.97234
9.97393
9.97552
9.97711
9.9787
9.98029
9.98189
9.98348
9.98508
9.98668
9.98828
9.98988
9.99148
9.99309
9.9947
9.99631
9.99792
9.99954
10.0012
10.0028
10.0044
10.006
10.0077
10.0093
10.0109
10.0126
10.0142
10.0159
10.0175
10.0192
10.0208
10.0225
10.0241
10.0258
10.0275
10.0291
10.0308
10.0325
10.0342
10.0358
10.0375
10.0392
10.0409
10.0426
10.0443
10.046
10.0477
10.0494
10.0511
10.0528
10.0545
10.0562
10.0579
10.0596
10.0614
10.0631
10.0648
10.0666
10.0683
10.07
10.0718
10.0735
10.0752
10.077
10.0787
10.0805
10.0822
10.084
10.0858
10.0875
10.0893
10.091
10.0928
10.0946
10.0963
10.0981
10.0999
10.1016
10.1034
10.1052
10.107
10.1087
10.1105
10.1123
10.1141
10.1159
10.1176
10.1194
10.1212
10.123
10.1248
10.1265
10.1283
10.1301
10.1319
10.1337
10.1355
10.1372
10.139
10.1408
10.1426
10.1444
10.1462
10.1479
10.1497
10.1515
10.1533
10.1551
10.1569
10.1587
10.1604
10.1622
10.164
10.1657
10.1675
10.1692
10.171
10.1727
10.1745
10.1762
10.1779
10.1797
10.1814
10.1831
10.1848
10.1865
10.1883
10.19
10.1917
10.1934
10.1951
10.1968
10.1985
10.2002
10.2019
10.2037
10.2054
10.2071
10.2088
10.2105
10.2122
10.2139
10.2156
10.2173
10.2189
10.2206
10.2223
10.224
10.2257
10.2274
10.2291
10.2307
10.2324
10.2341
10.2358
10.2375
10.2391
10.2408
10.2425
10.2442
10.2458
10.2475
10.2492
10.2509
10.2525
10.2542
10.2559
10.2575
10.2592
10.2609
10.2626
10.2642
10.2659
10.2676
10.2692
10.2709
10.2726
10.2742
10.2759
10.2775
10.2792
10.2809
10.2825
10.2842
10.2859
10.2875
10.2892
10.2909
10.2925
10.2942
10.2959
10.2975
10.2992
10.3008
10.3025
10.3042
10.3058
10.3075
10.3092
10.3108
10.3125
10.3142
10.3159
10.3175
10.3192
10.3209
10.3225
10.3242
10.3259
10.3276
10.3292
10.3309
10.3326
10.3343
10.3359
10.3376
10.3393
10.341
10.3427
10.3444
10.3461
10.3478
10.3494
10.3511
10.3528
10.3545
10.3562
10.3579
10.3596
10.3614
10.3631
10.3648
10.3665
10.3682
10.3699
10.3716
10.3734
10.3751
10.3768
10.3786
10.3803
10.382
10.3838
10.3855
10.3872
10.389
10.3907
10.3925
10.3942
10.396
10.3978
10.3995
10.4013
10.4031
10.4048
10.4066
10.4084
10.4102
10.4119
10.4137
10.4155
10.4173
10.4191
10.4209
10.4227
10.4245
10.4263
10.4281
10.4299
10.4317
10.4335
10.4353
10.4372
10.439
10.4408
10.4426
10.4445
10.4463
10.4481
10.45
10.4518
10.4536
10.4555
10.4573
10.4592
10.461
10.4628
10.4647
10.4665
10.4684
10.4702
10.4721
10.4739
10.4758
10.4777
10.4795
10.4814
10.4832
10.4851
10.4869
10.4888
10.4907
10.4925
10.4944
10.4963
10.4981
10.5
10.5019
10.5037
10.5056
10.5075
10.5093
10.5112
10.513
10.5149
10.5167
10.5185
10.5203
10.5222
10.524
10.5258
10.5276
10.5295
10.5313
10.5331
10.5349
10.5367
10.5385
10.5404
10.5422
10.544
10.5458
10.5476
10.5494
10.5512
10.553
10.5548
10.5567
10.5585
10.5603
10.5621
10.5639
10.5657
10.5675
10.5693
10.5711
10.5729
10.5748
10.5766
10.5784
10.5802
10.582
10.5838
10.5856
10.5874
10.5892
10.5911
10.5929
10.5947
10.5965
10.5983
10.6001
10.6019
10.6037
10.6056
10.6074
10.6092
10.611
10.6128
10.6146
10.6164
10.6182
10.6201
10.6219
10.6237
10.6255
10.6273
10.6291
10.6309
10.6328
10.6346
10.6364
10.6382
10.64
10.6418
10.6436
10.6455
10.6473
10.6491
10.6509
10.6527
10.6545
10.6563
10.6582
10.66
10.6618
10.6636
10.6654
10.6672
10.6691
10.6709
10.6727
10.6745
10.6763
10.6781
10.68
10.6818
10.6836
10.6854
10.6872
10.689
10.6909
10.6927
10.6945
10.6963
10.6981
10.6999
10.7018
10.7036
10.7054
10.7072
10.709
10.7108
10.7127
10.7145
10.7163
10.7181
10.7199
10.7217
10.7236
10.7254
10.7272
10.729
10.7308
10.7327
10.7345
10.7363
10.7381
10.7399
10.7418
10.7436
10.7454
10.7472
10.749
10.7509
10.7527
10.7545
10.7563
10.7582
10.76
10.7618
10.7636
10.7655
10.7673
10.7691
10.7709
10.7728
10.7746
10.7764
10.7783
10.7801
10.7819
10.7837
10.7856
10.7874
10.7892
10.7911
10.7929
10.7947
10.7966
10.7984
10.8003
10.8021
10.8039
10.8058
10.8076
10.8095
10.8113
10.8131
10.815
10.8168
10.8187
10.8205
10.8224
10.8242
10.8261
10.8279
10.8298
10.8316
10.8335
10.8353
10.8372
10.8391
10.8409
10.8428
10.8447
10.8465
10.8484
10.8503
10.8521
10.854
10.8559
10.8578
10.8596
10.8615
10.8634
10.8653
10.8671
10.869
10.8709
10.8727
10.8746
10.8765
10.8783
10.8802
10.8821
10.8839
10.8858
10.8877
10.8895
10.8914
10.8933
10.8951
10.897
10.8989
10.9008
10.9026
10.9045
10.9064
10.9082
10.9101
10.9119
10.9138
10.9157
10.9175
10.9194
10.9212
10.9231
10.9249
10.9267
10.9286
10.9304
10.9322
10.9341
10.9359
10.9377
10.9395
10.9413
10.9431
10.9449
10.9467
10.9485
10.9503
10.9521
10.9539
10.9557
10.9574
10.9592
10.961
10.9627
10.9645
10.9662
10.9679
10.9697
10.9714
10.9731
10.9749
10.9766
10.9783
10.98
10.9817
10.9834
10.9851
10.9868
10.9884
10.9901
10.9918
10.9935
10.9951
10.9968
10.9984
11.0001
11.0017
11.0034
11.005
11.0067
11.0083
11.0099
11.0115
11.0131
11.0148
11.0164
11.018
11.0196
11.0212
11.0228
11.0243
11.0259
11.0275
11.0291
11.0306
11.0322
11.0338
11.0353
11.0369
11.0384
11.04
11.0415
11.0431
11.0446
11.0461
11.0476
11.0492
11.0507
11.0522
11.0537
11.0552
11.0567
11.0582
11.0597
11.0612
11.0627
11.0642
11.0657
11.0671
11.0686
11.0701
11.0715
11.073
11.0745
11.0759
11.0773
11.0788
11.0802
11.0817
11.0831
11.0845
11.0859
11.0873
11.0887
11.0901
11.0915
11.0929
11.0943
11.0957
11.0971
11.0985
11.0999
11.1012
11.1026
11.104
11.1053
11.1067
11.108
11.1094
11.1107
11.1121
11.1134
11.1147
11.1161
11.1174
11.1187
11.12
11.1214
11.1227
11.124
11.1253
11.1266
11.1279
11.1292
11.1305
11.1318
11.1331
11.1343
11.1356
11.1369
11.1382
11.1395
11.1407
11.142
11.1433
11.1446
11.1458
11.1471
11.1483
11.1496
11.1509
11.1521
11.1534
11.1546
11.1559
11.1572
11.1584
11.1597
11.1609
11.1622
11.1634
11.1646
11.1659
11.1671
11.1684
11.1696
11.1709
11.1721
11.1734
11.1746
11.1759
11.1771
11.1784
11.1796
11.1809
11.1821
11.1834
11.1846
11.1859
11.1871
11.1884
11.1896
11.1909
11.1921
11.1934
11.1946
11.1959
11.1971
11.1984
11.1996
11.2009
11.2021
11.2033
11.2046
11.2058
11.2071
11.2083
11.2096
11.2108
11.2121
11.2133
11.2146
11.2158
11.2171
11.2183
11.2195
11.2208
11.222
11.2233
11.2245
11.2258
11.227
11.2282
11.2295
11.2307
11.232
11.2332
11.2345
11.2357
11.2369
11.2382
11.2394
11.2407
11.2419
11.2431
11.2444
11.2456
11.2468
11.2481
11.2493
11.2505
11.2518
11.253
11.2542
