distance
0
-1.08216e-07
-4.10136e-07
-7.64601e-07
-1.28871e-06
-1.94394e-06
-2.80363e-06
-3.82713e-06
-5.08728e-06
-6.54542e-06
-8.27056e-06
-1.02259e-05
-1.24749e-05
-1.49834e-05
-1.78089e-05
-2.09308e-05
-2.44041e-05
-2.82071e-05
-3.23847e-05
-3.69201e-05
-4.18495e-05
-4.71271e-05
-5.28469e-05
-5.90395e-05
-6.57704e-05
-7.3045e-05
-8.09133e-05
-8.93567e-05
-9.84367e-05
-0.00010817
-0.000118595
-0.000129704
-0.000141542
-0.000154074
-0.000167181
-0.000180734
-0.000194479
-0.000208614
-0.000222997
-0.000237387
-0.000252087
-0.000266893
-0.000281595
-0.000296363
-1.47653e-05
-2.9378e-05
-4.41084e-05
-5.87433e-05
-7.31652e-05
-8.76323e-05
-0.000101995
-0.000116084
-0.000129708
-0.000143305
-0.000156658
-0.000169631
-0.000181982
-0.000194282
-0.000206285
-0.000217782
-0.000228979
-0.000240273
-0.000251274
-0.000261703
-0.000271346
-0.000281024
-0.000290332
-0.000299052
-0.000306835
-0.000313623
-0.000319697
-0.000325443
-0.00033043
-0.000334392
-0.000337493
-0.000339435
-0.000340648
-0.000340765
-0.00033995
-0.000337938
-0.00033433
-0.000328866
-0.000322013
-0.00031353
-0.000303166
-0.000290706
-0.000276555
-0.000260444
-0.00024218
-0.00022149
-0.000198788
-0.000173919
-0.000146531
-0.00011636
-8.39155e-05
-4.89248e-05
-1.10349e-05
2.99858e-05
7.36888e-05
0.00012032
0.000170136
0.000223448
0.000279907
0.000339754
0.00040324
0.000470642
0.000541433
0.000615843
0.00069418
0.000776688
0.000863049
0.000953451
0.00104813
0.00114638
0.00124851
0.00135465
0.00146417
0.00157724
0.00169408
0.00181404
0.00193726
0.00206384
0.00219329
0.00232565
0.00246098
0.00259878
0.00273919
0.00288217
0.00302732
0.00317463
0.00332169
0.00346963
0.00361983
0.00377164
0.00392466
0.00407892
0.00423455
0.00439137
0.00454965
0.00470952
0.00487094
0.00503413
0.00519944
0.00536702
0.00553681
0.00570899
0.00588387
0.00606155
0.00624209
0.00642563
0.00661241
0.00680237
0.00699543
0.00719156
0.00739086
0.00759322
0.00779857
0.00800692
0.00821838
0.00843298
0.00865063
0.00887134
0.00909522
0.00932225
0.00955233
0.00978548
0.0100219
0.0102614
0.0105041
0.0107498
0.0109987
0.0112508
0.0115061
0.0117645
0.012026
0.0122908
0.0125589
0.0128301
0.0131045
0.0133823
0.0136635
0.013948
0.0142359
0.0145273
0.0148222
0.0151206
0.0154226
0.0157282
0.0160374
0.0163505
0.0166673
0.016988
0.0173125
0.0176409
0.0179732
0.0183095
0.0186498
0.0189941
0.0193425
0.019695
0.0200516
0.0204123
0.0207772
0.0211462
0.0215195
0.021897
0.0222787
0.0226646
0.0230549
0.0234494
0.0238482
0.0242512
0.0246586
0.0250702
0.0254861
0.0259063
0.0263308
0.0267596
0.0271926
0.0276299
0.0280715
0.0285173
0.0289674
0.0294217
0.0298803
0.0303431
0.0308101
0.0312814
0.0317568
0.0322365
0.0327204
0.0332084
0.0337007
0.0341972
0.034698
0.035203
0.0357122
0.0362257
0.0367434
0.0372654
0.0377917
0.0383223
0.0388571
0.0393963
0.0399397
0.0404874
0.0410393
0.0415956
0.0421561
0.0427208
0.0432898
0.043863
0.0444405
0.0450221
0.045608
0.0461981
0.0467924
0.0473908
0.0479934
0.0486001
0.0492109
0.0498257
0.0504445
0.0510672
0.0516938
0.0523243
0.0529588
0.053597
0.054239
0.0548847
0.0555342
0.0561873
0.0568442
0.0575046
0.0581685
0.058836
0.059507
0.0601812
0.0608587
0.0615396
0.0622238
0.062911
0.0636014
0.0642946
0.0649907
0.0656897
0.0663914
0.0670956
0.0678025
0.0685117
0.0692233
0.069937
0.0706528
0.0713706
0.0720903
0.0728117
0.0735348
0.0742596
0.0749861
0.075714
0.0764434
0.0771743
0.0779066
0.07864
0.0793748
0.0801108
0.0808481
0.0815864
0.0823258
0.0830663
0.0838078
0.0845502
0.0852935
0.0860377
0.0867828
0.0875287
0.0882753
0.0890227
0.0897708
0.0905197
0.0912691
0.0920193
0.0927697
0.0935176
0.0942604
0.094997
0.095727
0.0964513
0.097171
0.0978873
0.098601
0.0993127
0.100023
0.100732
0.101439
0.102146
0.102852
0.103557
0.104262
0.104966
0.105671
0.106377
0.107083
0.107791
0.108499
0.109209
0.10992
0.110633
0.111346
0.112062
0.112778
0.113496
0.114215
0.114936
0.115658
0.116381
0.117105
0.117831
0.118558
0.119286
0.120016
0.120746
0.121478
0.122211
0.122945
0.12368
0.124416
0.125153
0.125891
0.126631
0.127371
0.128112
0.128854
0.129597
0.130341
0.131086
0.131832
0.132579
0.133326
0.134074
0.134823
0.135573
0.136324
0.137076
0.137828
0.138581
0.139334
0.140089
0.140844
0.1416
0.142357
0.143114
0.143872
0.144631
0.14539
0.14615
0.146911
0.147673
0.148435
0.149198
0.149962
0.150726
0.151492
0.152258
0.153024
0.153792
0.15456
0.155329
0.156098
0.156869
0.15764
0.158412
0.159185
0.159959
0.160733
0.161509
0.162285
0.163062
0.16384
0.164619
0.165399
0.166179
0.166961
0.167743
0.168527
0.169311
0.170096
0.170882
0.171669
0.172457
0.173246
0.174037
0.174828
0.17562
0.176413
0.177207
0.178003
0.178799
0.179597
0.180396
0.181195
0.181996
0.182799
0.183602
0.184407
0.185213
0.18602
0.186828
0.187638
0.188449
0.189262
0.190076
0.190891
0.191707
0.192525
0.193345
0.194166
0.194988
0.195812
0.196638
0.197465
0.198293
0.199123
0.199955
0.200789
0.201624
0.202461
0.2033
0.20414
0.204978
0.205815
0.206653
0.207485
0.208317
0.209151
0.209987
0.210826
0.211668
0.212514
0.213364
0.214217
0.215074
0.215936
0.216801
0.21767
0.218543
0.219421
0.220301
0.221186
0.222075
0.222967
0.223863
0.224763
0.225667
0.226575
0.227487
0.228403
0.229322
0.230245
0.231173
0.232104
0.233039
0.233978
0.23492
0.235866
0.236816
0.23777
0.238727
0.239688
0.240653
0.241622
0.242594
0.24357
0.244549
0.245532
0.246518
0.247508
0.248502
0.249499
0.2505
0.251504
0.252511
0.253522
0.254536
0.255553
0.256573
0.257596
0.258622
0.259652
0.260683
0.261718
0.262755
0.263795
0.264837
0.265882
0.266928
0.267977
0.269028
0.27008
0.271135
0.27219
0.273248
0.274307
0.275367
0.276428
0.27749
0.278553
0.279618
0.280682
0.281748
0.282813
0.28388
0.284946
0.286013
0.287079
0.288146
0.289212
0.290278
0.291344
0.292409
0.293474
0.294538
0.295601
0.296664
0.297725
0.298786
0.299845
0.300903
0.30196
0.303016
0.304071
0.305124
0.306175
0.307226
0.308274
0.309321
0.310367
0.311411
0.312453
0.313493
0.314531
0.315568
0.316603
0.317636
0.318667
0.319697
0.320724
0.32175
0.322775
0.323797
0.324818
0.325837
0.326855
0.327871
0.328885
0.329898
0.330909
0.331919
0.332927
0.333934
0.33494
0.335944
0.336947
0.337949
0.33895
0.339949
0.340948
0.341946
0.342943
0.343939
0.344935
0.34593
0.346925
0.347919
0.348913
0.349906
0.350899
0.351892
0.352885
0.353878
0.354871
0.355864
0.356857
0.357849
0.358843
0.359836
0.36083
0.361824
0.362818
0.363813
0.364808
0.365804
0.366801
0.367798
0.368795
0.369794
0.370793
0.371793
0.372793
0.373794
0.374796
0.375799
0.376803
0.377807
0.378812
0.379818
0.380825
0.381833
0.382842
0.383852
0.384862
0.385874
0.386886
0.3879
0.388914
0.389929
0.390945
0.391962
0.39298
0.393999
0.395018
0.396039
0.39706
0.398082
0.399105
0.400128
0.401152
0.402178
0.403203
0.40423
0.405257
0.406285
0.407313
0.408342
0.409372
0.410402
0.411433
0.412465
0.413497
0.414529
0.415562
0.416596
0.417631
0.418665
0.419701
0.420736
0.421773
0.422809
0.423846
0.424883
0.425921
0.426959
0.427997
0.429035
0.430073
0.431112
0.432151
0.433189
0.434228
0.435267
0.436305
0.437344
0.438382
0.43942
0.440458
0.441495
0.442533
0.44357
0.444607
0.445643
0.446679
0.447715
0.44875
0.449785
0.45082
0.451854
0.452887
0.453918
0.454944
0.455963
0.456975
0.457981
0.458981
0.459976
0.460969
0.461958
0.462946
0.463932
0.464917
0.4659
0.466881
0.467862
0.468841
0.469819
0.470796
0.471771
0.472745
0.473717
0.474689
0.475659
0.476628
0.477596
0.478563
0.47953
0.480497
0.481464
0.482431
0.483398
0.484365
0.485333
0.486301
0.48727
0.488239
0.489208
0.490178
0.491148
0.492119
0.49309
0.494062
0.495034
0.496006
0.496979
0.497952
0.498926
0.4999
0.500874
0.501849
0.502824
0.503799
0.504775
0.505751
0.506727
0.507704
0.508682
0.509659
0.510637
0.511616
0.512595
0.513575
0.514555
0.515536
0.516517
0.517499
0.518482
0.519465
0.520449
0.521434
0.52242
0.523406
0.524394
0.525382
0.526371
0.527361
0.528352
0.529345
0.530338
0.531332
0.532327
0.533324
0.534321
0.53532
0.536319
0.53732
0.538322
0.539326
0.54033
0.541336
0.542343
0.543352
0.544361
0.545373
0.546385
0.547399
0.548414
0.549431
0.550449
0.551469
0.55249
0.553513
0.554538
0.555564
0.556592
0.557621
0.558652
0.559685
0.56072
0.561756
0.562795
0.563835
0.564877
0.56592
0.566966
0.568014
0.569064
0.570115
0.571169
0.572224
0.573282
0.574342
0.575404
0.576468
0.577535
0.578603
0.579674
0.580747
0.581822
0.5829
0.583979
0.585062
0.586146
0.587233
0.588323
0.589415
0.590509
0.591606
0.592706
0.593808
0.594912
0.59602
0.597129
0.598242
0.599357
0.600475
0.601596
0.602719
0.603845
0.604974
0.606106
0.60724
0.608378
0.609518
0.610661
0.611807
0.612957
0.614109
0.615264
0.616422
0.617583
0.618748
0.619915
0.621085
0.622259
0.623436
0.624615
0.625798
0.626984
0.628174
0.629366
0.630562
0.63176
0.632962
0.634168
0.635376
0.636588
0.637803
0.639021
0.640243
0.641467
0.642695
0.643927
0.645161
0.646399
0.64764
0.648885
0.650132
0.651383
0.652637
0.653895
0.655156
0.656419
0.657687
0.658957
0.660231
0.661508
0.662788
0.664071
0.665358
0.666648
0.667941
0.669237
0.670536
0.671839
0.673145
0.674454
0.675766
0.677081
0.678399
0.679721
0.681045
0.682373
0.683704
0.685037
0.686374
0.687714
0.689058
0.690404
0.691753
0.693106
0.694461
0.695819
0.697181
0.698545
0.699913
0.701284
0.702657
0.704034
0.705413
0.706796
0.708181
0.709569
0.71096
0.712353
0.713749
0.715147
0.716547
0.71795
0.719354
0.720761
0.72217
0.723582
0.724995
0.726411
0.727828
0.729248
0.730671
0.732095
0.733522
0.734951
0.736383
0.737817
0.739253
0.740692
0.742133
0.743577
0.745023
0.746472
0.747924
0.749378
0.750834
0.752293
0.753755
0.755219
0.756686
0.758156
0.759628
0.761103
0.762581
0.764061
0.765544
0.767029
0.768517
0.770008
0.771502
0.772998
0.774497
0.775999
0.777503
0.779011
0.780521
0.782033
0.783549
0.785067
0.786588
0.788112
0.789639
0.791168
0.7927
0.794235
0.795773
0.797314
0.798858
0.800404
0.801954
0.803506
0.805061
0.806619
0.80818
0.809744
0.811311
0.812881
0.814453
0.816029
0.817608
0.819189
0.820774
0.822361
0.823952
0.825545
0.827142
0.828741
0.830344
0.831949
0.833557
0.835169
0.836783
0.8384
0.84002
0.841643
0.84327
0.844899
0.846531
0.848166
0.849804
0.851444
0.853088
0.854735
0.856385
0.858037
0.859693
0.861351
0.863013
0.864677
0.866344
0.868014
0.869687
0.871363
0.873041
0.874723
0.876407
0.878094
0.879784
0.881477
0.883173
0.884871
0.886573
0.888277
0.889983
0.891693
0.893405
0.89512
0.896838
0.898559
0.900282
0.902008
0.903737
0.905468
0.907202
0.908939
0.910674
0.912405
0.914132
0.915856
0.917576
0.919294
0.921009
0.922721
0.924432
0.926141
0.92785
0.929559
0.931268
0.932978
0.93469
0.936404
0.938121
0.93984
0.941563
0.943288
0.945015
0.946746
0.948479
0.950214
0.951951
0.953691
0.955432
0.957175
0.958921
0.960666
0.962412
0.964158
0.965904
0.96765
0.969397
0.971144
0.972892
0.974633
0.976369
0.9781
0.979825
0.981545
0.983259
0.98497
0.986677
0.988382
0.990085
0.991786
0.993486
0.995184
0.99688
0.998575
1.00027
1.00196
1.00365
1.00534
1.00703
1.00872
1.0104
1.01209
1.01377
1.01544
1.01712
1.01879
1.02046
1.02212
1.02378
1.02544
1.02709
1.02873
1.03037
1.03201
1.03364
1.03526
1.03688
1.0385
1.0401
1.0417
1.0433
1.04489
1.04647
1.04805
1.04962
1.05118
1.05274
1.05429
1.05584
1.05738
1.05891
1.06044
1.06196
1.06348
1.06499
1.0665
1.068
1.0695
1.07099
1.07247
1.07395
1.07542
1.07689
1.07835
1.07981
1.08126
1.08271
1.08415
1.08559
1.08702
1.08845
1.08987
1.09129
1.0927
1.09411
1.09551
1.09691
1.0983
1.09969
1.10107
1.10245
1.10382
1.10519
1.10655
1.10791
1.10926
1.11061
1.11195
1.11329
1.11463
1.11596
1.11728
1.1186
1.11992
1.12123
1.12253
1.12384
1.12513
1.12643
1.12772
1.129
1.13028
1.13156
1.13283
1.1341
1.13536
1.13662
1.13787
1.13913
1.14037
1.14162
1.14285
1.14409
1.14532
1.14655
1.14777
1.14899
1.1502
1.15142
1.15262
1.15383
1.15503
1.15623
1.15742
1.15861
1.1598
1.16098
1.16216
1.16333
1.16451
1.16568
1.16684
1.168
1.16916
1.17032
1.17147
1.17262
1.17377
1.17491
1.17605
1.17719
1.17832
1.17945
1.18058
1.18171
1.18283
1.18395
1.18506
1.18618
1.18729
1.18839
1.1895
1.1906
1.1917
1.19279
1.19389
1.19498
1.19607
1.19715
1.19823
1.19931
1.20039
1.20147
1.20254
1.20361
1.20468
1.20574
1.2068
1.20786
1.20892
1.20997
1.21102
1.21207
1.21312
1.21417
1.21521
1.21625
1.21729
1.21832
1.21936
1.22039
1.22142
1.22244
1.22347
1.22449
1.22551
1.22653
1.22754
1.22856
1.22957
1.23058
1.23159
1.23259
1.23359
1.2346
1.23559
1.23659
1.23759
1.23858
1.23957
1.24056
1.24155
1.24254
1.24352
1.2445
1.24549
1.24647
1.24744
1.24842
1.24939
1.25037
1.25134
1.25231
1.25328
1.25424
1.25521
1.25617
1.25714
1.2581
1.25906
1.26002
1.26098
1.26194
1.2629
1.26386
1.26481
1.26577
1.26672
1.26768
1.26863
1.26959
1.27054
1.2715
1.27245
1.2734
1.27436
1.27531
1.27626
1.27722
1.27817
1.27912
1.28008
1.28103
1.28198
1.28294
1.28389
1.28485
1.2858
1.28675
1.28771
1.28866
1.28962
1.29057
1.29153
1.29248
1.29344
1.29439
1.29535
1.2963
1.29726
1.29822
1.29917
1.30013
1.30108
1.30204
1.30299
1.30395
1.3049
1.30586
1.30681
1.30777
1.30872
1.30967
1.31063
1.31158
1.31252
1.31346
1.31439
1.31531
1.31623
1.31714
1.31805
1.31894
1.31983
1.32071
1.32159
1.32245
1.32332
1.32417
1.32503
1.32589
1.32674
1.3276
1.32845
1.3293
1.33015
1.33099
1.33184
1.33268
1.33352
1.33436
1.3352
1.33604
1.33687
1.33771
1.33854
1.33937
1.3402
1.34103
1.34185
1.34268
1.3435
1.34432
1.34514
1.34596
1.34678
1.3476
1.34842
1.34924
1.35006
1.35088
1.35169
1.35251
1.35333
1.35415
1.35497
1.35578
1.3566
1.35742
1.35824
1.35906
1.35987
1.36069
1.36151
1.36233
1.36314
1.36396
1.36478
1.3656
1.36641
1.36723
1.36805
1.36887
1.36969
1.37051
1.37132
1.37214
1.37296
1.37378
1.3746
1.37542
1.37624
1.37706
1.37788
1.3787
1.37952
1.38034
1.38116
1.38199
1.38281
1.38363
1.38446
1.38528
1.38611
1.38693
1.38776
1.38859
1.38942
1.39025
1.39108
1.39192
1.39275
1.39359
1.39443
1.39527
1.39612
1.39696
1.39781
1.39866
1.39951
1.40036
1.40122
1.40207
1.40293
1.40379
1.40466
1.40552
1.40639
1.40726
1.40813
1.409
1.40987
1.41074
1.41162
1.4125
1.41338
1.41426
1.41514
1.41602
1.41691
1.41779
1.41868
1.41956
1.42045
1.42134
1.42223
1.42312
1.42402
1.42491
1.4258
1.4267
1.4276
1.42849
1.42939
1.43029
1.43119
1.43209
1.433
1.4339
1.43481
1.43571
1.43662
1.43753
1.43844
1.43935
1.44026
1.44117
1.44208
1.443
1.44392
1.44483
1.44575
1.44667
1.44759
1.44851
1.44944
1.45036
1.45129
1.45221
1.45314
1.45407
1.455
1.45593
1.45686
1.4578
1.45873
1.45967
1.4606
1.46154
1.46248
1.46342
1.46436
1.46531
1.46625
1.4672
1.46814
1.46909
1.47004
1.47099
1.47194
1.47289
1.47385
1.4748
1.47576
1.47671
1.47767
1.47863
1.47959
1.48055
1.48152
1.48248
1.48344
1.48441
1.48538
1.48634
1.48731
1.48828
1.48926
1.49023
1.4912
1.49218
1.49315
1.49413
1.49511
1.49609
1.49707
1.49805
1.49904
1.50002
1.50101
1.502
1.50298
1.50397
1.50496
1.50596
1.50695
1.50794
1.50894
1.50993
1.51093
1.51192
1.51291
1.51391
1.5149
1.51589
1.51688
1.51787
1.51886
1.51985
1.52084
1.52183
1.52282
1.52381
1.5248
1.52579
1.52679
1.52778
1.52878
1.52977
1.53077
1.53177
1.53276
1.53376
1.53477
1.53577
1.53677
1.53777
1.53878
1.53979
1.54079
1.5418
1.54281
1.54382
1.54483
1.54584
1.54685
1.54787
1.54888
1.5499
1.55091
1.55193
1.55295
1.55397
1.55499
1.55601
1.55703
1.55805
1.55907
1.5601
1.56112
1.56215
1.56317
1.5642
1.56523
1.56626
1.56728
1.56831
1.56934
1.57038
1.57141
1.57244
1.57347
1.57451
1.57554
1.57658
1.57762
1.57866
1.57969
1.58073
1.58177
1.58282
1.58386
1.5849
1.58595
1.58699
1.58804
1.58908
1.59013
1.59118
1.59223
1.59328
1.59433
1.59538
1.59644
1.59749
1.59855
1.5996
1.60066
1.60172
1.60278
1.60384
1.6049
1.60596
1.60703
1.60809
1.60916
1.61023
1.6113
1.61236
1.61344
1.61451
1.61558
1.61666
1.61773
1.61881
1.61989
1.62096
1.62205
1.62313
1.62421
1.62529
1.62638
1.62747
1.62855
1.62964
1.63073
1.63182
1.63292
1.63401
1.63511
1.6362
1.6373
1.6384
1.6395
1.64061
1.64171
1.64282
1.64392
1.64503
1.64614
1.64725
1.64837
1.64948
1.6506
1.65171
1.65283
1.65395
1.65507
1.6562
1.65732
1.65845
1.65957
1.6607
1.66183
1.66297
1.6641
1.66523
1.66637
1.66751
1.66865
1.66979
1.67093
1.67208
1.67323
1.67437
1.67552
1.67667
1.67783
1.67898
1.68014
1.6813
1.68246
1.68362
1.68478
1.68594
1.68711
1.68828
1.68945
1.69062
1.69179
1.69297
1.69414
1.69532
1.6965
1.69768
1.69887
1.70005
1.70124
1.70243
1.70362
1.70481
1.706
1.7072
1.7084
1.7096
1.7108
1.712
1.71321
1.71442
1.71562
1.71684
1.71805
1.71926
1.72048
1.7217
1.72292
1.72414
1.72536
1.72659
1.72782
1.72905
1.73028
1.73151
1.73275
1.73398
1.73522
1.73646
1.73771
1.73895
1.7402
1.74145
1.7427
1.74395
1.74521
1.74647
1.74773
1.74899
1.75025
1.75151
1.75278
1.75405
1.75532
1.7566
1.75787
1.75915
1.76043
1.76171
1.76299
1.76428
1.76557
1.76686
1.76815
1.76944
1.77074
1.77204
1.77334
1.77464
1.77595
1.77725
1.77856
1.77988
1.78119
1.78251
1.78382
1.78514
1.78646
1.78777
1.78908
1.7904
1.79171
1.79302
1.79434
1.79565
1.79696
1.79828
1.79959
1.80091
1.80222
1.80354
1.80486
1.80619
1.80751
1.80884
1.81017
1.8115
1.81284
1.81418
1.81553
1.81687
1.81822
1.81958
1.82094
1.8223
1.82366
1.82502
1.82639
1.82776
1.82913
1.8305
1.83188
1.83326
1.83464
1.83602
1.8374
1.83878
1.84017
1.84155
1.84293
1.8443
1.84568
1.84706
1.84844
1.84982
1.8512
1.85257
1.85395
1.85533
1.85671
1.85808
1.85946
1.86084
1.86222
1.8636
1.86497
1.86635
1.86773
1.86911
1.87048
1.87186
1.87324
1.87462
1.876
1.87738
1.87875
1.88013
1.88151
1.88289
1.88426
1.88564
1.88701
1.88839
1.88976
1.89113
1.8925
1.89387
1.89524
1.89661
1.89797
1.89933
1.9007
1.90205
1.90341
1.90476
1.90612
1.90747
1.90881
1.91016
1.9115
1.91284
1.91417
1.91551
1.91684
1.91816
1.91949
1.92081
1.92213
1.92344
1.92475
1.92606
1.92737
1.92867
1.92997
1.93127
1.93256
1.93385
1.93514
1.93642
1.9377
1.93898
1.94025
1.94152
1.94279
1.94405
1.94532
1.94657
1.94783
1.94908
1.95033
1.95157
1.95281
1.95405
1.95529
1.95652
1.95775
1.95898
1.96021
1.96143
1.96265
1.96386
1.96508
1.96629
1.9675
1.96871
1.96991
1.97111
1.97231
1.97351
1.97471
1.9759
1.97709
1.97828
1.97946
1.98065
1.98183
1.98301
1.98418
1.98536
1.98653
1.9877
1.98887
1.99004
1.9912
1.99236
1.99353
1.99468
1.99584
1.997
1.99815
1.9993
2.00045
2.0016
2.00275
2.0039
2.00504
2.00618
2.00732
2.00846
2.0096
2.01073
2.01187
2.013
2.01414
2.01527
2.0164
2.01752
2.01865
2.01978
2.0209
2.02202
2.02315
2.02427
2.02539
2.02651
2.02763
2.02875
2.02986
2.03098
2.03209
2.03321
2.03432
2.03544
2.03655
2.03766
2.03877
2.03988
2.041
2.04211
2.04322
2.04432
2.04543
2.04654
2.04765
2.04876
2.04987
2.05097
2.05208
2.05319
2.0543
2.0554
2.05651
2.05761
2.05872
2.05983
2.06093
2.06204
2.06314
2.06425
2.06536
2.06646
2.06757
2.06867
2.06978
2.07089
2.07199
2.0731
2.0742
2.07531
2.07642
2.07753
2.07863
2.07974
2.08085
2.08196
2.08306
2.08417
2.08528
2.08639
2.0875
2.0886
2.08971
2.09082
2.09193
2.09303
2.09414
2.09525
2.09635
2.09746
2.09857
2.09968
2.10078
2.10189
2.103
2.1041
2.10521
2.10632
2.10743
2.10854
2.10964
2.11075
2.11186
2.11297
2.11408
2.11519
2.1163
2.11741
2.11852
2.11964
2.12075
2.12186
2.12297
2.12409
2.1252
2.12632
2.12743
2.12855
2.12966
2.13078
2.1319
2.13302
2.13414
2.13525
2.13637
2.13749
2.13862
2.13974
2.14086
2.14198
2.14311
2.14423
2.14535
2.14648
2.14761
2.14873
2.14986
2.15099
2.15211
2.15324
2.15437
2.1555
2.15663
2.15776
2.1589
2.16003
2.16116
2.1623
2.16343
2.16457
2.1657
2.16684
2.16797
2.16911
2.17025
2.17139
2.17253
2.17367
2.17481
2.17595
2.17709
2.17824
2.17938
2.18053
2.18167
2.18282
2.18397
2.18511
2.18626
2.18741
2.18856
2.18971
2.19087
2.19202
2.19317
2.19433
2.19548
2.19664
2.1978
2.19896
2.20012
2.20128
2.20244
2.2036
2.20477
2.20593
2.2071
2.20827
2.20944
2.21061
2.21178
2.21295
2.21412
2.2153
2.21647
2.21765
2.21883
2.22001
2.22119
2.22237
2.22355
2.22473
2.22592
2.22711
2.22829
2.22948
2.23067
2.23187
2.23306
2.23425
2.23545
2.23665
2.23784
2.23904
2.24024
2.24145
2.24265
2.24386
2.24506
2.24627
2.24748
2.24869
2.2499
2.25112
2.25233
2.25355
2.25477
2.25599
2.25721
2.25843
2.25965
2.26088
2.2621
2.26333
2.26456
2.26579
2.26703
2.26826
2.26949
2.27073
2.27197
2.27321
2.27445
2.27569
2.27694
2.27818
2.27943
2.28068
2.28193
2.28318
2.28443
2.28569
2.28694
2.2882
2.28946
2.29072
2.29198
2.29324
2.29451
2.29577
2.29704
2.29831
2.29958
2.30085
2.30212
2.3034
2.30467
2.30595
2.30722
2.3085
2.30978
2.31107
2.31235
2.31363
2.31492
2.3162
2.31749
2.31878
2.32007
2.32136
2.32265
2.32395
2.32524
2.32654
2.32783
2.32913
2.33043
2.33173
2.33303
2.33434
2.33564
2.33694
2.33825
2.33956
2.34086
2.34217
2.34348
2.34479
2.34611
2.34742
2.34874
2.35005
2.35137
2.35269
2.354
2.35532
2.35664
2.35797
2.35929
2.36061
2.36194
2.36327
2.36459
2.36592
2.36725
2.36858
2.36991
2.37125
2.37258
2.37392
2.37525
2.37659
2.37793
2.37927
2.38061
2.38196
2.3833
2.38465
2.38599
2.38734
2.38869
2.39004
2.3914
2.39275
2.3941
2.39546
2.39682
2.39818
2.39954
2.4009
2.40227
2.40363
2.405
2.40637
2.40774
2.40911
2.41049
2.41186
2.41324
2.41462
2.416
2.41738
2.41877
2.42015
2.42154
2.42293
2.42432
2.42572
2.42711
2.42851
2.42991
2.43131
2.43271
2.43412
2.43553
2.43694
2.43835
2.43976
2.44118
2.4426
2.44402
2.44544
2.44687
2.44829
2.44972
2.45116
2.45259
2.45403
2.45547
2.45691
2.45835
2.4598
2.46125
2.4627
2.46415
2.46561
2.46707
2.46853
2.46999
2.47145
2.47292
2.47439
2.47586
2.47734
2.47881
2.48029
2.48178
2.48326
2.48475
2.48623
2.48772
2.48922
2.49071
2.49221
2.49371
2.49521
2.49672
2.49823
2.49974
2.50125
2.50276
2.50428
2.5058
2.50732
2.50884
2.51037
2.5119
2.51343
2.51496
2.51649
2.51803
2.51957
2.52111
2.52265
2.5242
2.52575
2.5273
2.52885
2.5304
2.53196
2.53352
2.53508
2.53665
2.53821
2.53978
2.54135
2.54292
2.54449
2.54607
2.54765
2.54923
2.55081
2.5524
2.55399
2.55557
2.55717
2.55876
2.56035
2.56195
2.56355
2.56515
2.56676
2.56836
2.56997
2.57158
2.57319
2.5748
2.57641
2.57801
2.57962
2.58122
2.58282
2.58442
2.58601
2.58761
2.5892
2.5908
2.59239
2.59399
2.59559
2.59718
2.59878
2.60038
2.60199
2.60359
2.6052
2.6068
2.60841
2.61002
2.61164
2.61325
2.61487
2.61649
2.6181
2.61973
2.62135
2.62297
2.62459
2.62622
2.62784
2.62946
2.63108
2.63271
2.63433
2.63595
2.63757
2.6392
2.64082
2.64244
2.64407
2.64569
2.64731
2.64894
2.65056
2.65219
2.65381
2.65543
2.65705
2.65867
2.66029
2.66191
2.66353
2.66514
2.66676
2.66837
2.66998
2.67159
2.6732
2.67481
2.67641
2.67802
2.67962
2.68122
2.68281
2.6844
2.68599
2.68758
2.68916
2.69075
2.69232
2.6939
2.69547
2.69703
2.6986
2.70016
2.70171
2.70326
2.70481
2.70635
2.70789
2.70943
2.71096
2.71248
2.714
2.71552
2.71703
2.71854
2.72004
2.72154
2.72303
2.72452
2.726
2.72748
2.72896
2.73043
2.7319
2.73336
2.73482
2.73628
2.73773
2.73918
2.74063
2.74207
2.7435
2.74494
2.74637
2.7478
2.74922
2.75064
2.75206
2.75347
2.75488
2.75629
2.75769
2.7591
2.76049
2.76189
2.76328
2.76467
2.76605
2.76744
2.76882
2.77019
2.77157
2.77294
2.77431
2.77567
2.77703
2.77839
2.77975
2.7811
2.78245
2.7838
2.78515
2.78649
2.78783
2.78917
2.7905
2.79183
2.79316
2.79449
2.79582
2.79714
2.79846
2.79977
2.80109
2.8024
2.80371
2.80502
2.80632
2.80763
2.80893
2.81023
2.81152
2.81282
2.81411
2.8154
2.81669
2.81797
2.81926
2.82054
2.82182
2.8231
2.82437
2.82565
2.82692
2.82819
2.82946
2.83073
2.832
2.83326
2.83452
2.83578
2.83704
2.8383
2.83956
2.84081
2.84207
2.84332
2.84457
2.84582
2.84707
2.84832
2.84957
2.85082
2.85206
2.85331
2.85455
2.8558
2.85704
2.85828
2.85952
2.86077
2.86201
2.86325
2.86449
2.86573
2.86697
2.86821
2.86945
2.87069
2.87193
2.87317
2.87441
2.87565
2.87689
2.87813
2.87937
2.88062
2.88186
2.8831
2.88434
2.88558
2.88683
2.88807
2.88931
2.89056
2.8918
2.89305
2.89429
2.89554
2.89678
2.89803
2.89927
2.90052
2.90177
2.90301
2.90426
2.90551
2.90676
2.908
2.90925
2.9105
2.91175
2.913
2.91424
2.91548
2.91672
2.91795
2.91917
2.9204
2.92161
2.92283
2.92404
2.92526
2.92647
2.92768
2.92889
2.9301
2.93131
2.93252
2.93373
2.93494
2.93614
2.93735
2.93855
2.93976
2.94096
2.94216
2.94336
2.94457
2.94577
2.94696
2.94816
2.94936
2.95056
2.95176
2.95296
2.95416
2.95536
2.95655
2.95775
2.95895
2.96015
2.96135
2.96256
2.96376
2.96496
2.96616
2.96736
2.96857
2.96977
2.97097
2.97218
2.97338
2.97459
2.97579
2.977
2.9782
2.97941
2.98061
2.98182
2.98303
2.98423
2.98544
2.98665
2.98786
2.98907
2.99027
2.99148
2.99269
2.9939
2.99511
2.99632
2.99754
2.99875
2.99996
3.00117
3.00239
3.0036
3.00481
3.00603
3.00724
3.00846
3.00968
3.01089
3.01211
3.01333
3.01455
3.01577
3.01699
3.01821
3.01944
3.02066
3.02188
3.02311
3.02434
3.02556
3.02679
3.02802
3.02925
3.03048
3.03171
3.03295
3.03418
3.03542
3.03665
3.03789
3.03913
3.04037
3.04161
3.04285
3.04409
3.04533
3.04658
3.04782
3.04907
3.05032
3.05157
3.05282
3.05407
3.05532
3.05658
3.05783
3.05909
3.06035
3.06161
3.06287
3.06413
3.06539
3.06666
3.06792
3.06919
3.07046
3.07173
3.073
3.07427
3.07555
3.07682
3.0781
3.07938
3.08066
3.08194
3.08322
3.0845
3.08579
3.08708
3.08837
3.08966
3.09095
3.09224
3.09353
3.09483
3.09613
3.09743
3.09873
3.10003
3.10133
3.10264
3.10394
3.10525
3.10656
3.10787
3.10918
3.1105
3.11181
3.11313
3.11445
3.11577
3.11709
3.11842
3.11974
3.12107
3.1224
3.12373
3.12506
3.12639
3.12773
3.12906
3.1304
3.13174
3.13308
3.13443
3.13577
3.13712
3.13847
3.13982
3.14118
3.14253
3.14389
3.14524
3.14661
3.14797
3.14933
3.1507
3.15207
3.15344
3.15481
3.15618
3.15756
3.15894
3.16032
3.1617
3.16308
3.16447
3.16586
3.16725
3.16864
3.17004
3.17144
3.17283
3.17424
3.17564
3.17705
3.17846
3.17987
3.18128
3.1827
3.18412
3.18554
3.18696
3.18839
3.18982
3.19125
3.19268
3.19412
3.19556
3.197
3.19844
3.19989
3.20134
3.20279
3.20424
3.2057
3.20716
3.20863
3.21009
3.21156
3.21303
3.21451
3.21599
3.21747
3.21895
3.22044
3.22193
3.22342
3.22492
3.22642
3.22792
3.22942
3.23093
3.23244
3.23395
3.23547
3.23699
3.23851
3.24004
3.24157
3.2431
3.24463
3.24617
3.24771
3.24926
3.25081
3.25236
3.25391
3.25546
3.25702
3.25859
3.26015
3.26172
3.26329
3.26486
3.26644
3.26802
3.26961
3.27119
3.27278
3.27437
3.27597
3.27756
3.27916
3.28077
3.28237
3.28398
3.28559
3.28721
3.28882
3.29044
3.29207
3.29369
3.29532
3.29695
3.29859
3.30022
3.30186
3.3035
3.30515
3.30679
3.30844
3.31009
3.31175
3.3134
3.31506
3.31673
3.31839
3.32006
3.32173
3.3234
3.32507
3.32675
3.32843
3.33011
3.33179
3.33348
3.33517
3.33686
3.33855
3.34025
3.34194
3.34364
3.34535
3.34705
3.34876
3.35046
3.35217
3.35389
3.3556
3.35732
3.35904
3.36076
3.36248
3.36421
3.36594
3.36767
3.3694
3.37113
3.37287
3.37461
3.37634
3.37809
3.37983
3.38158
3.38332
3.38507
3.38682
3.38858
3.39033
3.39209
3.39385
3.39561
3.39737
3.39914
3.4009
3.40267
3.40444
3.40621
3.40799
3.40976
3.41154
3.41332
3.4151
3.41688
3.41867
3.42045
3.42224
3.42403
3.42582
3.42761
3.42941
3.43121
3.433
3.4348
3.4366
3.43841
3.44021
3.44202
3.44383
3.44564
3.44745
3.44926
3.45107
3.45289
3.45471
3.45653
3.45835
3.46017
3.462
3.46382
3.46565
3.46748
3.46931
3.47114
3.47298
3.47481
3.47665
3.47849
3.48033
3.48217
3.48402
3.48586
3.48771
3.48956
3.49141
3.49326
3.49512
3.49697
3.49883
3.50069
3.50255
3.5044
3.50625
3.50809
3.50992
3.51175
3.51357
3.51539
3.5172
3.519
3.5208
3.5226
3.52439
3.52618
3.52797
3.52976
3.53155
3.53335
3.53514
3.53693
3.53873
3.54052
3.54232
3.54412
3.54591
3.54771
3.54951
3.55131
3.55311
3.5549
3.5567
3.55849
3.56028
3.56207
3.56385
3.56563
3.5674
3.56915
3.5709
3.57263
3.57436
3.57608
3.5778
3.5795
3.58121
3.5829
3.58459
3.58628
3.58796
3.58964
3.59131
3.59299
3.59465
3.59632
3.59798
3.59964
3.60129
3.60295
3.6046
3.60624
3.60789
3.60953
3.61116
3.6128
3.61443
3.61605
3.61767
3.61929
3.62091
3.62251
3.62412
3.62572
3.62731
3.6289
3.63049
3.63207
3.63364
3.63521
3.63678
3.63834
3.63989
3.64144
3.64299
3.64453
3.64606
3.64759
3.64911
3.65063
3.65215
3.65366
3.65516
3.65666
3.65816
3.65965
3.66114
3.66262
3.6641
3.66557
3.66704
3.6685
3.66996
3.67141
3.67286
3.67431
3.67575
3.67718
3.67861
3.68004
3.68146
3.68288
3.68429
3.68569
3.6871
3.68849
3.68989
3.69127
3.69266
3.69403
3.69541
3.69678
3.69814
3.6995
3.70086
3.70221
3.70355
3.7049
3.70623
3.70756
3.70889
3.71022
3.71153
3.71285
3.71416
3.71546
3.71677
3.71806
3.71935
3.72064
3.72193
3.72321
3.72448
3.72575
3.72702
3.72828
3.72954
3.73079
3.73205
3.73329
3.73453
3.73577
3.73701
3.73824
3.73947
3.74069
3.74191
3.74313
3.74434
3.74555
3.74676
3.74796
3.74916
3.75036
3.75155
3.75274
3.75392
3.7551
3.75628
3.75746
3.75863
3.7598
3.76097
3.76213
3.76329
3.76445
3.7656
3.76675
3.7679
3.76905
3.77019
3.77133
3.77247
3.7736
3.77473
3.77586
3.77698
3.77811
3.77923
3.78034
3.78146
3.78257
3.78368
3.78479
3.78589
3.78699
3.78809
3.78918
3.79028
3.79137
3.79246
3.79354
3.79463
3.79571
3.79679
3.79786
3.79894
3.80001
3.80108
3.80214
3.80321
3.80427
3.80533
3.80639
3.80744
3.80849
3.80954
3.81059
3.81164
3.81268
3.81372
3.81476
3.8158
3.81684
3.81787
3.8189
3.81993
3.82096
3.82198
3.823
3.82402
3.82504
3.82606
3.82707
3.82809
3.8291
3.83011
3.83111
3.83212
3.83312
3.83412
3.83512
3.83612
3.83712
3.83811
3.8391
3.8401
3.84109
3.84207
3.84306
3.84405
3.84503
3.84601
3.847
3.84798
3.84896
3.84993
3.85091
3.85189
3.85287
3.85384
3.85482
3.85579
3.85677
3.85774
3.85871
3.85969
3.86066
3.86163
3.86261
3.86358
3.86455
3.86553
3.8665
3.86747
3.86845
3.86942
3.87039
3.87137
3.87234
3.87332
3.87429
3.87527
3.87625
3.87722
3.8782
3.87918
3.88016
3.88113
3.88211
3.88309
3.88407
3.88505
3.88603
3.88701
3.888
3.88898
3.88996
3.89094
3.89192
3.89291
3.89389
3.89487
3.89586
3.89684
3.89782
3.8988
3.89979
3.90077
3.90175
3.90273
3.90371
3.90469
3.90566
3.90663
3.90758
3.90853
3.90947
3.91041
3.91135
3.91228
3.91322
3.91415
3.91508
3.91601
3.91694
3.91787
3.91879
3.91972
3.92064
3.92156
3.92248
3.9234
3.92432
3.92524
3.92615
3.92707
3.92798
3.92889
3.92979
3.93069
3.93158
3.93247
3.93335
3.93423
3.93511
3.93599
3.93687
3.93774
3.93862
3.93949
3.94036
3.94123
3.94209
3.94296
3.94382
3.94469
3.94555
3.94641
3.94727
3.94813
3.94899
3.94984
3.9507
3.95156
3.95242
3.95327
3.95413
3.95498
3.95584
3.95669
3.95755
3.9584
3.95926
3.96011
3.96097
3.96182
3.96267
3.96353
3.96438
3.96523
3.96609
3.96694
3.96779
3.96864
3.9695
3.97035
3.9712
3.97205
3.9729
3.97376
3.97461
3.97546
3.97631
3.97716
3.97801
3.97887
3.97972
3.98057
3.98142
3.98227
3.98313
3.98398
3.98483
3.98568
3.98654
3.98739
3.98824
3.9891
3.98995
3.99081
3.99166
3.99252
3.99337
3.99423
3.99509
3.99595
3.9968
3.99766
3.99852
3.99938
4.00025
4.00111
4.00197
4.00283
4.0037
4.00456
4.00543
4.0063
4.00717
4.00804
4.0089
4.00978
4.01065
4.01152
4.01239
4.01327
4.01414
4.01502
4.0159
4.01678
4.01766
4.01854
4.01942
4.0203
4.02119
4.02207
4.02296
4.02385
4.02474
4.02563
4.02653
4.02743
4.02832
4.02923
4.03013
4.03104
4.03195
4.03286
4.03378
4.0347
4.03562
4.03654
4.03747
4.0384
4.03933
4.04026
4.0412
4.04214
4.04308
4.04403
4.04498
4.04593
4.04688
4.04783
4.04879
4.04975
4.05071
4.05168
4.05264
4.05361
4.05458
4.05555
4.05653
4.0575
4.05848
4.05946
4.06044
4.06143
4.06241
4.0634
4.06438
4.06537
4.06637
4.06736
4.06836
4.06935
4.07035
4.07135
4.07236
4.07336
4.07437
4.07538
4.07639
4.0774
4.07841
4.07943
4.08045
4.08147
4.08249
4.08351
4.08454
4.08556
4.08659
4.08762
4.08866
4.08969
4.09073
4.09177
4.09281
4.09385
4.0949
4.09594
4.09699
4.09804
4.09909
4.10015
4.1012
4.10226
4.10332
4.10438
4.10544
4.10651
4.10757
4.10864
4.10971
4.11079
4.11186
4.11294
4.11401
4.11509
4.11617
4.11726
4.11834
4.11943
4.12052
4.12161
4.1227
4.12379
4.12489
4.12598
4.12708
4.12818
4.12928
4.13039
4.13149
4.1326
4.1337
4.13481
4.13592
4.13702
4.13813
4.13924
4.14034
4.14145
4.14255
4.14366
4.14476
4.14587
4.14698
4.14809
4.14919
4.1503
4.15141
4.15252
4.15363
4.15475
4.15586
4.15698
4.15809
4.15921
4.16033
4.16145
4.16257
4.1637
4.16482
4.16595
4.16707
4.1682
4.16933
4.17046
4.17159
4.17273
4.17386
4.175
4.17613
4.17727
4.17841
4.17955
4.18069
4.18184
4.18298
4.18413
4.18527
4.18642
4.18757
4.18872
4.18987
4.19102
4.19218
4.19333
4.19449
4.19564
4.1968
4.19796
4.19912
4.20028
4.20144
4.2026
4.20377
4.20493
4.2061
4.20727
4.20844
4.2096
4.21078
4.21195
4.21312
4.21429
4.21547
4.21665
4.21782
4.219
4.22018
4.22136
4.22254
4.22373
4.22491
4.2261
4.22728
4.22847
4.22966
4.23085
4.23204
4.23323
4.23443
4.23562
4.23682
4.23802
4.23921
4.24041
4.24162
4.24282
4.24402
4.24523
4.24643
4.24764
4.24885
4.25006
4.25127
4.25249
4.2537
4.25492
4.25613
4.25735
4.25857
4.25979
4.26101
4.26224
4.26346
4.26469
4.26592
4.26715
4.26838
4.26961
4.27084
4.27208
4.27331
4.27455
4.27579
4.27703
4.27828
4.27952
4.28077
4.28201
4.28326
4.28451
4.28576
4.28702
4.28827
4.28953
4.29078
4.29204
4.2933
4.29457
4.29583
4.29709
4.29836
4.29963
4.3009
4.30217
4.30345
4.30472
4.306
4.30728
4.30856
4.30984
4.31112
4.31241
4.3137
4.31498
4.31627
4.31757
4.31886
4.32016
4.32145
4.32275
4.32405
4.32536
4.32666
4.32797
4.32928
4.33059
4.3319
4.33321
4.33453
4.33585
4.33717
4.33849
4.33981
4.34114
4.34246
4.34379
4.34513
4.34646
4.3478
4.34913
4.35047
4.35181
4.35316
4.3545
4.35585
4.3572
4.35856
4.35991
4.36127
4.36262
4.36399
4.36535
4.36671
4.36808
4.36945
4.37082
4.3722
4.37357
4.37495
4.37633
4.37772
4.3791
4.38049
4.38188
4.38327
4.38465
4.38604
4.38742
4.3888
4.39017
4.39155
4.39292
4.39429
4.39566
4.39703
4.3984
4.39976
4.40113
4.4025
4.40387
4.40524
4.40661
4.40799
4.40937
4.41075
4.41214
4.41352
4.41492
4.41631
4.41771
4.41911
4.42051
4.42192
4.42333
4.42474
4.42615
4.42756
4.42898
4.43039
4.43181
4.43323
4.43465
4.43607
4.43749
4.4389
4.44031
4.44172
4.44312
4.44452
4.44592
4.44732
4.44871
4.4501
4.45149
4.45288
4.45426
4.45565
4.45703
4.45841
4.45979
4.46116
4.46254
4.46392
4.46529
4.46667
4.46804
4.46941
4.47078
4.47216
4.47353
4.4749
4.47627
4.47763
4.479
4.48037
4.48173
4.48309
4.48446
4.48582
4.48718
4.48853
4.48989
4.49124
4.49259
4.49393
4.49528
4.49662
4.49795
4.49929
4.50062
4.50195
4.50327
4.50459
4.50591
4.50723
4.50854
4.50984
4.51115
4.51245
4.51374
4.51504
4.51633
4.51761
4.51889
4.52017
4.52145
4.52272
4.52399
4.52525
4.52651
4.52777
4.52902
4.53027
4.53152
4.53276
4.534
4.53524
4.53648
4.53771
4.53893
4.54016
4.54138
4.54259
4.54381
4.54502
4.54622
4.54743
4.54863
4.54983
4.55102
4.55221
4.5534
4.55459
4.55577
4.55696
4.55813
4.55931
4.56048
4.56165
4.56282
4.56398
4.56515
4.56631
4.56746
4.56862
4.56977
4.57092
4.57206
4.57321
4.57435
4.57549
4.57663
4.57776
4.57889
4.58002
4.58115
4.58228
4.5834
4.58452
4.58564
4.58676
4.58787
4.58899
4.5901
4.59121
4.59231
4.59342
4.59452
4.59562
4.59672
4.59781
4.59891
4.6
4.60109
4.60218
4.60327
4.60435
4.60543
4.60652
4.60759
4.60867
4.60975
4.61082
4.61189
4.61297
4.61404
4.6151
4.61617
4.61724
4.6183
4.61936
4.62042
4.62148
4.62254
4.6236
4.62465
4.62571
4.62676
4.62782
4.62887
4.62992
4.63097
4.63202
4.63307
4.63411
4.63516
4.63621
4.63725
4.6383
4.63934
4.64038
4.64142
4.64247
4.64351
4.64455
4.64559
4.64663
4.64766
4.6487
4.64974
4.65078
4.65181
4.65285
4.65389
4.65492
4.65596
4.65699
4.65803
4.65906
4.6601
4.66113
4.66217
4.6632
4.66423
4.66527
4.6663
4.66733
4.66837
4.6694
4.67043
4.67147
4.6725
4.67353
4.67456
4.6756
4.67663
4.67766
4.6787
4.67973
4.68076
4.6818
4.68283
4.68387
4.6849
4.68593
4.68697
4.688
4.68904
4.69007
4.69111
4.69214
4.69318
4.69422
4.69525
4.69629
4.69733
4.69836
4.6994
4.70044
4.70148
4.70252
4.70355
4.70459
4.70563
4.70667
4.70771
4.70875
4.70979
4.71084
4.71188
4.71292
4.71396
4.715
4.71605
4.71709
4.71813
4.71917
4.72021
4.72126
4.7223
4.72334
4.72438
4.72542
4.72646
4.7275
4.72854
4.72958
4.73062
4.73166
4.7327
4.73374
4.73479
4.73583
4.73687
4.73791
4.73895
4.73999
4.74103
4.74207
4.74311
4.74416
4.7452
4.74624
4.74728
4.74833
4.74937
4.75041
4.75146
4.7525
4.75355
4.7546
4.75564
4.75669
4.75774
4.75878
4.75983
4.76088
4.76193
4.76298
4.76403
4.76508
4.76613
4.76718
4.76824
4.76929
4.77035
4.7714
4.77246
4.77351
4.77457
4.77563
4.77669
4.77774
4.7788
4.77987
4.78093
4.78199
4.78305
4.78412
4.78518
4.78625
4.78731
4.78838
4.78945
4.79051
4.79158
4.79265
4.79372
4.7948
4.79587
4.79694
4.79802
4.79909
4.80017
4.80124
4.80232
4.8034
4.80448
4.80556
4.80664
4.80772
4.8088
4.80988
4.81097
4.81205
4.81314
4.81423
4.81532
4.81641
4.8175
4.81859
4.81968
4.82077
4.82187
4.82296
4.82406
4.82516
4.82625
4.82735
4.82845
4.82955
4.83066
4.83176
4.83286
4.83397
4.83507
4.83618
4.83729
4.8384
4.8395
4.84061
4.84172
4.84284
4.84395
4.84506
4.84617
4.84729
4.8484
4.84952
4.85064
4.85175
4.85287
4.85399
4.85511
4.85623
4.85735
4.85847
4.85959
4.86071
4.86184
4.86296
4.86408
4.86521
4.86633
4.86746
4.86859
4.86971
4.87084
4.87197
4.87309
4.87422
4.87535
4.87648
4.87761
4.87874
4.87987
4.881
4.88213
4.88326
4.88439
4.88553
4.88666
4.88779
4.88892
4.89005
4.89119
4.89232
4.89345
4.89458
4.89571
4.89684
4.89797
4.8991
4.90024
4.90137
4.9025
4.90364
4.90477
4.90591
4.90704
4.90818
4.90931
4.91045
4.91158
4.91272
4.91386
4.915
4.91614
4.91728
4.91842
4.91956
4.9207
4.92185
4.92299
4.92413
4.92528
4.92642
4.92757
4.92872
4.92987
4.93102
4.93217
4.93332
4.93447
4.93563
4.93678
4.93794
4.9391
4.94025
4.94141
4.94257
4.94374
4.9449
4.94607
4.94723
4.9484
4.94957
4.95074
4.95191
4.95308
4.95426
4.95544
4.95661
4.95779
4.95897
4.96016
4.96134
4.96253
4.96371
4.9649
4.96609
4.96729
4.96848
4.96968
4.97087
4.97207
4.97327
4.97448
4.97568
4.97689
4.9781
4.97931
4.98052
4.98173
4.98295
4.98417
4.98539
4.98661
4.98783
4.98905
4.99028
4.99151
4.99274
4.99397
4.99521
4.99644
4.99768
4.99892
5.00016
5.0014
5.00265
5.00389
5.00514
5.00639
5.00765
5.0089
5.01016
5.01141
5.01267
5.01393
5.0152
5.01646
5.01773
5.019
5.02027
5.02154
5.02281
5.02409
5.02537
5.02665
5.02793
5.02921
5.03049
5.03178
5.03307
5.03435
5.03564
5.03694
5.03823
5.03953
5.04082
5.04212
5.04342
5.04473
5.04603
5.04733
5.04864
5.04995
5.05126
5.05257
5.05388
5.0552
5.05652
5.05783
5.05915
5.06047
5.0618
5.06312
5.06444
5.06577
5.0671
5.06843
5.06976
5.07109
5.07243
5.07376
5.0751
5.07644
5.07778
5.07912
5.08046
5.0818
5.08315
5.0845
5.08585
5.0872
5.08855
5.0899
5.09125
5.09261
5.09397
5.09532
5.09668
5.09804
5.09941
5.10077
5.10214
5.1035
5.10487
5.10624
5.10761
5.10898
5.11036
5.11173
5.11311
5.11449
5.11587
5.11725
5.11863
5.12002
5.1214
5.12279
5.12418
5.12557
5.12696
5.12835
5.12975
5.13114
5.13254
5.13394
5.13534
5.13674
5.13815
5.13955
5.14096
5.14237
5.14378
5.14519
5.1466
5.14802
5.14943
5.15085
5.15227
5.15369
5.15511
5.15654
5.15797
5.15939
5.16082
5.16225
5.16369
5.16512
5.16656
5.16799
5.16943
5.17088
5.17232
5.17376
5.17521
5.17666
5.17811
5.17956
5.18101
5.18247
5.18393
5.18539
5.18685
5.1883
5.18976
5.19121
5.19267
5.19412
5.19557
5.19701
5.19846
5.1999
5.20134
5.20278
5.20422
5.20566
5.2071
5.20854
5.20998
5.21142
5.21286
5.2143
5.21575
5.2172
5.21864
5.22009
5.22154
5.22299
5.22444
5.2259
5.22736
5.22882
5.23028
5.23174
5.2332
5.23466
5.23612
5.23758
5.23905
5.24051
5.24197
5.24343
5.24489
5.24634
5.2478
5.24926
5.25071
5.25217
5.25362
5.25507
5.25652
5.25797
5.25942
5.26087
5.26231
5.26375
5.26519
5.26663
5.26807
5.2695
5.27094
5.27237
5.2738
5.27523
5.27666
5.27808
5.2795
5.28092
5.28234
5.28376
5.28518
5.28659
5.288
5.28941
5.29082
5.29222
5.29362
5.29502
5.29642
5.29781
5.2992
5.30059
5.30197
5.30335
5.30473
5.30611
5.30748
5.30885
5.31022
5.31158
5.31294
5.31429
5.31564
5.31699
5.31834
5.31968
5.32102
5.32235
5.32368
5.32501
5.32633
5.32765
5.32896
5.33028
5.33158
5.33289
5.33419
5.33549
5.33678
5.33807
5.33936
5.34064
5.34193
5.3432
5.34448
5.34575
5.34702
5.34828
5.34954
5.3508
5.35206
5.35331
5.35456
5.35581
5.35705
5.35829
5.35953
5.36077
5.362
5.36324
5.36447
5.36569
5.36692
5.36814
5.36936
5.37058
5.3718
5.37301
5.37422
5.37543
5.37664
5.37784
5.37905
5.38025
5.38145
5.38264
5.38384
5.38503
5.38622
5.38741
5.3886
5.38979
5.39097
5.39215
5.39334
5.39451
5.39569
5.39687
5.39804
5.39922
5.40039
5.40156
5.40273
5.40389
5.40506
5.40622
5.40739
5.40855
5.40971
5.41087
5.41202
5.41318
5.41434
5.41549
5.41664
5.4178
5.41895
5.4201
5.42125
5.4224
5.42355
5.42469
5.42584
5.42699
5.42813
5.42928
5.43042
5.43157
5.43271
5.43385
5.435
5.43614
5.43728
5.43842
5.43957
5.44071
5.44185
5.44299
5.44413
5.44527
5.44641
5.44756
5.4487
5.44984
5.45098
5.45212
5.45326
5.4544
5.45554
5.45669
5.45783
5.45897
5.46011
5.46125
5.4624
5.46354
5.46468
5.46582
5.46697
5.46811
5.46925
5.4704
5.47154
5.47269
5.47383
5.47498
5.47612
5.47727
5.47842
5.47956
5.48071
5.48186
5.48301
5.48415
5.4853
5.48645
5.4876
5.48875
5.4899
5.49105
5.4922
5.49335
5.4945
5.49564
5.49679
5.49793
5.49908
5.50022
5.50136
5.5025
5.50364
5.50478
5.50591
5.50705
5.50819
5.50933
5.51046
5.5116
5.51274
5.51388
5.51501
5.51615
5.51729
5.51843
5.51957
5.52071
5.52185
5.52299
5.52413
5.52527
5.52641
5.52756
5.5287
5.52984
5.53099
5.53213
5.53328
5.53443
5.53557
5.53672
5.53787
5.53902
5.54017
5.54132
5.54247
5.54362
5.54478
5.54593
5.54709
5.54824
5.5494
5.55055
5.55171
5.55287
5.55403
5.55519
5.55635
5.55751
5.55867
5.55983
5.56099
5.56216
5.56332
5.56448
5.56565
5.56681
5.56798
5.56915
5.57031
5.57148
5.57265
5.57382
5.57499
5.57616
5.57733
5.5785
5.57967
5.58084
5.58201
5.58319
5.58436
5.58553
5.58671
5.58788
5.58906
5.59024
5.59142
5.5926
5.59378
5.59496
5.59614
5.59733
5.59851
5.5997
5.60088
5.60207
5.60326
5.60445
5.60564
5.60684
5.60803
5.60923
5.61043
5.61162
5.61282
5.61402
5.61523
5.61643
5.61763
5.61884
5.62005
5.62126
5.62247
5.62368
5.62489
5.62611
5.62733
5.62854
5.62976
5.63098
5.63221
5.63343
5.63466
5.63588
5.63711
5.63834
5.63957
5.64081
5.64204
5.64328
5.64452
5.64576
5.647
5.64824
5.64949
5.65073
5.65198
5.65323
5.65448
5.65573
5.65699
5.65824
5.6595
5.66076
5.66202
5.66328
5.66455
5.66581
5.66708
5.66835
5.66962
5.67089
5.67216
5.67344
5.67472
5.67599
5.67727
5.67856
5.67984
5.68112
5.68241
5.6837
5.68499
5.68628
5.68757
5.68886
5.69016
5.69145
5.69275
5.69405
5.69535
5.69665
5.69796
5.69926
5.70057
5.70188
5.70318
5.70449
5.70581
5.70712
5.70843
5.70975
5.71106
5.71238
5.7137
5.71502
5.71634
5.71767
5.71899
5.72032
5.72164
5.72297
5.7243
5.72563
5.72696
5.72829
5.72962
5.73096
5.73229
5.73363
5.73497
5.73631
5.73765
5.73899
5.74033
5.74168
5.74302
5.74437
5.74571
5.74706
5.74841
5.74976
5.75111
5.75247
5.75382
5.75517
5.75653
5.75789
5.75924
5.7606
5.76196
5.76333
5.76469
5.76605
5.76742
5.76878
5.77015
5.77152
5.77289
5.77426
5.77564
5.77701
5.77839
5.77977
5.78115
5.78253
5.78391
5.78529
5.78668
5.78807
5.78945
5.79085
5.79224
5.79363
5.79503
5.79642
5.79782
5.79922
5.80063
5.80203
5.80344
5.80485
5.80626
5.80767
5.80908
5.8105
5.81192
5.81334
5.81476
5.81618
5.81761
5.81904
5.82047
5.8219
5.82333
5.82477
5.82621
5.82765
5.82909
5.83053
5.83198
5.83343
5.83488
5.83633
5.83779
5.83925
5.84071
5.84217
5.84363
5.8451
5.84657
5.84804
5.84951
5.85099
5.85247
5.85395
5.85543
5.85691
5.8584
5.85989
5.86138
5.86288
5.86437
5.86587
5.86737
5.86887
5.87038
5.87189
5.8734
5.87491
5.87643
5.87794
5.87946
5.88098
5.88251
5.88403
5.88556
5.8871
5.88863
5.89016
5.8917
5.89324
5.89479
5.89633
5.89788
5.89943
5.90098
5.90253
5.90409
5.90565
5.90721
5.90877
5.91034
5.91191
5.91348
5.91505
5.91663
5.9182
5.91978
5.92136
5.92295
5.92453
5.92612
5.92771
5.9293
5.9309
5.9325
5.9341
5.9357
5.9373
5.93891
5.94051
5.94212
5.94374
5.94535
5.94697
5.94859
5.95021
5.95183
5.95346
5.95508
5.95671
5.95835
5.95998
5.96162
5.96325
5.96489
5.96654
5.96818
5.96983
5.97148
5.97313
5.97478
5.97644
5.97809
5.97975
5.98141
5.98308
5.98474
5.9864
5.98806
5.98972
5.99137
5.99301
5.99466
5.9963
5.99793
5.99957
6.0012
6.00283
6.00445
6.00608
6.00771
6.00933
6.01096
6.01259
6.01422
6.01585
6.01749
6.01912
6.02076
6.0224
6.02404
6.02569
6.02733
6.02898
6.03063
6.03227
6.03392
6.03557
6.03722
6.03887
6.04052
6.04216
6.04381
6.04545
6.04708
6.04871
6.05034
6.05196
6.05358
6.0552
6.05682
6.05843
6.06004
6.06165
6.06326
6.06486
6.06646
6.06806
6.06966
6.07126
6.07285
6.07444
6.07603
6.07762
6.0792
6.08078
6.08236
6.08394
6.08552
6.08709
6.08866
6.09022
6.09179
6.09335
6.0949
6.09645
6.098
6.09954
6.10108
6.10262
6.10415
6.10567
6.1072
6.10871
6.11022
6.11173
6.11323
6.11473
6.11622
6.11771
6.11919
6.12067
6.12214
6.12361
6.12507
6.12653
6.12798
6.12943
6.13087
6.13231
6.13375
6.13518
6.1366
6.13803
6.13944
6.14085
6.14226
6.14367
6.14507
6.14646
6.14785
6.14924
6.15063
6.15201
6.15338
6.15475
6.15612
6.15749
6.15885
6.1602
6.16156
6.16291
6.16425
6.1656
6.16693
6.16827
6.1696
6.17093
6.17225
6.17357
6.17489
6.1762
6.17751
6.17882
6.18012
6.18142
6.18272
6.18401
6.1853
6.18659
6.18787
6.18915
6.19043
6.1917
6.19297
6.19424
6.1955
6.19676
6.19802
6.19927
6.20052
6.20177
6.20302
6.20426
6.2055
6.20673
6.20797
6.2092
6.21042
6.21165
6.21287
6.21409
6.2153
6.21652
6.21773
6.21893
6.22014
6.22134
6.22254
6.22374
6.22493
6.22613
6.22732
6.2285
6.22969
6.23087
6.23205
6.23323
6.23441
6.23558
6.23675
6.23792
6.23909
6.24026
6.24142
6.24258
6.24374
6.2449
6.24606
6.24722
6.24837
6.24952
6.25068
6.25183
6.25298
6.25412
6.25527
6.25642
6.25757
6.25871
6.25986
6.261
6.26214
6.26329
6.26443
6.26557
6.26671
6.26785
6.26899
6.27013
6.27128
6.27242
6.27356
6.2747
6.27584
6.27698
6.27812
6.27926
6.2804
6.28154
6.28268
6.28382
6.28497
6.28611
6.28725
6.28839
6.28954
6.29068
6.29183
6.29297
6.29412
6.29526
6.29641
6.29755
6.2987
6.29985
6.301
6.30214
6.30329
6.30444
6.30559
6.30674
6.30789
6.30904
6.31019
6.31134
6.31249
6.31364
6.31479
6.31594
6.31708
6.31822
6.31935
6.32048
6.32161
6.32274
6.32386
6.32498
6.32611
6.32723
6.32835
6.32947
6.33058
6.3317
6.33282
6.33393
6.33505
6.33617
6.33728
6.33839
6.33951
6.34062
6.34173
6.34284
6.34395
6.34506
6.34617
6.34727
6.34838
6.34949
6.3506
6.35171
6.35282
6.35393
6.35504
6.35615
6.35726
6.35837
6.35948
6.36059
6.3617
6.36281
6.36392
6.36503
6.36615
6.36726
6.36837
6.36948
6.3706
6.37171
6.37283
6.37394
6.37505
6.37617
6.37728
6.3784
6.37951
6.38063
6.38175
6.38286
6.38398
6.3851
6.38621
6.38733
6.38845
6.38957
6.39069
6.39181
6.39293
6.39405
6.39517
6.39629
6.39741
6.39854
6.39966
6.40079
6.40191
6.40304
6.40416
6.40529
6.40642
6.40755
6.40868
6.40981
6.41094
6.41207
6.41321
6.41434
6.41548
6.41661
6.41775
6.41889
6.42003
6.42117
6.42231
6.42345
6.42459
6.42574
6.42688
6.42803
6.42917
6.43032
6.43147
6.43262
6.43378
6.43493
6.43609
6.43725
6.43841
6.43957
6.44074
6.44191
6.44307
6.44425
6.44542
6.4466
6.44777
6.44895
6.45014
6.45132
6.45251
6.4537
6.45489
6.45608
6.45727
6.45847
6.45967
6.46087
6.46207
6.46328
6.46449
6.46569
6.4669
6.46812
6.46933
6.47054
6.47176
6.47298
6.47419
6.47541
6.47663
6.47786
6.47908
6.4803
6.48153
6.48275
6.48398
6.48521
6.48644
6.48767
6.4889
6.49014
6.49137
6.49261
6.49384
6.49508
6.49632
6.49756
6.4988
6.50004
6.50129
6.50253
6.50378
6.50502
6.50627
6.50752
6.50876
6.51001
6.51126
6.51251
6.51376
6.51501
6.51627
6.51752
6.51877
6.52003
6.52128
6.52253
6.52379
6.52504
6.5263
6.52756
6.52881
6.53007
6.53133
6.53258
6.53384
6.5351
6.53636
6.53762
6.53888
6.54014
6.5414
6.54266
6.54392
6.54518
6.54644
6.54771
6.54897
6.55023
6.5515
6.55276
6.55403
6.55529
6.55656
6.55783
6.5591
6.56037
6.56164
6.56291
6.56418
6.56545
6.56672
6.568
6.56927
6.57055
6.57183
6.5731
6.57438
6.57566
6.57695
6.57823
6.57951
6.5808
6.58208
6.58337
6.58466
6.58595
6.58724
6.58854
6.58983
6.59113
6.59243
6.59373
6.59503
6.59633
6.59764
6.59894
6.60025
6.60156
6.60287
6.60418
6.6055
6.60681
6.60813
6.60945
6.61077
6.6121
6.61342
6.61475
6.61608
6.61741
6.61874
6.62008
6.62142
6.62276
6.6241
6.62544
6.62678
6.62813
6.62948
6.63083
6.63218
6.63354
6.6349
6.63625
6.63762
6.63898
6.64034
6.64171
6.64308
6.64445
6.64582
6.6472
6.64858
6.64996
6.65134
6.65272
6.65411
6.65549
6.65688
6.65828
6.65967
6.66107
6.66246
6.66386
6.66527
6.66667
6.66808
6.66948
6.67089
6.67231
6.67372
6.67514
6.67655
6.67797
6.6794
6.68082
6.68225
6.68367
6.6851
6.68654
6.68797
6.68941
6.69084
6.69228
6.69373
6.69517
6.69662
6.69806
6.69951
6.70096
6.70242
6.70387
6.70533
6.70679
6.70825
6.70971
6.71118
6.71265
6.71411
6.71558
6.71706
6.71853
6.72001
6.72148
6.72296
6.72445
6.72593
6.72741
6.7289
6.73039
6.73188
6.73337
6.73487
6.73636
6.73786
6.73936
6.74086
6.74237
6.74387
6.74538
6.74689
6.7484
6.74991
6.75142
6.75294
6.75446
6.75598
6.7575
6.75902
6.76054
6.76207
6.7636
6.76513
6.76666
6.76819
6.76973
6.77127
6.77281
6.77435
6.77589
6.77743
6.77898
6.78053
6.78208
6.78363
6.78518
6.78673
6.78829
6.78985
6.79141
6.79297
6.79454
6.7961
6.79767
6.79924
6.80081
6.80238
6.80396
6.80553
6.80711
6.80869
6.81027
6.81186
6.81344
6.81503
6.81662
6.81821
6.81981
6.8214
6.823
6.8246
6.8262
6.8278
6.8294
6.83101
6.83262
6.83423
6.83584
6.83746
6.83907
6.84069
6.84231
6.84393
6.84556
6.84718
6.84881
6.85044
6.85208
6.85371
6.85535
6.85698
6.85863
6.86027
6.86191
6.86356
6.86521
6.86686
6.86851
6.87015
6.87178
6.87342
6.87504
6.87666
6.87828
6.87989
6.8815
6.88311
6.88471
6.88631
6.8879
6.8895
6.89109
6.89269
6.89429
6.89588
6.89748
6.89908
6.90068
6.90229
6.90389
6.9055
6.9071
6.90871
6.91032
6.91193
6.91354
6.91514
6.91675
6.91836
6.91997
6.92158
6.92318
6.92478
6.92637
6.92795
6.92953
6.9311
6.93267
6.93423
6.93579
6.93734
6.93889
6.94043
6.94197
6.94351
6.94504
6.94657
6.9481
6.94962
6.95114
6.95266
6.95417
6.95568
6.95719
6.95869
6.9602
6.9617
6.9632
6.96469
6.96618
6.96767
6.96916
6.97064
6.97212
6.9736
6.97507
6.97654
6.97801
6.97947
6.98093
6.98238
6.98383
6.98528
6.98672
6.98816
6.98959
6.99102
6.99244
6.99386
6.99528
6.99668
6.99809
6.99949
7.00089
7.00228
7.00366
7.00504
7.00642
7.00779
7.00916
7.01052
7.01188
7.01323
7.01458
7.01592
7.01726
7.01859
7.01992
7.02125
7.02257
7.02388
7.02519
7.0265
7.0278
7.0291
7.03039
7.03168
7.03297
7.03425
7.03553
7.0368
7.03807
7.03934
7.0406
7.04186
7.04311
7.04436
7.04561
7.04685
7.04809
7.04932
7.05056
7.05178
7.05301
7.05423
7.05545
7.05666
7.05787
7.05908
7.06028
7.06148
7.06268
7.06387
7.06506
7.06625
7.06743
7.06861
7.06979
7.07096
7.07213
7.0733
7.07446
7.07562
7.07678
7.07793
7.07908
7.08023
7.08137
7.08251
7.08365
7.08478
7.08591
7.08704
7.08817
7.08929
7.09041
7.09153
7.09264
7.09375
7.09486
7.09597
7.09707
7.09817
7.09927
7.10037
7.10146
7.10255
7.10364
7.10473
7.10582
7.1069
7.10798
7.10906
7.11014
7.11121
7.11229
7.11336
7.11443
7.1155
7.11657
7.11763
7.1187
7.11976
7.12082
7.12189
7.12295
7.124
7.12506
7.12612
7.12718
7.12823
7.12929
7.13034
7.13139
7.13244
7.1335
7.13455
7.1356
7.13665
7.1377
7.13875
7.1398
7.14084
7.14189
7.14294
7.14399
7.14504
7.14608
7.14713
7.14818
7.14923
7.15028
7.15132
7.15237
7.15342
7.15447
7.15552
7.15657
7.15761
7.15866
7.15971
7.16076
7.16181
7.16286
7.16391
7.16497
7.16602
7.16707
7.16812
7.16917
7.17022
7.17128
7.17233
7.17338
7.17444
7.17549
7.17654
7.1776
7.17865
7.1797
7.18075
7.1818
7.18284
7.18388
7.18492
7.18596
7.187
7.18803
7.18906
7.1901
7.19113
7.19216
7.19319
7.19422
7.19525
7.19628
7.1973
7.19833
7.19936
7.20038
7.2014
7.20243
7.20345
7.20448
7.2055
7.20652
7.20755
7.20857
7.20959
7.21062
7.21164
7.21267
7.21369
7.21472
7.21574
7.21677
7.2178
7.21882
7.21985
7.22088
7.22191
7.22294
7.22397
7.225
7.22603
7.22706
7.22809
7.22912
7.23016
7.23119
7.23223
7.23326
7.2343
7.23533
7.23637
7.23741
7.23845
7.23949
7.24053
7.24157
7.24261
7.24365
7.2447
7.24574
7.24679
7.24783
7.24888
7.24993
7.25097
7.25202
7.25307
7.25412
7.25518
7.25623
7.25728
7.25834
7.25939
7.26045
7.2615
7.26256
7.26362
7.26468
7.26574
7.2668
7.26786
7.26892
7.26998
7.27105
7.27211
7.27318
7.27424
7.27531
7.27638
7.27744
7.27851
7.27958
7.28065
7.28173
7.2828
7.28387
7.28495
7.28602
7.2871
7.28817
7.28925
7.29033
7.29141
7.29249
7.29357
7.29466
7.29574
7.29682
7.29791
7.299
7.30008
7.30117
7.30226
7.30335
7.30444
7.30553
7.30663
7.30772
7.30881
7.30991
7.31101
7.3121
7.3132
7.3143
7.3154
7.3165
7.31761
7.31871
7.31981
7.32092
7.32202
7.32313
7.32424
7.32535
7.32645
7.32756
7.32867
7.32979
7.3309
7.33201
7.33312
7.33423
7.33535
7.33646
7.33758
7.33869
7.33981
7.34092
7.34203
7.34314
7.34425
7.34535
7.34645
7.34756
7.34866
7.34976
7.35086
7.35196
7.35307
7.35417
7.35527
7.35637
7.35747
7.35857
7.35968
7.36078
7.36188
7.36298
7.36408
7.36518
7.36629
7.36739
7.36849
7.36959
7.37069
7.37179
7.37289
7.374
7.3751
7.3762
7.3773
7.3784
7.37951
7.38061
7.38171
7.38281
7.38391
7.38502
7.38612
7.38722
7.38833
7.38943
7.39053
7.39164
7.39274
7.39385
7.39495
7.39606
7.39716
7.39827
7.39938
7.40048
7.40159
7.4027
7.40381
7.40492
7.40603
7.40715
7.40826
7.40937
7.41049
7.4116
7.41272
7.41384
7.41495
7.41607
7.41719
7.41832
7.41944
7.42056
7.42169
7.42281
7.42394
7.42507
7.4262
7.42733
7.42846
7.42959
7.43073
7.43186
7.433
7.43414
7.43528
7.43642
7.43756
7.43871
7.43985
7.441
7.44215
7.4433
7.44445
7.44561
7.44676
7.44792
7.44907
7.45023
7.45139
7.45256
7.45372
7.45489
7.45605
7.45722
7.45839
7.45957
7.46074
7.46192
7.46309
7.46427
7.46545
7.46664
7.46782
7.469
7.47019
7.47138
7.47257
7.47376
7.47496
7.47615
7.47735
7.47855
7.47975
7.48095
7.48215
7.48336
7.48457
7.48577
7.48698
7.4882
7.48941
7.49062
7.49184
7.49306
7.49428
7.4955
7.49672
7.49795
7.49917
7.5004
7.50163
7.50286
7.50409
7.50533
7.50656
7.5078
7.50904
7.51028
7.51152
7.51276
7.51401
7.51525
7.5165
7.51775
7.519
7.52025
7.52151
7.52276
7.52402
7.52528
7.52654
7.5278
7.52906
7.53032
7.53159
7.53286
7.53412
7.53539
7.53666
7.53794
7.53921
7.54049
7.54176
7.54304
7.54432
7.5456
7.54689
7.54817
7.54946
7.55074
7.55203
7.55332
7.55461
7.5559
7.5572
7.55849
7.55979
7.56109
7.56238
7.56369
7.56499
7.56629
7.5676
7.5689
7.57021
7.57152
7.57283
7.57414
7.57545
7.57677
7.57808
7.5794
7.58072
7.58204
7.58336
7.58468
7.58601
7.58733
7.58866
7.58999
7.59132
7.59265
7.59398
7.59531
7.59665
7.59799
7.59932
7.60066
7.602
7.60335
7.60469
7.60604
7.60738
7.60873
7.61008
7.61143
7.61278
7.61414
7.61549
7.61685
7.61821
7.61957
7.62093
7.62229
7.62365
7.62502
7.62639
7.62775
7.62912
7.6305
7.63187
7.63324
7.63462
7.636
7.63737
7.63876
7.64014
7.64152
7.64291
7.64429
7.64568
7.64707
7.64846
7.64986
7.65125
7.65265
7.65405
7.65545
7.65685
7.65825
7.65966
7.66106
7.66247
7.66388
7.66529
7.66671
7.66812
7.66954
7.67096
7.67238
7.6738
7.67522
7.67665
7.67808
7.67951
7.68094
7.68237
7.68381
7.68524
7.68668
7.68812
7.68957
7.69101
7.69246
7.69391
7.69536
7.69681
7.69827
7.69972
7.70118
7.70263
7.70408
7.70552
7.70696
7.7084
7.70984
7.71127
7.7127
7.71413
7.71555
7.71698
7.7184
7.71982
7.72124
7.72266
7.72408
7.7255
7.72692
7.72834
7.72977
7.7312
7.73263
7.73406
7.73549
7.73693
7.73837
7.73981
7.74125
7.74269
7.74414
7.74558
7.74703
7.74847
7.74992
7.75136
7.75281
7.75425
7.7557
7.75714
7.75858
7.76002
7.76145
7.76287
7.7643
7.76572
7.76713
7.76855
7.76996
7.77136
7.77276
7.77416
7.77556
7.77695
7.77834
7.77972
7.78111
7.78249
7.78386
7.78524
7.78661
7.78797
7.78934
7.7907
7.79206
7.79342
7.79478
7.79613
7.79749
7.79884
7.80018
7.80153
7.80287
7.80421
7.80555
7.80689
7.80822
7.80955
7.81088
7.81221
7.81353
7.81485
7.81617
7.81748
7.81879
7.8201
7.8214
7.8227
7.824
7.82529
7.82658
7.82786
7.82915
7.83042
7.8317
7.83297
7.83424
7.8355
7.83676
7.83802
7.83927
7.84052
7.84176
7.84301
7.84425
7.84548
7.84671
7.84794
7.84917
7.85039
7.85161
7.85283
7.85404
7.85525
7.85646
7.85767
7.85887
7.86007
7.86127
7.86247
7.86366
7.86485
7.86604
7.86723
7.86841
7.8696
7.87078
7.87195
7.87313
7.8743
7.87548
7.87664
7.87781
7.87898
7.88014
7.8813
7.88246
7.88361
7.88477
7.88592
7.88707
7.88822
7.88936
7.89051
7.89165
7.89279
7.89393
7.89506
7.8962
7.89733
7.89846
7.89959
7.90072
7.90184
7.90297
7.90409
7.90521
7.90632
7.90744
7.90855
7.90967
7.91078
7.91189
7.913
7.9141
7.91521
7.91631
7.91741
7.91851
7.91961
7.92071
7.9218
7.9229
7.92399
7.92509
7.92618
7.92727
7.92836
7.92944
7.93053
7.93162
7.9327
7.93378
7.93487
7.93595
7.93703
7.93811
7.93919
7.94027
7.94135
7.94243
7.9435
7.94458
7.94565
7.94673
7.9478
7.94888
7.94995
7.95102
7.95209
7.95316
7.95424
7.95531
7.95638
7.95745
7.95852
7.95958
7.96065
7.96172
7.96279
7.96386
7.96492
7.96599
7.96706
7.96813
7.96919
7.97026
7.97133
7.97239
7.97346
7.97453
7.97559
7.97666
7.97773
7.97879
7.97986
7.98092
7.98199
7.98306
7.98413
7.98519
7.98626
7.98733
7.98839
7.98946
7.99053
7.9916
7.99267
7.99374
7.9948
7.99587
7.99694
7.99801
7.99908
8.00015
8.00122
8.00229
8.00336
8.00444
8.00551
8.00658
8.00765
8.00873
8.0098
8.01087
8.01195
8.01302
8.0141
8.01517
8.01625
8.01732
8.0184
8.01947
8.02054
8.02162
8.02269
8.02377
8.02484
8.02591
8.02699
8.02806
8.02913
8.03021
8.03128
8.03235
8.03342
8.0345
8.03557
8.03664
8.03772
8.03879
8.03986
8.04094
8.04201
8.04308
8.04416
8.04523
8.04631
8.04738
8.04845
8.04953
8.05061
8.05168
8.05276
8.05383
8.05491
8.05599
8.05707
8.05814
8.05922
8.0603
8.06138
8.06246
8.06354
8.06462
8.0657
8.06678
8.06786
8.06895
8.07003
8.07111
8.0722
8.07328
8.07437
8.07545
8.07654
8.07762
8.07871
8.0798
8.08089
8.08198
8.08307
8.08416
8.08525
8.08634
8.08743
8.08852
8.08962
8.09071
8.0918
8.0929
8.094
8.09509
8.09619
8.09729
8.09839
8.09949
8.10059
8.1017
8.1028
8.10391
8.10501
8.10612
8.10723
8.10833
8.10944
8.11056
8.11167
8.11278
8.11389
8.11501
8.11613
8.11724
8.11836
8.11948
8.1206
8.12173
8.12285
8.12397
8.1251
8.12622
8.12735
8.12848
8.12961
8.13074
8.13187
8.13301
8.13414
8.13528
8.13641
8.13755
8.13869
8.13983
8.14097
8.14212
8.14326
8.1444
8.14555
8.1467
8.14785
8.14899
8.15015
8.1513
8.15245
8.1536
8.15476
8.15591
8.15707
8.15823
8.15938
8.16054
8.16171
8.16287
8.16403
8.16519
8.16636
8.16752
8.16869
8.16986
8.17102
8.17219
8.17336
8.17453
8.1757
8.17688
8.17805
8.17922
8.1804
8.18157
8.18275
8.18392
8.1851
8.18628
8.18746
8.18864
8.18982
8.191
8.19218
8.19336
8.19454
8.19573
8.19691
8.19809
8.19928
8.20046
8.20165
8.20284
8.20402
8.20521
8.20639
8.20757
8.20876
8.20994
8.21112
8.2123
8.21348
8.21467
8.21585
8.21703
8.21822
8.2194
8.22059
8.22178
8.22296
8.22415
8.22534
8.22653
8.22772
8.22891
8.2301
8.23129
8.23249
8.23368
8.23488
8.23607
8.23727
8.23847
8.23967
8.24087
8.24207
8.24327
8.24447
8.24568
8.24688
8.24809
8.24929
8.2505
8.25171
8.25292
8.25413
8.25534
8.25656
8.25777
8.25899
8.26021
8.26143
8.26265
8.26387
8.26509
8.26632
8.26754
8.26877
8.27
8.27123
8.27246
8.2737
8.27493
8.27617
8.27741
8.27865
8.27989
8.28113
8.28238
8.28363
8.28487
8.28613
8.28738
8.28863
8.28989
8.29114
8.2924
8.29366
8.29493
8.29619
8.29746
8.29873
8.3
8.30127
8.30254
8.30382
8.3051
8.30638
8.30766
8.30894
8.31023
8.31151
8.3128
8.31409
8.31539
8.31668
8.31798
8.31928
8.32058
8.32188
8.32318
8.32449
8.3258
8.32711
8.32842
8.32973
8.33105
8.33236
8.33368
8.33501
8.33633
8.33765
8.33898
8.34031
8.34164
8.34297
8.34431
8.34564
8.34698
8.34832
8.34966
8.35101
8.35235
8.3537
8.35505
8.3564
8.35775
8.35911
8.36046
8.36182
8.36318
8.36454
8.3659
8.36727
8.36864
8.37
8.37137
8.37275
8.37412
8.37549
8.37687
8.37825
8.37963
8.38101
8.3824
8.38378
8.38517
8.38656
8.38795
8.38934
8.39073
8.39213
8.39352
8.39492
8.39632
8.39772
8.39913
8.40053
8.40194
8.40334
8.40475
8.40616
8.40758
8.40899
8.41041
8.41182
8.41324
8.41466
8.41609
8.41751
8.41893
8.42036
8.42179
8.42322
8.42465
8.42608
8.42752
8.42895
8.43039
8.43183
8.43327
8.43471
8.43616
8.4376
8.43905
8.4405
8.44195
8.4434
8.44485
8.44631
8.44776
8.44922
8.45068
8.45214
8.45361
8.45507
8.45654
8.458
8.45947
8.46094
8.46242
8.46389
8.46537
8.46684
8.46832
8.4698
8.47129
8.47277
8.47426
8.47574
8.47723
8.47872
8.4802
8.48168
8.48316
8.48464
8.48612
8.48759
8.48906
8.49053
8.492
8.49346
8.49493
8.49639
8.49785
8.49932
8.50078
8.50224
8.5037
8.50517
8.50663
8.5081
8.50957
8.51103
8.5125
8.51397
8.51544
8.51691
8.51838
8.51986
8.52133
8.52281
8.52428
8.52576
8.52723
8.52871
8.53018
8.53165
8.53312
8.53459
8.53606
8.53753
8.53899
8.54046
8.54192
8.54338
8.54484
8.5463
8.54776
8.54921
8.55066
8.55211
8.55356
8.55501
8.55645
8.55789
8.55933
8.56077
8.5622
8.56363
8.56506
8.56649
8.56791
8.56933
8.57075
8.57217
8.57358
8.575
8.5764
8.57781
8.57921
8.58061
8.58201
8.58341
8.5848
8.58618
8.58757
8.58895
8.59033
8.5917
8.59307
8.59444
8.59581
8.59716
8.59852
8.59987
8.60122
8.60257
8.60391
8.60524
8.60658
8.6079
8.60923
8.61055
8.61187
8.61318
8.61449
8.61579
8.61709
8.61839
8.61968
8.62097
8.62226
8.62354
8.62482
8.62609
8.62736
8.62863
8.62989
8.63115
8.63241
8.63367
8.63492
8.63617
8.63741
8.63865
8.63989
8.64113
8.64236
8.64359
8.64482
8.64604
8.64726
8.64848
8.6497
8.65091
8.65212
8.65333
8.65453
8.65574
8.65694
8.65813
8.65933
8.66052
8.66171
8.6629
8.66408
8.66527
8.66645
8.66762
8.6688
8.66997
8.67115
8.67232
8.67348
8.67465
8.67581
8.67698
8.67814
8.67929
8.68045
8.68161
8.68276
8.68391
8.68506
8.68621
8.68735
8.6885
8.68964
8.69078
8.69192
8.69306
8.6942
8.69534
8.69647
8.69761
8.69874
8.69987
8.701
8.70214
8.70326
8.70439
8.70552
8.70665
8.70777
8.7089
8.71002
8.71115
8.71227
8.7134
8.71452
8.71564
8.71677
8.71789
8.71901
8.72013
8.72125
8.72237
8.7235
8.72462
8.72574
8.72686
8.72798
8.7291
8.73022
8.73134
8.73247
8.73359
8.73471
8.73583
8.73695
8.73807
8.7392
8.74032
8.74144
8.74257
8.74369
8.74481
8.74594
8.74706
8.74819
8.74931
8.75044
8.75156
8.75269
8.75382
8.75494
8.75607
8.7572
8.75833
8.75946
8.76059
8.76172
8.76285
8.76398
8.76511
8.76624
8.76737
8.76851
8.76964
8.77077
8.77191
8.77304
8.77418
8.77531
8.77645
8.77759
8.77872
8.77986
8.781
8.78214
8.78328
8.78442
8.78555
8.78669
8.78783
8.78897
8.79011
8.79125
8.79238
8.79352
8.79466
8.79579
8.79692
8.79806
8.79919
8.80032
8.80145
8.80259
8.80372
8.80485
8.80598
8.80711
8.80824
8.80938
8.81051
8.81164
8.81277
8.81391
8.81504
8.81617
8.81731
8.81844
8.81958
8.82071
8.82185
8.82299
8.82412
8.82526
8.8264
8.82754
8.82868
8.82982
8.83096
8.8321
8.83324
8.83438
8.83552
8.83666
8.83781
8.83895
8.8401
8.84124
8.84239
8.84353
8.84468
8.84583
8.84697
8.84812
8.84927
8.85042
8.85157
8.85272
8.85387
8.85502
8.85618
8.85733
8.85848
8.85964
8.86079
8.86195
8.8631
8.86426
8.86542
8.86657
8.86773
8.86889
8.87005
8.87121
8.87237
8.87353
8.87469
8.87586
8.87702
8.87818
8.87935
8.88052
8.88168
8.88285
8.88402
8.88519
8.88636
8.88754
8.88871
8.88989
8.89106
8.89224
8.89342
8.8946
8.89578
8.89696
8.89814
8.89933
8.90051
8.9017
8.90289
8.90408
8.90527
8.90646
8.90765
8.90885
8.91004
8.91124
8.91244
8.91364
8.91484
8.91604
8.91725
8.91845
8.91966
8.92087
8.92208
8.92329
8.9245
8.92572
8.92693
8.92815
8.92937
8.93059
8.93181
8.93303
8.93425
8.93548
8.93671
8.93793
8.93916
8.94039
8.94163
8.94286
8.9441
8.94533
8.94657
8.94781
8.94905
8.95029
8.95154
8.95278
8.95403
8.95527
8.95652
8.95777
8.95902
8.96028
8.96153
8.96279
8.96404
8.9653
8.96656
8.96782
8.96908
8.97034
8.97161
8.97287
8.97414
8.9754
8.97667
8.97794
8.97921
8.98048
8.98176
8.98303
8.98431
8.98558
8.98686
8.98814
8.98942
8.9907
8.99198
8.99326
8.99454
8.99583
8.99711
8.9984
8.99968
9.00097
9.00226
9.00355
9.00484
9.00613
9.00743
9.00872
9.01002
9.01131
9.01261
9.01391
9.01521
9.0165
9.01781
9.01911
9.02041
9.02171
9.02301
9.02431
9.02562
9.02692
9.02823
9.02954
9.03084
9.03215
9.03346
9.03477
9.03609
9.0374
9.03871
9.04003
9.04135
9.04267
9.04399
9.04531
9.04663
9.04795
9.04928
9.0506
9.05193
9.05326
9.05459
9.05593
9.05726
9.05859
9.05993
9.06127
9.06261
9.06395
9.0653
9.06664
9.06799
9.06934
9.07069
9.07204
9.07339
9.07475
9.07611
9.07747
9.07883
9.08019
9.08156
9.08292
9.08429
9.08566
9.08704
9.08841
9.08979
9.09117
9.09255
9.09393
9.09532
9.0967
9.09809
9.09948
9.10088
9.10227
9.10367
9.10507
9.10647
9.10787
9.10928
9.11069
9.1121
9.11351
9.11493
9.11634
9.11776
9.11918
9.12061
9.12203
9.12346
9.12489
9.12632
9.12776
9.12919
9.13063
9.13207
9.13352
9.13496
9.13641
9.13786
9.13931
9.14077
9.14222
9.14368
9.14514
9.14661
9.14807
9.14954
9.15101
9.15248
9.15396
9.15543
9.15691
9.15839
9.15988
9.16136
9.16285
9.16434
9.16583
9.16733
9.16882
9.17032
9.17182
9.17332
9.17483
9.17633
9.17784
9.17935
9.18087
9.18238
9.1839
9.18542
9.18694
9.18846
9.18999
9.19152
9.19305
9.19458
9.19611
9.19765
9.19919
9.20073
9.20227
9.20381
9.20536
9.2069
9.20845
9.21001
9.21156
9.21312
9.21467
9.21623
9.21779
9.21936
9.22092
9.22249
9.22406
9.22563
9.22721
9.22878
9.23036
9.23194
9.23352
9.2351
9.23668
9.23827
9.23986
9.24145
9.24304
9.24464
9.24623
9.24783
9.24943
9.25103
9.25263
9.25424
9.25585
9.25746
9.25907
9.26068
9.26229
9.26391
9.26553
9.26715
9.26877
9.2704
9.27202
9.27363
9.27525
9.27686
9.27846
9.28006
9.28166
9.28326
9.28485
9.28644
9.28803
9.28961
9.2912
9.29278
9.29436
9.29595
9.29753
9.29912
9.3007
9.30229
9.30388
9.30547
9.30707
9.30866
9.31025
9.31185
9.31345
9.31505
9.31664
9.31824
9.31984
9.32144
9.32304
9.32463
9.32623
9.32782
9.3294
9.33098
9.33256
9.33414
9.33571
9.33728
9.33885
9.34041
9.34198
9.34354
9.34509
9.34665
9.3482
9.34975
9.35129
9.35284
9.35438
9.35592
9.35745
9.35898
9.36051
9.36204
9.36357
9.36509
9.36661
9.36812
9.36964
9.37114
9.37265
9.37415
9.37565
9.37714
9.37863
9.38012
9.3816
9.38308
9.38456
9.38602
9.38749
9.38895
9.39041
9.39186
9.39331
9.39475
9.39619
9.39762
9.39905
9.40047
9.40189
9.4033
9.40471
9.40612
9.40752
9.40892
9.41031
9.4117
9.41308
9.41446
9.41583
9.4172
9.41857
9.41993
9.42129
9.42264
9.42399
9.42533
9.42668
9.42801
9.42935
9.43068
9.43201
9.43333
9.43465
9.43596
9.43728
9.43858
9.43989
9.44119
9.44249
9.44378
9.44507
9.44636
9.44765
9.44893
9.4502
9.45148
9.45275
9.45401
9.45528
9.45654
9.4578
9.45905
9.4603
9.46155
9.46279
9.46403
9.46527
9.46651
9.46774
9.46897
9.47019
9.47141
9.47263
9.47385
9.47506
9.47627
9.47748
9.47869
9.47989
9.48109
9.48228
9.48348
9.48467
9.48585
9.48704
9.48822
9.4894
9.49058
9.49175
9.49292
9.49409
9.49526
9.49642
9.49759
9.49875
9.4999
9.50106
9.50221
9.50336
9.50451
9.50566
9.50681
9.50795
9.5091
9.51024
9.51138
9.51252
9.51365
9.51479
9.51593
9.51706
9.51819
9.51933
9.52046
9.52159
9.52272
9.52385
9.52498
9.5261
9.52723
9.52836
9.52948
9.53061
9.53174
9.53286
9.53399
9.53511
9.53624
9.53736
9.53849
9.53961
9.54074
9.54186
9.54299
9.54411
9.54524
9.54637
9.54749
9.54862
9.54974
9.55087
9.552
9.55312
9.55425
9.55538
9.55651
9.55764
9.55877
9.5599
9.56103
9.56216
9.56329
9.56442
9.56556
9.56669
9.56782
9.56896
9.57009
9.57123
9.57236
9.5735
9.57463
9.57577
9.5769
9.57804
9.57918
9.58031
9.58145
9.58259
9.58373
9.58486
9.586
9.58713
9.58826
9.58939
9.59051
9.59163
9.59275
9.59387
9.59498
9.5961
9.59721
9.59832
9.59943
9.60054
9.60165
9.60276
9.60386
9.60497
9.60608
9.60718
9.60829
9.60939
9.61049
9.6116
9.6127
9.61381
9.61491
9.61602
9.61712
9.61823
9.61933
9.62044
9.62154
9.62265
9.62376
9.62486
9.62597
9.62708
9.62819
9.62929
9.6304
9.63151
9.63262
9.63373
9.63484
9.63594
9.63705
9.63816
9.63927
9.64038
9.64149
9.6426
9.64371
9.64482
9.64593
9.64705
9.64816
9.64927
9.65038
9.65149
9.65261
9.65372
9.65483
9.65595
9.65706
9.65818
9.65929
9.66041
9.66153
9.66265
9.66377
9.6649
9.66602
9.66715
9.66827
9.6694
9.67053
9.67166
9.6728
9.67393
9.67507
9.6762
9.67734
9.67849
9.67963
9.68077
9.68192
9.68307
9.68422
9.68537
9.68652
9.68768
9.68884
9.68999
9.69115
9.69231
9.69348
9.69464
9.69581
9.69697
9.69814
9.69931
9.70048
9.70166
9.70283
9.70401
9.70518
9.70636
9.70754
9.70872
9.7099
9.71108
9.71227
9.71345
9.71464
9.71583
9.71702
9.71821
9.7194
9.72059
9.72179
9.72298
9.72418
9.72538
9.72658
9.72778
9.72898
9.73019
9.73139
9.7326
9.73381
9.73501
9.73622
9.73743
9.73865
9.73986
9.74107
9.74228
9.7435
9.74472
9.74593
9.74715
9.74837
9.74958
9.7508
9.75202
9.75324
9.75446
9.75569
9.75691
9.75813
9.75935
9.76058
9.7618
9.76302
9.76425
9.76547
9.7667
9.76792
9.76915
9.77038
9.7716
9.77283
9.77406
9.77528
9.77651
9.77774
9.77897
9.7802
9.78143
9.78266
9.78388
9.78511
9.78634
9.78757
9.7888
9.79003
9.79126
9.79249
9.79372
9.79495
9.79618
9.79741
9.79863
9.79986
9.80109
9.80232
9.80355
9.80478
9.80601
9.80724
9.80847
9.8097
9.81093
9.81216
9.81339
9.81463
9.81586
9.81709
9.81833
9.81956
9.8208
9.82204
9.82327
9.82451
9.82575
9.82699
9.82823
9.82947
9.83071
9.83195
9.8332
9.83444
9.83569
9.83694
9.83818
9.83943
9.84068
9.84194
9.84319
9.84444
9.8457
9.84696
9.84822
9.84948
9.85074
9.852
9.85326
9.85453
9.8558
9.85707
9.85834
9.85961
9.86089
9.86216
9.86344
9.86472
9.866
9.86728
9.86857
9.86986
9.87115
9.87244
9.87373
9.87502
9.87632
9.87762
9.87892
9.88022
9.88153
9.88282
9.88412
9.88541
9.8867
9.88799
9.88927
9.89056
9.89183
9.89311
9.89438
9.89566
9.89693
9.8982
9.89947
9.90074
9.90201
9.90328
9.90456
9.90583
9.90711
9.90839
9.90967
9.91096
9.91225
9.91354
9.91483
9.91613
9.91742
9.91872
9.92002
9.92133
9.92263
9.92394
9.92524
9.92655
9.92786
9.92917
9.93048
9.93179
9.9331
9.93442
9.93573
9.93704
9.93836
9.93967
9.94099
9.9423
9.94362
9.94494
9.94626
9.94758
9.9489
9.95022
9.95154
9.95286
9.95418
9.9555
9.95683
9.95815
9.95947
9.9608
9.96212
9.96344
9.96477
9.96609
9.96742
9.96874
9.97007
9.97139
9.97271
9.97403
9.97535
9.97667
9.97799
9.97931
9.98063
9.98194
9.98326
9.98457
9.98588
9.9872
9.98851
9.98982
9.99113
9.99243
9.99373
9.99503
9.99633
9.99762
9.99891
10.0002
10.0015
10.0028
10.004
10.0053
10.0066
10.0079
10.0091
10.0104
10.0117
10.0129
10.0142
10.0154
10.0167
10.0179
10.0192
10.0204
10.0217
10.0229
10.0241
10.0253
10.0265
10.0277
10.0289
10.0301
10.0313
10.0324
10.0336
10.0348
10.0359
10.0371
10.0382
10.0393
10.0405
10.0416
10.0427
10.0438
10.0449
10.046
10.0471
10.0482
10.0493
10.0504
10.0515
10.0525
10.0536
10.0547
10.0557
10.0568
10.0579
10.0589
10.0599
10.061
10.062
10.063
10.0641
10.0651
10.0661
10.0671
10.0681
10.0691
10.0701
10.071
10.072
10.073
10.074
10.0749
10.0759
10.0768
10.0777
10.0787
10.0796
10.0805
10.0814
10.0824
10.0833
10.0842
10.0851
10.0859
10.0868
10.0877
10.0886
10.0895
10.0903
10.0912
10.092
10.0929
10.0937
10.0946
10.0954
10.0963
10.0971
10.0979
10.0988
10.0996
10.1004
10.1012
10.1021
10.1029
10.1037
10.1045
10.1053
10.1061
10.1069
10.1077
10.1085
10.1093
10.1101
10.1109
10.1116
10.1124
10.1132
10.114
10.1147
10.1155
10.1162
10.117
10.1177
10.1185
10.1192
10.1199
10.1206
10.1214
10.1221
10.1228
10.1235
10.1242
10.1249
10.1256
10.1262
10.1269
10.1276
10.1283
10.1289
10.1296
10.1303
10.1309
10.1316
10.1322
10.1329
10.1335
10.1342
10.1348
10.1355
10.1361
10.1367
10.1374
10.138
10.1386
10.1393
10.1399
10.1405
10.1411
10.1417
10.1424
10.143
10.1436
10.1442
10.1448
10.1454
10.146
10.1466
10.1472
10.1478
10.1483
10.1489
10.1495
10.1501
10.1507
10.1513
10.1518
10.1524
10.153
10.1536
10.1541
10.1547
10.1552
10.1558
10.1564
10.1569
10.1575
10.158
10.1586
10.1591
10.1597
10.1602
10.1607
10.1613
10.1618
10.1623
10.1629
10.1634
10.1639
10.1645
10.165
10.1655
10.166
10.1665
10.1671
10.1676
10.1681
10.1686
10.1691
10.1696
10.1701
10.1706
10.1711
10.1716
10.1721
10.1726
10.1731
10.1736
10.174
10.1745
10.175
10.1755
10.1759
10.1764
10.1769
10.1774
10.1778
10.1783
10.1788
10.1792
10.1797
10.1801
10.1806
10.181
10.1815
10.1819
10.1824
10.1828
10.1832
10.1837
10.1841
10.1845
10.1849
10.1854
10.1858
10.1862
10.1866
10.187
10.1874
10.1878
10.1883
10.1887
10.1891
10.1894
10.1898
10.1902
10.1906
10.191
10.1914
10.1918
10.1922
10.1925
10.1929
10.1933
10.1936
10.194
10.1944
10.1947
10.1951
10.1955
10.1958
10.1962
10.1965
10.1969
10.1972
10.1976
10.1979
10.1983
10.1986
10.1989
10.1993
10.1996
10.2
10.2003
10.2006
10.201
10.2013
10.2016
10.2019
10.2023
10.2026
10.2029
10.2033
10.2036
10.2039
10.2042
10.2045
10.2049
10.2052
10.2055
10.2058
10.2061
10.2064
10.2067
10.2071
10.2074
10.2077
10.208
10.2083
10.2086
10.2089
10.2092
10.2095
10.2098
10.2101
10.2104
10.2107
10.2111
10.2114
10.2117
10.212
10.2123
10.2126
10.2129
10.2132
10.2135
10.2138
10.2141
10.2144
10.2147
10.215
10.2152
10.2155
10.2158
10.2161
10.2164
10.2167
10.217
10.2173
10.2176
10.2178
10.2181
10.2184
10.2187
10.219
10.2193
10.2195
10.2198
10.2201
10.2204
10.2206
10.2209
10.2212
10.2214
10.2217
10.222
10.2222
10.2225
10.2228
10.223
10.2233
10.2235
10.2238
10.2241
10.2243
10.2246
10.2248
10.2251
10.2253
10.2256
10.2258
10.2261
10.2263
10.2266
10.2268
10.227
10.2273
10.2275
10.2278
10.228
10.2282
10.2285
10.2287
10.2289
10.2291
10.2294
10.2296
10.2298
10.23
10.2302
10.2304
10.2307
10.2309
10.2311
10.2313
10.2315
10.2317
10.2319
10.2321
10.2323
10.2325
10.2326
10.2328
10.233
10.2332
10.2334
10.2335
10.2337
10.2339
10.2341
10.2342
10.2344
10.2345
10.2347
10.2349
10.235
10.2352
10.2353
10.2355
10.2356
10.2357
10.2359
10.236
10.2361
10.2363
10.2364
10.2365
10.2366
10.2368
10.2369
10.237
10.2371
10.2372
10.2373
10.2374
10.2375
10.2376
10.2377
10.2378
10.2379
10.238
10.2381
10.2382
10.2383
10.2384
10.2385
10.2385
10.2386
10.2387
10.2388
10.2389
10.2389
10.239
10.2391
10.2391
10.2392
10.2393
10.2393
10.2394
10.2394
10.2395
10.2395
10.2396
10.2397
10.2397
10.2398
10.2398
10.2399
10.2399
10.2399
10.24
10.24
10.2401
10.2401
10.2402
10.2402
10.2402
10.2403
10.2403
10.2403
10.2404
10.2404
10.2404
10.2405
10.2405
10.2405
10.2406
10.2406
10.2406
10.2407
10.2407
10.2407
10.2407
10.2408
10.2408
10.2408
10.2408
10.2409
10.2409
10.2409
10.2409
10.241
10.241
10.241
10.241
10.2411
10.2411
10.2411
10.2411
10.2412
10.2412
10.2412
10.2412
10.2413
10.2413
10.2413
10.2413
10.2414
10.2414
10.2414
10.2414
10.2414
10.2415
10.2415
10.2415
10.2415
10.2415
10.2415
10.2416
10.2416
10.2416
10.2416
10.2416
10.2416
10.2416
10.2416
10.2416
10.2416
10.2416
10.2417
10.2417
10.2417
10.2417
10.2416
10.2416
10.2416
10.2416
10.2416
10.2416
10.2416
10.2416
10.2416
10.2415
10.2415
10.2415
10.2415
10.2414
10.2414
10.2414
10.2413
10.2413
10.2412
10.2412
10.2412
10.2411
10.2411
10.241
10.241
10.2409
10.2409
10.2408
10.2407
10.2407
10.2406
10.2405
10.2405
10.2404
10.2403
10.2402
10.2402
10.2401
10.24
10.2399
10.2398
10.2397
10.2396
10.2395
10.2394
10.2393
10.2392
10.2391
10.239
10.2389
10.2388
10.2387
10.2386
10.2384
10.2383
10.2382
10.2381
10.2379
10.2378
10.2377
10.2375
10.2374
10.2372
10.2371
10.2369
10.2368
10.2366
10.2365
10.2363
10.2361
10.236
10.2358
10.2356
10.2354
10.2352
10.235
10.2348
10.2347
10.2345
10.2342
10.234
10.2338
10.2336
10.2334
10.2332
10.233
10.2327
10.2325
10.2323
10.2321
10.2318
10.2316
10.2313
10.2311
10.2308
10.2306
10.2303
10.2301
10.2298
10.2296
10.2293
10.229
10.2288
10.2285
10.2282
10.2279
10.2277
10.2274
10.2271
10.2268
10.2265
10.2263
10.226
10.2257
10.2254
10.2251
10.2248
10.2245
10.2242
10.2239
10.2236
10.2233
10.223
10.2227
10.2224
10.2221
10.2218
10.2215
10.2212
10.2209
10.2206
10.2203
10.22
10.2197
10.2193
10.219
10.2187
10.2184
10.2181
10.2178
10.2175
10.2172
10.2169
10.2165
10.2162
10.2159
10.2156
10.2153
10.215
10.2147
10.2144
10.214
10.2137
10.2134
10.2131
10.2128
10.2125
10.2122
10.2119
10.2115
10.2112
10.2109
10.2106
10.2103
10.21
10.2097
10.2093
10.209
10.2087
10.2084
10.2081
10.2078
10.2074
10.2071
10.2068
10.2065
10.2062
10.2059
10.2056
10.2052
10.2049
10.2046
10.2043
10.204
10.2036
10.2033
10.203
10.2027
10.2024
10.2021
10.2017
10.2014
10.2011
10.2008
10.2005
10.2001
10.1998
10.1995
10.1992
10.1988
10.1985
10.1982
10.1979
10.1975
10.1972
10.1969
10.1966
10.1962
10.1959
10.1956
10.1952
10.1949
10.1946
10.1942
10.1939
10.1936
10.1932
10.1929
10.1926
10.1922
10.1919
10.1915
10.1912
10.1909
10.1905
10.1902
10.1898
10.1895
10.1891
10.1888
10.1884
10.1881
10.1877
10.1873
10.187
10.1866
10.1863
10.1859
10.1855
10.1852
10.1848
10.1844
10.1841
10.1837
10.1833
10.1829
10.1826
10.1822
10.1818
10.1814
10.181
10.1806
10.1803
10.1799
10.1795
10.1791
10.1787
10.1783
10.1779
10.1775
10.1771
10.1767
10.1763
10.1758
10.1754
10.175
10.1746
10.1742
10.1738
10.1733
10.1729
10.1725
10.1721
10.1716
10.1712
10.1708
10.1703
10.1699
10.1694
10.169
10.1686
10.1681
10.1677
10.1672
10.1667
10.1663
10.1658
10.1654
10.1649
10.1644
10.164
10.1635
10.163
10.1626
10.1621
10.1616
10.1611
10.1607
10.1602
10.1597
10.1592
10.1587
10.1582
10.1577
10.1572
10.1567
10.1562
10.1557
10.1552
10.1547
10.1542
10.1537
10.1532
10.1527
10.1521
10.1516
10.1511
10.1506
10.1501
10.1495
10.149
10.1485
10.1479
10.1474
10.1469
10.1463
10.1458
10.1453
10.1447
10.1442
10.1436
10.1431
10.1425
10.142
10.1414
10.1409
10.1403
10.1398
10.1392
10.1386
10.1381
10.1375
10.1369
10.1364
10.1358
10.1352
10.1347
10.1341
10.1335
10.1329
10.1324
10.1318
10.1312
10.1306
10.13
10.1295
10.1289
10.1283
10.1277
10.1271
10.1265
10.1259
10.1253
10.1247
10.1241
10.1235
10.1229
10.1223
10.1217
10.1211
10.1205
10.1199
10.1193
10.1186
10.118
10.1174
10.1168
10.1162
10.1156
10.1149
10.1143
10.1137
10.113
10.1124
10.1118
10.1111
10.1105
10.1099
10.1092
10.1086
10.1079
10.1073
10.1066
10.106
10.1053
10.1047
10.104
10.1034
10.1027
10.102
10.1014
10.1007
10.1
10.0994
10.0987
10.098
10.0973
10.0967
10.096
10.0953
10.0946
10.0939
10.0932
10.0925
10.0918
10.0911
10.0904
10.0897
10.0889
10.0882
10.0875
10.0868
10.0861
10.0853
10.0846
10.0839
10.0831
10.0824
10.0816
10.0809
10.0802
10.0794
10.0787
10.0779
10.0771
10.0764
10.0756
10.0749
10.0741
10.0733
10.0726
10.0718
10.071
10.0702
10.0695
10.0687
10.0679
10.0671
10.0663
10.0655
10.0647
10.0639
10.0631
10.0623
10.0615
10.0607
10.0599
10.0591
10.0583
10.0575
10.0566
10.0558
10.055
10.0542
10.0533
10.0525
10.0517
10.0508
10.05
10.0491
10.0483
10.0474
10.0466
10.0457
10.0449
10.044
10.0431
10.0423
10.0414
10.0405
10.0396
10.0388
10.0379
10.037
10.0361
10.0352
10.0343
10.0334
10.0325
10.0316
10.0307
10.0298
10.0288
10.0279
10.027
10.0261
10.0251
10.0242
10.0233
10.0223
10.0214
10.0204
10.0195
10.0185
10.0175
10.0166
10.0156
10.0146
10.0136
10.0127
10.0117
10.0107
10.0097
10.0087
10.0077
10.0067
10.0057
10.0047
10.0036
10.0026
10.0016
10.0006
9.99954
9.9985
9.99747
9.99643
9.99538
9.99434
9.99329
9.99223
9.99118
9.99012
9.98906
9.988
9.98693
9.98586
9.98479
9.98372
9.98264
9.98157
9.98049
9.97941
9.97832
9.97724
9.97615
9.97506
9.97397
9.97288
9.97178
9.97068
9.96959
9.96849
9.96739
9.96628
9.96518
9.96407
9.96297
9.96186
9.96075
9.95964
9.95852
9.95741
9.95629
9.95518
9.95406
9.95294
9.95182
9.95069
9.94957
9.94844
9.94732
9.94619
9.94506
9.94393
9.9428
9.94166
9.94053
9.93939
9.93825
9.93711
9.93597
9.93483
9.93368
9.93253
9.93139
9.93024
9.92909
9.92794
9.92678
9.92563
9.92447
9.92331
9.92215
9.92098
9.91981
9.91863
9.91745
9.91627
9.91509
9.9139
9.91271
9.91152
9.91032
9.90912
9.90793
9.90673
9.90552
9.90432
9.90312
9.90191
9.9007
9.8995
9.89829
9.89708
9.89587
9.89465
9.89344
9.89223
9.89102
9.8898
9.88859
9.88737
9.88615
9.88494
9.88372
9.8825
9.88128
9.88006
9.87883
9.87761
9.87638
9.87516
9.87393
9.8727
9.87147
9.87023
9.869
9.86776
9.86653
9.86529
9.86404
9.8628
9.86155
9.86031
9.85906
9.85781
9.85655
9.8553
9.85404
9.85278
9.85152
9.85026
9.84899
9.84772
9.84645
9.84518
9.84391
9.84263
9.84136
9.84008
9.83879
9.83751
9.83622
9.83494
9.83365
9.83235
9.83106
9.82976
9.82846
9.82716
9.82585
9.82454
9.82322
9.8219
9.82058
9.81926
9.81793
9.8166
9.81527
9.81393
9.81259
9.81125
9.80991
9.80856
9.80721
9.80586
9.80451
9.80315
9.80179
9.80043
9.79906
9.79769
9.79632
9.79495
9.79357
9.79219
9.79081
9.78943
9.78804
9.78665
9.78525
9.78385
9.78245
9.78105
9.77964
9.77823
9.77681
9.77539
9.77397
9.77254
9.77111
9.76968
9.76824
9.7668
9.76536
9.76391
9.76246
9.761
9.75954
9.75808
9.75661
9.75514
9.75366
9.75219
9.7507
9.74921
9.74772
9.74623
9.74473
9.74323
9.74172
9.74021
9.73869
9.73717
9.73565
9.73412
9.73259
9.73105
9.72951
9.72797
9.72642
9.72487
9.72331
9.72175
9.72018
9.71862
9.71704
9.71546
9.71388
9.7123
9.71071
9.70911
9.70751
9.70591
9.7043
9.70269
9.70108
9.69946
9.69784
9.69621
9.69458
9.69294
9.6913
9.68966
9.68801
9.68636
9.68471
9.68305
9.68139
9.67972
9.67805
9.67637
9.6747
9.67301
9.67133
9.66964
9.66794
9.66625
9.66454
9.66284
9.66113
9.65942
9.6577
9.65598
9.65425
9.65252
9.65079
9.64905
9.64731
9.64556
9.64381
9.64205
9.64029
9.63853
9.63676
9.63499
9.63321
9.63143
9.62964
9.62785
9.62605
9.62424
9.62243
9.62061
9.61878
9.61695
9.61511
9.61327
9.61142
9.60956
9.6077
9.60584
9.60397
9.60209
9.60021
9.59832
9.59643
9.59454
9.59264
9.59073
9.58882
9.58691
9.58499
9.58306
9.58113
9.5792
9.57726
9.57531
9.57336
9.57141
9.56945
9.56748
9.56552
9.56354
9.56156
9.55958
9.55759
9.55559
9.55359
9.55159
9.54957
9.54756
9.54554
9.54351
9.54147
9.53944
9.53739
9.53534
9.53329
9.53122
9.52916
9.52709
9.52501
9.52293
9.52084
9.51875
9.51665
9.51454
9.51243
9.51032
9.5082
9.50607
9.50394
9.50181
9.49967
9.49753
9.49538
9.49322
9.49106
9.4889
9.48673
9.48456
9.48238
9.48019
9.47801
9.47582
9.47362
9.47142
9.46921
9.467
9.46479
9.46257
9.46035
9.45812
9.45589
9.45365
9.45141
9.44917
9.44692
9.44466
9.44241
9.44015
9.43788
9.43561
9.43334
9.43106
9.42878
9.42649
9.4242
9.42191
9.41961
9.41731
9.415
9.41269
9.41038
9.40806
9.40574
9.40342
9.40109
9.39875
9.39642
9.39408
9.39174
9.38939
9.38704
9.38469
9.38233
9.37997
9.3776
9.37524
9.37287
9.37049
9.36811
9.36573
9.36335
9.36096
9.35857
9.35618
9.35378
9.35138
9.34898
9.34657
9.34416
9.34175
9.33934
9.33692
9.3345
9.33208
9.32965
9.32722
9.32479
9.32236
9.31992
9.31748
9.31504
9.3126
9.31015
9.3077
9.30525
9.3028
9.30034
9.29788
9.29542
9.29296
9.2905
9.28803
9.28556
9.28309
9.28062
9.27814
9.27566
