distance
0
-1.08216e-07
-4.10136e-07
-7.64601e-07
-1.28871e-06
-1.94394e-06
-2.80363e-06
-3.82713e-06
-5.08728e-06
-6.54542e-06
-8.27056e-06
-1.02259e-05
-1.24749e-05
-1.49834e-05
-1.78089e-05
-2.09308e-05
-2.44041e-05
-2.82071e-05
-3.23847e-05
-3.69201e-05
-4.18495e-05
-4.71271e-05
-5.28469e-05
-5.90395e-05
-6.57704e-05
-7.3045e-05
-8.09133e-05
-8.93567e-05
-9.84367e-05
-0.00010817
-0.000118595
-0.000129704
-0.000141542
-0.000154074
-0.000167181
-0.000180734
-0.000194479
-0.000208614
-0.000222997
-0.000237387
-0.000252087
-0.000266893
-0.000281595
-0.000296363
-0.000311129
-0.000325741
-0.000340472
-0.000355118
-0.00036954
-0.000384003
-0.000398338
-0.000412405
-0.000426055
-0.000439616
-0.000452971
-0.000465859
-0.000478218
-0.000490363
-0.000502171
-0.000513447
-0.000524216
-0.000534823
-0.000545
-0.000554566
-0.000563394
-0.000571844
-0.000579715
-0.000586992
-0.000593366
-0.000598662
-0.000603116
-0.0006065
-0.000609176
-0.000610993
-0.000611712
-0.000611595
-0.000610368
-0.000608137
-0.000604571
-0.000599439
-0.000593132
-0.00058552
-0.000576346
-0.00056542
-0.000552521
-0.000538155
-0.000522148
-0.000504281
-0.000484349
-0.000462137
-0.000438141
-0.000412198
-0.000384089
-0.000353538
-0.000320377
-0.000285149
-0.000247619
-0.00020755
-0.000164675
-0.00011881
-7.00479e-05
-1.81361e-05
3.68299e-05
9.5036e-05
0.000156621
0.000221615
0.000290103
0.00036202
0.000437556
0.000516801
0.000599715
0.000686471
0.00077712
0.000871525
0.000969812
0.00107121
0.00117591
0.00128408
0.00139585
0.00151049
0.0016282
0.00174905
0.00187254
0.00199877
0.00212733
0.00225832
0.00239173
0.00252724
0.00266485
0.00280283
0.00294217
0.00308328
0.00322598
0.00336978
0.00351488
0.00366133
0.00380892
0.00395778
0.0041082
0.00425995
0.00441328
0.00456838
0.00472527
0.00488416
0.00504534
0.00520881
0.00537494
0.00554386
0.00571544
0.00588968
0.00606662
0.00624613
0.00642801
0.00661227
0.00679898
0.00698809
0.0071795
0.0073733
0.00756963
0.00776848
0.0079698
0.00817368
0.00838027
0.00858957
0.00880152
0.00901623
0.00923382
0.00945431
0.00967769
0.00990403
0.0101334
0.0103659
0.0106015
0.0108401
0.0110821
0.0113274
0.0115759
0.0118277
0.012083
0.0123417
0.0126039
0.0128697
0.0131391
0.013412
0.0136886
0.0139689
0.0142529
0.0145406
0.0148322
0.0151275
0.0154268
0.0157299
0.016037
0.016348
0.0166632
0.0169823
0.0173056
0.017633
0.0179645
0.0183002
0.0186399
0.0189838
0.0193318
0.019684
0.0200404
0.0204008
0.0207654
0.0211342
0.021507
0.021884
0.0222653
0.0226508
0.0230407
0.0234349
0.0238335
0.0242365
0.0246439
0.025056
0.0254727
0.025894
0.0263202
0.0267511
0.0271868
0.0276274
0.0280728
0.0285231
0.0289783
0.0294386
0.0299037
0.0303737
0.0308487
0.0313287
0.0318136
0.0323033
0.032798
0.0332975
0.0338019
0.0343111
0.034825
0.0353438
0.0358672
0.0363954
0.0369282
0.0374656
0.0380075
0.038554
0.039105
0.0396604
0.04022
0.040784
0.0413523
0.0419247
0.0425011
0.0430815
0.0436659
0.0442542
0.0448462
0.0454419
0.0460412
0.0466441
0.0472504
0.04786
0.048473
0.0490891
0.0497083
0.0503304
0.0509555
0.0515834
0.052214
0.0528473
0.0534829
0.054121
0.0547613
0.0554038
0.0560484
0.0566949
0.0573432
0.0579932
0.0586448
0.0592979
0.0599523
0.060608
0.0612648
0.0619228
0.0625818
0.0632419
0.0639029
0.0645647
0.0652274
0.065891
0.0665552
0.0672202
0.0678858
0.0685521
0.069219
0.0698865
0.0705545
0.0712231
0.0718922
0.0725617
0.0732318
0.0739024
0.0745734
0.0752448
0.0759167
0.0765891
0.0772618
0.077935
0.0786086
0.0792808
0.07995
0.0806152
0.0812761
0.0819326
0.0825851
0.0832343
0.0838805
0.0845245
0.0851666
0.0858073
0.0864473
0.0870869
0.0877264
0.0883663
0.0890067
0.0896479
0.09029
0.0909332
0.0915775
0.0922229
0.0928694
0.093517
0.0941656
0.0948154
0.0954663
0.0961184
0.0967715
0.0974257
0.098081
0.0987374
0.099395
0.100054
0.100713
0.101374
0.102036
0.102699
0.103363
0.104028
0.104695
0.105362
0.10603
0.1067
0.10737
0.108042
0.108715
0.109389
0.110064
0.11074
0.111417
0.112095
0.112774
0.113455
0.114136
0.114819
0.115503
0.116188
0.116874
0.117561
0.118249
0.118938
0.119629
0.120321
0.121013
0.121707
0.122403
0.123099
0.123796
0.124495
0.125195
0.125896
0.126598
0.127302
0.128007
0.128713
0.12942
0.130128
0.130838
0.131547
0.132257
0.132968
0.133681
0.134394
0.135109
0.135825
0.136543
0.137261
0.137981
0.138701
0.139423
0.140146
0.140871
0.141596
0.142323
0.143051
0.14378
0.14451
0.145242
0.145975
0.14671
0.147445
0.148183
0.148921
0.149661
0.150402
0.151145
0.151889
0.152634
0.153381
0.154129
0.154879
0.155629
0.156381
0.157134
0.157889
0.158645
0.159402
0.160161
0.160921
0.161683
0.162447
0.163211
0.163978
0.164744
0.165509
0.166276
0.167044
0.167814
0.168585
0.169357
0.17013
0.170905
0.171682
0.17246
0.17324
0.17402
0.174803
0.175587
0.176371
0.177158
0.177945
0.178733
0.179522
0.180311
0.181102
0.181893
0.182685
0.183478
0.184271
0.185064
0.185857
0.186651
0.187445
0.188239
0.189033
0.189827
0.190621
0.191414
0.192208
0.193001
0.193794
0.194586
0.195378
0.19617
0.196961
0.197752
0.198542
0.199331
0.20012
0.200908
0.201695
0.202482
0.203268
0.204054
0.204838
0.205622
0.206406
0.207188
0.20797
0.208751
0.209531
0.210311
0.21109
0.211869
0.212647
0.213424
0.214201
0.214977
0.215752
0.216527
0.217302
0.218076
0.21885
0.219624
0.220397
0.22117
0.221942
0.222715
0.223487
0.224259
0.22503
0.225802
0.226573
0.227345
0.228116
0.228888
0.229659
0.230431
0.231202
0.231974
0.232746
0.233518
0.23429
0.235063
0.235836
0.23661
0.237384
0.238158
0.238933
0.239709
0.240485
0.241262
0.242039
0.242818
0.243597
0.244377
0.245157
0.245939
0.246722
0.247506
0.248291
0.249077
0.249864
0.250652
0.251442
0.252233
0.253025
0.253819
0.254614
0.255411
0.256209
0.257008
0.257809
0.258612
0.259416
0.260222
0.26103
0.26184
0.262651
0.263464
0.264279
0.265097
0.265916
0.266737
0.26756
0.268386
0.269213
0.270043
0.270875
0.27171
0.272546
0.273386
0.274227
0.275071
0.275918
0.276767
0.277618
0.278472
0.279329
0.280188
0.28105
0.281915
0.282782
0.283652
0.284525
0.2854
0.286279
0.28716
0.288044
0.288931
0.28982
0.290713
0.291608
0.292507
0.293408
0.294313
0.29522
0.29613
0.297044
0.29796
0.298879
0.299802
0.300727
0.301656
0.302587
0.303522
0.30446
0.305401
0.306345
0.307291
0.308242
0.309195
0.310151
0.31111
0.312073
0.313038
0.314007
0.314979
0.315954
0.316932
0.317913
0.318898
0.319885
0.320876
0.32187
0.322867
0.323867
0.32487
0.325877
0.326887
0.327899
0.328915
0.329935
0.330957
0.331982
0.333011
0.334043
0.335077
0.336115
0.337156
0.338201
0.339248
0.340298
0.341351
0.342408
0.343467
0.344529
0.345595
0.346663
0.347734
0.348808
0.349885
0.350965
0.352047
0.353133
0.354221
0.355311
0.356404
0.3575
0.358599
0.3597
0.360803
0.361909
0.363017
0.364128
0.36524
0.366355
0.367472
0.368591
0.369712
0.370835
0.37196
0.373086
0.374215
0.375345
0.376476
0.377609
0.378743
0.379879
0.381016
0.382154
0.383293
0.384434
0.385576
0.386718
0.387862
0.389006
0.390152
0.391298
0.392445
0.393593
0.394742
0.395891
0.397041
0.398191
0.399342
0.400493
0.401645
0.402798
0.403951
0.405104
0.406256
0.407408
0.408561
0.409714
0.410863
0.412007
0.413145
0.414277
0.415403
0.416526
0.417646
0.418764
0.419881
0.420997
0.422114
0.42323
0.424347
0.425464
0.426582
0.427701
0.42882
0.429939
0.43106
0.432181
0.433302
0.434425
0.435548
0.436672
0.437796
0.438921
0.440047
0.441173
0.4423
0.443427
0.444555
0.445684
0.446814
0.447944
0.449075
0.450207
0.45134
0.452474
0.453609
0.454744
0.455879
0.457016
0.458153
0.459291
0.460429
0.461568
0.462708
0.463848
0.464989
0.46613
0.467272
0.468415
0.469558
0.470702
0.471847
0.472993
0.47414
0.475288
0.476435
0.477584
0.478734
0.479885
0.481036
0.482188
0.483341
0.484495
0.48565
0.486802
0.487952
0.489097
0.490239
0.491378
0.492515
0.493651
0.494786
0.495921
0.497057
0.498193
0.49933
0.500468
0.501607
0.502747
0.503889
0.505032
0.506176
0.507322
0.508468
0.509617
0.510766
0.511917
0.513069
0.514223
0.515379
0.516535
0.517694
0.518853
0.520014
0.521177
0.522341
0.523506
0.524673
0.525841
0.527011
0.528181
0.529354
0.530527
0.531702
0.532878
0.534055
0.535233
0.536413
0.537593
0.538775
0.539959
0.541143
0.542328
0.543515
0.544703
0.545892
0.547082
0.548273
0.549466
0.55066
0.551854
0.553051
0.554248
0.555446
0.556646
0.557846
0.559048
0.560251
0.561456
0.562661
0.563868
0.565076
0.566285
0.567495
0.568706
0.569919
0.571132
0.572347
0.573563
0.574781
0.575999
0.577219
0.57844
0.579662
0.580885
0.58211
0.583336
0.584563
0.585791
0.587021
0.588252
0.589484
0.590718
0.591951
0.593183
0.594413
0.595641
0.596868
0.598092
0.599314
0.600534
0.601753
0.602969
0.604184
0.605398
0.606611
0.607824
0.609037
0.610246
0.611452
0.612655
0.613855
0.61505
0.616242
0.617429
0.618613
0.619795
0.620975
0.622154
0.623333
0.624511
0.625689
0.626867
0.628045
0.629225
0.630404
0.631585
0.632766
0.633948
0.635131
0.636314
0.637497
0.638681
0.639864
0.641048
0.642231
0.643415
0.644597
0.645779
0.646961
0.648141
0.649321
0.650499
0.651675
0.652849
0.654021
0.655191
0.656358
0.657522
0.658683
0.659841
0.660996
0.662147
0.663294
0.664438
0.665579
0.666716
0.667849
0.668979
0.670106
0.671229
0.672349
0.673466
0.67458
0.67569
0.676798
0.677903
0.679005
0.680104
0.6812
0.682294
0.683386
0.684475
0.685562
0.686647
0.687729
0.688809
0.689888
0.690964
0.692038
0.69311
0.694181
0.69525
0.696316
0.697381
0.698445
0.699506
0.700566
0.701624
0.70268
0.703734
0.704787
0.705838
0.706888
0.707935
0.708982
0.710026
0.711069
0.71211
0.713149
0.714187
0.715224
0.716258
0.717292
0.718323
0.719353
0.720382
0.72141
0.722435
0.72346
0.724483
0.725505
0.726525
0.727544
0.728562
0.729578
0.730593
0.731607
0.73262
0.733631
0.734641
0.73565
0.736658
0.737664
0.738669
0.739674
0.740676
0.741678
0.742679
0.743678
0.744676
0.745674
0.74667
0.747665
0.748658
0.749651
0.750642
0.751633
0.752622
0.75361
0.754598
0.755584
0.756568
0.757552
0.758535
0.759517
0.760497
0.761477
0.762455
0.763432
0.764408
0.765383
0.766357
0.76733
0.768301
0.769272
0.770241
0.771209
0.772176
0.773141
0.774105
0.775068
0.77603
0.776991
0.77795
0.778908
0.779864
0.780819
0.781774
0.782726
0.783678
0.784628
0.785577
0.786525
0.787472
0.788417
0.789362
0.790305
0.791247
0.792187
0.793127
0.794066
0.795003
0.79594
0.796875
0.79781
0.798743
0.799676
0.800607
0.801538
0.802467
0.803396
0.804324
0.805251
0.806177
0.807102
0.808026
0.80895
0.809873
0.810795
0.811716
0.812637
0.813557
0.814476
0.815395
0.816313
0.81723
0.818147
0.819063
0.819979
0.820894
0.821808
0.822722
0.823636
0.824549
0.825462
0.826375
0.827287
0.828198
0.82911
0.830021
0.830932
0.831843
0.832753
0.833663
0.834573
0.835483
0.836393
0.837302
0.838212
0.839121
0.84003
0.84094
0.841849
0.842758
0.843667
0.844576
0.845486
0.846395
0.847304
0.848214
0.849123
0.850033
0.850943
0.851853
0.852763
0.853673
0.854584
0.855494
0.856405
0.857316
0.858228
0.859139
0.860051
0.860963
0.861876
0.862788
0.863702
0.864615
0.865529
0.866443
0.867357
0.868272
0.869187
0.870103
0.871019
0.871935
0.872852
0.873769
0.874687
0.875605
0.876523
0.877442
0.878362
0.879282
0.880202
0.881122
0.882044
0.882965
0.883887
0.88481
0.885733
0.886656
0.88758
0.888505
0.88943
0.890355
0.89128
0.892205
0.89313
0.894054
0.894978
0.895901
0.896824
0.897746
0.898667
0.899588
0.900508
0.901428
0.902348
0.903268
0.904187
0.905107
0.906026
0.906946
0.907865
0.908786
0.909706
0.910627
0.911548
0.91247
0.913393
0.914316
0.915239
0.916164
0.917089
0.918015
0.918941
0.919869
0.920797
0.921726
0.922656
0.923587
0.924519
0.925452
0.926385
0.92732
0.928255
0.929192
0.93013
0.931068
0.932008
0.932949
0.93389
0.934833
0.935777
0.936722
0.937668
0.938615
0.939563
0.940512
0.941463
0.942414
0.943367
0.944321
0.945276
0.946232
0.947189
0.948147
0.949107
0.950067
0.951029
0.951992
0.952956
0.953921
0.954887
0.955854
0.956822
0.957791
0.958762
0.959733
0.960705
0.961679
0.962653
0.963628
0.964605
0.965582
0.966561
0.96754
0.96852
0.969501
0.970484
0.971467
0.972451
0.973436
0.974422
0.975408
0.976396
0.977384
0.978374
0.979364
0.980355
0.981347
0.98234
0.983333
0.984328
0.985323
0.986319
0.987316
0.988314
0.989313
0.990312
0.991312
0.992313
0.993315
0.994318
0.995319
0.996316
0.997306
0.99829
0.999269
1.00024
1.00122
1.00219
1.00316
1.00414
1.00511
1.00608
1.00706
1.00803
1.00901
1.00999
1.01097
1.01195
1.01293
1.01391
1.01489
1.01588
1.01686
1.01784
1.01883
1.01982
1.0208
1.02179
1.02278
1.02377
1.02476
1.02575
1.02674
1.02773
1.02873
1.02972
1.03072
1.03171
1.03271
1.0337
1.0347
1.0357
1.0367
1.0377
1.0387
1.0397
1.0407
1.0417
1.04271
1.04371
1.04471
1.04572
1.04672
1.04773
1.04873
1.04974
1.05075
1.05176
1.05277
1.05378
1.05479
1.0558
1.05681
1.05783
1.05884
1.05985
1.06087
1.06189
1.0629
1.06392
1.06494
1.06596
1.06698
1.068
1.06903
1.07005
1.07108
1.0721
1.07313
1.07416
1.07518
1.07621
1.07725
1.07828
1.07931
1.08034
1.08138
1.08242
1.08345
1.08449
1.08553
1.08657
1.08761
1.08866
1.0897
1.09075
1.0918
1.09284
1.09389
1.09494
1.096
1.09705
1.09811
1.09916
1.10022
1.10128
1.10234
1.1034
1.10446
1.10553
1.10659
1.10766
1.10873
1.1098
1.11087
1.11194
1.11302
1.11409
1.11517
1.11625
1.11733
1.11841
1.11949
1.12057
1.12166
1.12275
1.12383
1.12492
1.12602
1.12711
1.1282
1.1293
1.1304
1.13149
1.13259
1.1337
1.1348
1.1359
1.13701
1.13812
1.13922
1.14033
1.14145
1.14256
1.14367
1.14479
1.14591
1.14703
1.14815
1.14927
1.15039
1.15152
1.15264
1.15377
1.1549
1.15603
1.15716
1.1583
1.15943
1.16057
1.16171
1.16285
1.16399
1.16513
1.16628
1.16742
1.16857
1.16972
1.17087
1.17202
1.17318
1.17433
1.17549
1.17665
1.17781
1.17897
1.18013
1.18129
1.18246
1.18363
1.18479
1.18596
1.18714
1.18831
1.18948
1.19066
1.19184
1.19302
1.1942
1.19538
1.19656
1.19775
1.19893
1.20012
1.20131
1.2025
1.20369
1.20488
1.20608
1.20727
1.20847
1.20967
1.21087
1.21207
1.21327
1.21448
1.21568
1.21689
1.2181
1.21931
1.22052
1.22173
1.22295
1.22416
1.22538
1.2266
1.22782
1.22904
1.23026
1.23148
1.23271
1.23393
1.23516
1.23639
1.23762
1.23885
1.24009
1.24132
1.24256
1.24379
1.24503
1.24627
1.24751
1.24875
1.24999
1.25122
1.25246
1.2537
1.25494
1.25618
1.25741
1.25865
1.25989
1.26112
1.26236
1.2636
1.26483
1.26607
1.26731
1.26854
1.26978
1.27102
1.27225
1.27349
1.27473
1.27596
1.2772
1.27843
1.27966
1.2809
1.28213
1.28336
1.28459
1.28582
1.28705
1.28829
1.28952
1.29075
1.29198
1.29321
1.29443
1.29566
1.29689
1.29812
1.29935
1.30057
1.3018
1.30302
1.30425
1.30547
1.30669
1.30791
1.30913
1.31035
1.31157
1.31279
1.314
1.31521
1.31642
1.31763
1.31884
1.32005
1.32125
1.32246
1.32366
1.32486
1.32605
1.32725
1.32844
1.32963
1.33082
1.33201
1.33319
1.33438
1.33556
1.33674
1.33791
1.33909
1.34026
1.34143
1.3426
1.34376
1.34493
1.34609
1.34725
1.34841
1.34957
1.35072
1.35188
1.35303
1.35418
1.35533
1.35647
1.35762
1.35876
1.35991
1.36105
1.36219
1.36332
1.36446
1.3656
1.36673
1.36786
1.36899
1.37012
1.37125
1.37238
1.37351
1.37463
1.37575
1.37688
1.378
1.37912
1.38023
1.38135
1.38247
1.38358
1.38469
1.3858
1.38691
1.38802
1.38912
1.39022
1.39132
1.39242
1.39352
1.39462
1.39571
1.39681
1.3979
1.39899
1.40008
1.40116
1.40225
1.40333
1.40442
1.4055
1.40658
1.40766
1.40874
1.40981
1.41089
1.41196
1.41304
1.41411
1.41519
1.41626
1.41733
1.4184
1.41947
1.42054
1.42162
1.42269
1.42375
1.42482
1.42589
1.42696
1.42803
1.4291
1.43017
1.43124
1.43231
1.43338
1.43445
1.43552
1.43659
1.43766
1.43873
1.4398
1.44087
1.44194
1.44301
1.44408
1.44515
1.44622
1.4473
1.44837
1.44944
1.45052
1.45159
1.45267
1.45374
1.45482
1.45589
1.45697
1.45805
1.45912
1.4602
1.46128
1.46236
1.46344
1.46452
1.4656
1.46668
1.46776
1.46884
1.46993
1.47101
1.4721
1.47318
1.47427
1.47535
1.47644
1.47753
1.47861
1.4797
1.48079
1.48188
1.48297
1.48407
1.48516
1.48625
1.48734
1.48844
1.48953
1.49063
1.49173
1.49282
1.49392
1.49502
1.49612
1.49722
1.49832
1.49942
1.50053
1.50163
1.50273
1.50384
1.50494
1.50605
1.50716
1.50827
1.50938
1.51048
1.5116
1.51271
1.51382
1.51493
1.51604
1.51716
1.51827
1.51939
1.5205
1.52162
1.52274
1.52386
1.52498
1.5261
1.52722
1.52834
1.52946
1.53058
1.53171
1.53283
1.53395
1.53508
1.53621
1.53733
1.53846
1.53959
1.54072
1.54185
1.54298
1.54411
1.54524
1.54637
1.54751
1.54864
1.54977
1.55091
1.55204
1.55318
1.55432
1.55546
1.5566
1.55774
1.55888
1.56002
1.56116
1.5623
1.56345
1.56459
1.56574
1.56688
1.56803
1.56918
1.57033
1.57148
1.57263
1.57378
1.57493
1.57609
1.57724
1.5784
1.57955
1.58071
1.58187
1.58303
1.58419
1.58535
1.58652
1.58768
1.58885
1.59001
1.59118
1.59235
1.59352
1.59469
1.59586
1.59703
1.59821
1.59938
1.60056
1.60174
1.60292
1.6041
1.60528
1.60646
1.60765
1.60883
1.61002
1.61121
1.6124
1.61359
1.61478
1.61598
1.61717
1.61837
1.61957
1.62077
1.62197
1.62317
1.62437
1.62558
1.62679
1.62799
1.62921
1.63042
1.63163
1.63284
1.63406
1.63528
1.6365
1.63772
1.63894
1.64017
1.64139
1.64262
1.64385
1.64508
1.64631
1.64754
1.64878
1.65002
1.65126
1.6525
1.65374
1.65498
1.65623
1.65747
1.65872
1.65997
1.66122
1.66248
1.66373
1.66499
1.66624
1.6675
1.66876
1.67003
1.67129
1.67256
1.67382
1.67509
1.67636
1.67763
1.67891
1.68018
1.68146
1.68274
1.68401
1.68528
1.68655
1.68781
1.68907
1.69032
1.69157
1.69282
1.69407
1.69533
1.69658
1.69784
1.69909
1.70035
1.70162
1.70288
1.70414
1.70541
1.70668
1.70795
1.70922
1.71049
1.71177
1.71304
1.71432
1.7156
1.71688
1.71817
1.71945
1.72074
1.72202
1.72331
1.7246
1.72589
1.72719
1.72848
1.72978
1.73108
1.73238
1.73368
1.73498
1.73628
1.73759
1.73889
1.7402
1.74151
1.74282
1.74413
1.74545
1.74676
1.74808
1.7494
1.75072
1.75204
1.75336
1.75468
1.75601
1.75734
1.75867
1.75999
1.76132
1.76266
1.76399
1.76532
1.76666
1.76799
1.76933
1.77067
1.77201
1.77335
1.7747
1.77605
1.77739
1.77874
1.7801
1.78145
1.78281
1.78417
1.78553
1.78689
1.78825
1.78962
1.79098
1.79235
1.79372
1.79508
1.79645
1.79782
1.79918
1.80055
1.80192
1.80329
1.80466
1.80603
1.80741
1.80878
1.81016
1.81153
1.81291
1.81429
1.81567
1.81705
1.81844
1.81982
1.82121
1.8226
1.82398
1.82537
1.82676
1.82816
1.82955
1.83094
1.83234
1.83373
1.83513
1.83653
1.83792
1.83932
1.84072
1.84212
1.84352
1.84492
1.84632
1.84772
1.84912
1.85052
1.85192
1.85332
1.85472
1.85611
1.85751
1.8589
1.8603
1.86169
1.86308
1.86447
1.86586
1.86725
1.86863
1.87002
1.8714
1.87278
1.87417
1.87555
1.87693
1.8783
1.87968
1.88106
1.88243
1.8838
1.88517
1.88655
1.88792
1.88928
1.89065
1.89202
1.89338
1.89475
1.89611
1.89747
1.89883
1.90019
1.90155
1.90291
1.90426
1.90562
1.90697
1.90833
1.90968
1.91103
1.91237
1.91372
1.91507
1.91641
1.91775
1.91909
1.92043
1.92177
1.9231
1.92444
1.92577
1.9271
1.92843
1.92976
1.93109
1.93241
1.93373
1.93505
1.93637
1.93769
1.93901
1.94032
1.94164
1.94295
1.94426
1.94557
1.94687
1.94818
1.94948
1.95079
1.95209
1.95339
1.95469
1.95598
1.95728
1.95857
1.95986
1.96115
1.96244
1.96373
1.96502
1.96631
1.96759
1.96887
1.97015
1.97143
1.97271
1.97399
1.97527
1.97654
1.97781
1.97909
1.98036
1.98163
1.9829
1.98416
1.98543
1.98669
1.98796
1.98922
1.99048
1.99174
1.993
1.99426
1.99552
1.99677
1.99803
1.99928
2.00054
2.00179
2.00304
2.00429
2.00554
2.00679
2.00804
2.00929
2.01054
2.01178
2.01303
2.01428
2.01552
2.01677
2.01801
2.01926
2.0205
2.02175
2.02299
2.02424
2.02548
2.02673
2.02797
2.02921
2.03046
2.0317
2.03295
2.03419
2.03544
2.03668
2.03792
2.03917
2.04041
2.04166
2.04291
2.04415
2.0454
2.04664
2.04789
2.04914
2.05039
2.05163
2.05288
2.05413
2.05538
2.05663
2.05788
2.05913
2.06038
2.06163
2.06288
2.06414
2.06539
2.06664
2.0679
2.06915
2.07041
2.07166
2.07292
2.07418
2.07543
2.07669
2.07795
2.07921
2.08047
2.08173
2.08299
2.08425
2.08552
2.08678
2.08804
2.0893
2.09056
2.09182
2.09309
2.09435
2.09561
2.09687
2.09813
2.09939
2.10065
2.10191
2.10318
2.10444
2.1057
2.10696
2.10822
2.10949
2.11075
2.11202
2.11328
2.11455
2.11581
2.11708
2.11834
2.11961
2.12088
2.12215
2.12342
2.12469
2.12596
2.12724
2.12851
2.12978
2.13106
2.13233
2.13361
2.13489
2.13617
2.13744
2.13872
2.14
2.14129
2.14257
2.14385
2.14514
2.14642
2.14771
2.149
2.15028
2.15157
2.15286
2.15416
2.15545
2.15674
2.15804
2.15933
2.16063
2.16192
2.16322
2.16452
2.16582
2.16712
2.16843
2.16973
2.17104
2.17234
2.17365
2.17496
2.17627
2.17758
2.17889
2.1802
2.18151
2.18283
2.18415
2.18546
2.18678
2.1881
2.18942
2.19074
2.19207
2.19339
2.19472
2.19605
2.19737
2.1987
2.20004
2.20137
2.2027
2.20404
2.20537
2.20671
2.20805
2.20939
2.21073
2.21208
2.21342
2.21477
2.21612
2.21747
2.21882
2.22017
2.22152
2.22288
2.22423
2.22559
2.22695
2.22831
2.22968
2.23104
2.23241
2.23377
2.23514
2.23651
2.23788
2.23926
2.24063
2.24201
2.24338
2.24476
2.24614
2.24752
2.24891
2.25029
2.25168
2.25307
2.25446
2.25585
2.25724
2.25863
2.26003
2.26143
2.26283
2.26423
2.26563
2.26703
2.26843
2.26984
2.27125
2.27265
2.27406
2.27547
2.27687
2.27827
2.27966
2.28105
2.28244
2.28382
2.28521
2.28659
2.28798
2.28936
2.29075
2.29214
2.29353
2.29493
2.29632
2.29772
2.29912
2.30052
2.30192
2.30333
2.30473
2.30614
2.30755
2.30896
2.31037
2.31179
2.3132
2.31462
2.31604
2.31746
2.31888
2.3203
2.32172
2.32315
2.32458
2.32601
2.32744
2.32887
2.3303
2.33173
2.33317
2.33461
2.33605
2.33749
2.33893
2.34037
2.34182
2.34326
2.34471
2.34616
2.34761
2.34906
2.35052
2.35197
2.35343
2.35489
2.35635
2.35781
2.35927
2.36074
2.3622
2.36367
2.36514
2.36661
2.36809
2.36956
2.37104
2.37252
2.374
2.37548
2.37697
2.37846
2.37994
2.38143
2.38293
2.38442
2.38592
2.38741
2.38891
2.39041
2.39192
2.39342
2.39493
2.39644
2.39795
2.39946
2.40098
2.40249
2.40401
2.40552
2.40704
2.40856
2.41008
2.4116
2.41312
2.41464
2.41616
2.41768
2.4192
2.42072
2.42225
2.42377
2.4253
2.42683
2.42836
2.42989
2.43142
2.43295
2.43448
2.43601
2.43754
2.43907
2.44059
2.44212
2.44364
2.44516
2.44668
2.4482
2.44972
2.45124
2.45276
2.45428
2.45579
2.45731
2.45883
2.46035
2.46187
2.46339
2.46491
2.46643
2.46795
2.46947
2.47099
2.47251
2.47403
2.47555
2.47707
2.47859
2.48011
2.48163
2.48315
2.48467
2.48619
2.48771
2.48922
2.49074
2.49225
2.49376
2.49527
2.49678
2.49828
2.49978
2.50128
2.50278
2.50427
2.50576
2.50725
2.50874
2.51022
2.5117
2.51318
2.51466
2.51613
2.5176
2.51906
2.52053
2.52199
2.52345
2.52491
2.52636
2.52781
2.52926
2.53071
2.53216
2.5336
2.53504
2.53649
2.53792
2.53936
2.5408
2.54223
2.54366
2.5451
2.54653
2.54795
2.54938
2.55081
2.55223
2.55365
2.55507
2.55649
2.55791
2.55933
2.56074
2.56216
2.56357
2.56498
2.56639
2.5678
2.5692
2.57061
2.57201
2.57341
2.57481
2.57621
2.5776
2.579
2.58039
2.58178
2.58317
2.58456
2.58595
2.58733
2.58872
2.5901
2.59148
2.59286
2.59424
2.59562
2.59699
2.59837
2.59974
2.60111
2.60248
2.60385
2.60522
2.60658
2.60795
2.60931
2.61067
2.61204
2.6134
2.61476
2.61611
2.61747
2.61883
2.62018
2.62154
2.62289
2.62424
2.6256
2.62695
2.6283
2.62965
2.631
2.63234
2.63369
2.63504
2.63638
2.63773
2.63908
2.64042
2.64176
2.64311
2.64445
2.64579
2.64714
2.64848
2.64982
2.65116
2.65251
2.65385
2.65519
2.65653
2.65787
2.65922
2.66056
2.6619
2.66324
2.66458
2.66592
2.66727
2.66861
2.66995
2.67129
2.67263
2.67398
2.67532
2.67666
2.67801
2.67935
2.68069
2.68204
2.68338
2.68473
2.68607
2.68742
2.68876
2.69011
2.69146
2.69281
2.69415
2.6955
2.69685
2.6982
2.69955
2.7009
2.70225
2.7036
2.70495
2.7063
2.70766
2.70901
2.71036
2.71172
2.71307
2.71443
2.71578
2.71714
2.71849
2.71985
2.72121
2.72257
2.72393
2.72529
2.72665
2.72801
2.72937
2.73073
2.73209
2.73345
2.73482
2.73618
2.73754
2.73891
2.74027
2.74164
2.74301
2.74437
2.74574
2.74711
2.74848
2.74985
2.75122
2.75259
2.75396
2.75533
2.7567
2.75808
2.75945
2.76082
2.7622
2.76357
2.76495
2.76633
2.7677
2.76908
2.77045
2.77183
2.7732
2.77458
2.77595
2.77732
2.7787
2.78007
2.78144
2.78281
2.78418
2.78555
2.78692
2.78829
2.78967
2.79104
2.79241
2.79378
2.79515
2.79653
2.7979
2.79927
2.80065
2.80202
2.8034
2.80478
2.80615
2.80753
2.80891
2.81029
2.81167
2.81305
2.81444
2.81582
2.8172
2.81859
2.81998
2.82136
2.82275
2.82414
2.82553
2.82692
2.82831
2.8297
2.8311
2.83249
2.83389
2.83528
2.83668
2.83808
2.83948
2.84088
2.84228
2.84368
2.84508
2.84648
2.84789
2.84929
2.8507
2.85211
2.85352
2.85492
2.85634
2.85775
2.85916
2.86057
2.86199
2.86341
2.86482
2.86624
2.86766
2.86908
2.8705
2.87193
2.87335
2.87478
2.87621
2.87763
2.87906
2.88049
2.88193
2.88336
2.8848
2.88623
2.88767
2.88911
2.89055
2.89199
2.89344
2.89488
2.89633
2.89777
2.89922
2.90067
2.90212
2.90358
2.90503
2.90649
2.90795
2.9094
2.91087
2.91233
2.91379
2.91525
2.91672
2.91819
2.91966
2.92113
2.9226
2.92407
2.92555
2.92702
2.9285
2.92998
2.93146
2.93294
2.93442
2.93591
2.93739
2.93886
2.94033
2.9418
2.94326
2.94472
2.94618
2.94764
2.9491
2.95056
2.95202
2.95348
2.95495
2.95641
2.95788
2.95935
2.96082
2.9623
2.96377
2.96525
2.96673
2.96821
2.96969
2.97117
2.97266
2.97415
2.97564
2.97713
2.97862
2.98011
2.98161
2.9831
2.9846
2.9861
2.9876
2.9891
2.99061
2.99211
2.99362
2.99513
2.99664
2.99815
2.99966
3.00118
3.00269
3.00421
3.00573
3.00725
3.00877
3.0103
3.01182
3.01335
3.01488
3.01641
3.01794
3.01947
3.02101
3.02255
3.02408
3.02562
3.02717
3.02871
3.03026
3.0318
3.03335
3.0349
3.03646
3.03801
3.03957
3.04113
3.04269
3.04425
3.04582
3.04738
3.04895
3.05052
3.0521
3.05367
3.05525
3.05683
3.05841
3.05999
3.06157
3.06315
3.06473
3.06631
3.06789
3.06948
3.07106
3.07264
3.07423
3.07582
3.07741
3.079
3.08059
3.08218
3.08378
3.08538
3.08698
3.08857
3.09017
3.09177
3.09337
3.09497
3.09656
3.09816
3.09975
3.10135
3.10294
3.10452
3.10611
3.1077
3.10929
3.11088
3.11246
3.11405
3.11564
3.11722
3.11881
3.1204
3.12198
3.12357
3.12516
3.12675
3.12834
3.12993
3.13152
3.13311
3.1347
3.13629
3.13788
3.13948
3.14107
3.14266
3.14425
3.14584
3.14743
3.14902
3.1506
3.15219
3.15377
3.15535
3.15693
3.15851
3.16008
3.16165
3.16322
3.16479
3.16635
3.16791
3.16947
3.17102
3.17258
3.17413
3.17567
3.17722
3.17876
3.1803
3.18183
3.18336
3.18489
3.18642
3.18795
3.18947
3.19099
3.19251
3.19403
3.19555
3.19706
3.19857
3.20008
3.20159
3.2031
3.20461
3.20611
3.20762
3.20912
3.21062
3.21212
3.21362
3.21511
3.21661
3.2181
3.21959
3.22108
3.22257
3.22406
3.22555
3.22703
3.22852
3.23
3.23148
3.23296
3.23443
3.23591
3.23738
3.23886
3.24033
3.2418
3.24326
3.24473
3.2462
3.24766
3.24912
3.25058
3.25204
3.2535
3.25495
3.25641
3.25786
3.25931
3.26076
3.26221
3.26366
3.2651
3.26655
3.26799
3.26944
3.27088
3.27232
3.27376
3.2752
3.27663
3.27807
3.2795
3.28094
3.28237
3.2838
3.28523
3.28666
3.28809
3.28951
3.29094
3.29237
3.29379
3.29521
3.29664
3.29806
3.29948
3.3009
3.30232
3.30374
3.30516
3.30657
3.30799
3.30941
3.31082
3.31224
3.31365
3.31507
3.31648
3.3179
3.31931
3.32072
3.32214
3.32355
3.32496
3.32638
3.32779
3.3292
3.33061
3.33202
3.33344
3.33485
3.33626
3.33767
3.33908
3.3405
3.34191
3.34332
3.34473
3.34615
3.34756
3.34897
3.35039
3.3518
3.35321
3.35463
3.35604
3.35746
3.35887
3.36029
3.3617
3.36312
3.36453
3.36595
3.36737
3.36878
3.3702
3.37162
3.37304
3.37446
3.37588
3.3773
3.37872
3.38014
3.38156
3.38298
3.3844
3.38583
3.38725
3.38867
3.3901
3.39152
3.39295
3.39437
3.3958
3.39723
3.39865
3.40008
3.40151
3.40294
3.40437
3.4058
3.40723
3.40866
3.41009
3.41152
3.41295
3.41438
3.41582
3.41725
3.41869
3.42012
3.42156
3.42299
3.42443
3.42587
3.4273
3.42874
3.43018
3.43162
3.43306
3.4345
3.43594
3.43738
3.43882
3.44027
3.44171
3.44315
3.44459
3.44603
3.44746
3.4489
3.45034
3.45177
3.4532
3.45464
3.45607
3.4575
3.45893
3.46036
3.46179
3.46322
3.46466
3.46609
3.46752
3.46895
3.47039
3.47182
3.47325
3.47469
3.47612
3.47756
3.479
3.48043
3.48187
3.48331
3.48475
3.48619
3.48763
3.48908
3.49052
3.49196
3.49341
3.49485
3.4963
3.49775
3.4992
3.50064
3.50209
3.50355
3.505
3.50645
3.5079
3.50936
3.51081
3.51227
3.51372
3.51518
3.51664
3.5181
3.51956
3.52102
3.52248
3.52394
3.52541
3.52687
3.52834
3.52981
3.53127
3.53274
3.53421
3.53568
3.53716
3.53863
3.5401
3.54158
3.54306
3.54453
3.54601
3.54749
3.54897
3.55046
3.55194
3.55342
3.55491
3.5564
3.55789
3.55938
3.56087
3.56236
3.56385
3.56535
3.56685
3.56834
3.56984
3.57134
3.57284
3.57435
3.57585
3.57736
3.57886
3.58037
3.58188
3.58339
3.58491
3.58642
3.58794
3.58945
3.59097
3.59249
3.59401
3.59553
3.59705
3.59858
3.60011
3.60163
3.60316
3.60469
3.60622
3.60776
3.60929
3.61083
3.61236
3.6139
3.61544
3.61697
3.6185
3.62003
3.62155
3.62306
3.62457
3.62609
3.6276
3.62911
3.63063
3.63215
3.63366
3.63518
3.6367
3.63823
3.63975
3.64128
3.64281
3.64433
3.64587
3.6474
3.64893
3.65047
3.65201
3.65355
3.65509
3.65663
3.65818
3.65973
3.66128
3.66283
3.66438
3.66594
3.6675
3.66906
3.67062
3.67218
3.67375
3.67531
3.67688
3.67845
3.68002
3.68159
3.68317
3.68475
3.68632
3.6879
3.68948
3.69107
3.69265
3.69424
3.69583
3.69742
3.69901
3.7006
3.70219
3.70379
3.70539
3.70699
3.70859
3.7102
3.7118
3.71341
3.71502
3.71663
3.71825
3.71986
3.72148
3.7231
3.72472
3.72635
3.72797
3.7296
3.73123
3.73286
3.7345
3.73613
3.73777
3.73941
3.74105
3.7427
3.74434
3.74599
3.74763
3.74928
3.75093
3.75257
3.75422
3.75587
3.75752
3.75917
3.76082
3.76247
3.76412
3.76578
3.76744
3.7691
3.77076
3.77242
3.77408
3.77574
3.77741
3.77907
3.78073
3.78239
3.78405
3.78571
3.78737
3.78903
3.79068
3.79234
3.79399
3.79564
3.7973
3.79895
3.8006
3.80225
3.8039
3.80555
3.80721
3.80886
3.81051
3.81217
3.81382
3.81548
3.81714
3.8188
3.82045
3.82211
3.82377
3.82543
3.82709
3.82875
3.83041
3.83207
3.83373
3.83539
3.83705
3.8387
3.84036
3.84201
3.84366
3.84531
3.84695
3.84859
3.85023
3.85187
3.8535
3.85513
3.85675
3.85837
3.85999
3.86161
3.86322
3.86482
3.86643
3.86803
3.86962
3.87121
3.8728
3.87439
3.87597
3.87755
3.87913
3.8807
3.88227
3.88384
3.8854
3.88697
3.88853
3.89008
3.89164
3.89319
3.89474
3.89629
3.89784
3.89938
3.90093
3.90247
3.904
3.90554
3.90707
3.9086
3.91013
3.91166
3.91318
3.9147
3.91622
3.91773
3.91925
3.92076
3.92226
3.92377
3.92527
3.92677
3.92827
3.92976
3.93125
3.93274
3.93422
3.93571
3.93719
3.93866
3.94014
3.94161
3.94308
3.94455
3.94601
3.94748
3.94894
3.9504
3.95185
3.95331
3.95476
3.95621
3.95765
3.9591
3.96054
3.96198
3.96342
3.96486
3.9663
3.96773
3.96917
3.9706
3.97203
3.97346
3.97488
3.97631
3.97773
3.97916
3.98058
3.982
3.98342
3.98484
3.98625
3.98767
3.98908
3.9905
3.99191
3.99332
3.99473
3.99614
3.99754
3.99894
4.00034
4.00173
4.00312
4.00451
4.00589
4.00727
4.00865
4.01003
4.0114
4.01278
4.01415
4.01552
4.01689
4.01826
4.01963
4.021
4.02237
4.02374
4.02511
4.02648
4.02785
4.02922
4.03059
4.03196
4.03333
4.0347
4.03607
4.03744
4.03882
4.04019
4.04156
4.04293
4.04431
4.04568
4.04706
4.04843
4.04981
4.05118
4.05256
4.05393
4.05531
4.05669
4.05807
4.05944
4.06082
4.0622
4.06358
4.06496
4.06634
4.06772
4.0691
4.07048
4.07186
4.07325
4.07463
4.07601
4.0774
4.07879
4.08017
4.08156
4.08295
4.08433
4.08572
4.08711
4.0885
4.08989
4.09129
4.09268
4.09407
4.09547
4.09686
4.09826
4.09965
4.10105
4.10245
4.10385
4.10525
4.10665
4.10805
4.10945
4.11086
4.11226
4.11366
4.11507
4.11648
4.11788
4.11929
4.1207
4.12211
4.12352
4.12494
4.12635
4.12776
4.12918
4.13059
4.13201
4.13343
4.13485
4.13627
4.13769
4.13911
4.14053
4.14195
4.14338
4.14481
4.14623
4.14766
4.14909
4.15052
4.15195
4.15338
4.15481
4.15625
4.15768
4.15912
4.16056
4.16199
4.16343
4.16487
4.16632
4.16776
4.1692
4.17065
4.17209
4.17354
4.17499
4.17644
4.17789
4.17934
4.18079
4.18225
4.1837
4.18516
4.18662
4.18807
4.18953
4.191
4.19246
4.19392
4.19538
4.19685
4.19832
4.19979
4.20125
4.20272
4.2042
4.20567
4.20714
4.20862
4.21009
4.21157
4.21305
4.21453
4.21601
4.21749
4.21898
4.22046
4.22194
4.22343
4.22492
4.22641
4.2279
4.22939
4.23088
4.23238
4.23387
4.23537
4.23686
4.23836
4.23986
4.24136
4.24286
4.24437
4.24587
4.24738
4.24888
4.25039
4.2519
4.25341
4.25492
4.25644
4.25795
4.25946
4.26098
4.2625
4.26402
4.26554
4.26706
4.26858
4.2701
4.27163
4.27315
4.27468
4.27621
4.27774
4.27927
4.2808
4.28233
4.28386
4.2854
4.28693
4.28847
4.29001
4.29154
4.29307
4.29459
4.29611
4.29762
4.29913
4.30064
4.30215
4.30365
4.30516
4.30667
4.30819
4.3097
4.31121
4.31273
4.31425
4.31577
4.31729
4.31881
4.32033
4.32185
4.32338
4.3249
4.32643
4.32796
4.32949
4.33102
4.33255
4.33408
4.33562
4.33715
4.33869
4.34023
4.34176
4.3433
4.34485
4.34639
4.34793
4.34947
4.35102
4.35257
4.35411
4.35566
4.35721
4.35876
4.36031
4.36187
4.36342
4.36497
4.36653
4.36809
4.36964
4.3712
4.37276
4.37432
4.37589
4.37745
4.37902
4.38058
4.38215
4.38372
4.38529
4.38686
4.38844
4.39001
4.39159
4.39317
4.39475
4.39633
4.39791
4.39949
4.40108
4.40266
4.40425
4.40584
4.40743
4.40902
4.41062
4.41221
4.41381
4.41541
4.41701
4.41861
4.42022
4.42182
4.42343
4.42504
4.42665
4.42826
4.42988
4.43149
4.43311
4.43473
4.43635
4.43798
4.4396
4.44123
4.44286
4.44449
4.44612
4.44776
4.44939
4.45103
4.45267
4.45432
4.45596
4.45761
4.45925
4.4609
4.46256
4.46421
4.46587
4.46752
4.46918
4.47085
4.47251
4.47418
4.47584
4.47751
4.47919
4.48086
4.48254
4.48421
4.4859
4.48758
4.48926
4.49094
4.49261
4.49429
4.49597
4.49765
4.49932
4.501
4.50267
4.50435
4.50602
4.5077
4.50937
4.51105
4.51272
4.51439
4.51605
4.51771
4.51937
4.52102
4.52267
4.52432
4.52597
4.52762
4.52926
4.53091
4.53256
4.5342
4.53585
4.5375
4.53915
4.54079
4.54244
4.54409
4.54574
4.54739
4.54904
4.5507
4.55235
4.554
4.55565
4.5573
4.55895
4.5606
4.56225
4.5639
4.56554
4.56719
4.56883
4.57047
4.57212
4.57375
4.57539
4.57702
4.57865
4.58028
4.5819
4.58352
4.58514
4.58675
4.58835
4.58996
4.59156
4.59315
4.59474
4.59633
4.59791
4.59949
4.60106
4.60263
4.6042
4.60576
4.60731
4.60887
4.61042
4.61196
4.61351
4.61505
4.61658
4.61811
4.61964
4.62117
4.6227
4.62422
4.62574
4.62725
4.62877
4.63028
4.63179
4.6333
4.63481
4.63631
4.63781
4.63931
4.64081
4.64231
4.6438
4.64529
4.64678
4.64827
4.64976
4.65125
4.65273
4.65421
4.65569
4.65717
4.65865
4.66012
4.6616
4.66307
4.66454
4.666
4.66747
4.66894
4.6704
4.67186
4.67332
4.67478
4.67624
4.67769
4.67914
4.6806
4.68205
4.6835
4.68495
4.6864
4.68784
4.68929
4.69074
4.69218
4.69362
4.69507
4.69651
4.69795
4.69939
4.70083
4.70226
4.7037
4.70513
4.70656
4.70799
4.70942
4.71084
4.71227
4.71369
4.7151
4.71652
4.71793
4.71935
4.72076
4.72217
4.72358
4.72498
4.72639
4.7278
4.7292
4.7306
4.73201
4.73341
4.73481
4.73621
4.73761
4.73901
4.74041
4.74181
4.74321
4.7446
4.746
4.7474
4.7488
4.75019
4.75159
4.75299
4.75438
4.75578
4.75717
4.75857
4.75997
4.76136
4.76276
4.76416
4.76555
4.76695
4.76835
4.76974
4.77114
4.77254
4.77393
4.77533
4.77673
4.77813
4.77953
4.78093
4.78233
4.78373
4.78513
4.78653
4.78793
4.78933
4.79073
4.79213
4.79354
4.79494
4.79634
4.79775
4.79915
4.80056
4.80196
4.80337
4.80478
4.80618
4.80759
4.809
4.8104
4.81181
4.81322
4.81463
4.81604
4.81745
4.81886
4.82027
4.82168
4.82309
4.82451
4.82592
4.82733
4.82875
4.83016
4.83158
4.83299
4.83441
4.83582
4.83724
4.83866
4.84008
4.8415
4.84292
4.84434
4.84576
4.84718
4.8486
4.85002
4.85145
4.85287
4.85429
4.85572
4.85714
4.85857
4.86
4.86143
4.86285
4.86428
4.86571
4.86714
4.86858
4.87001
4.87144
4.87288
4.87431
4.87575
4.87718
4.87862
4.88006
4.8815
4.88293
4.88437
4.88582
4.88726
4.8887
4.89014
4.89159
4.89304
4.89448
4.89593
4.89738
4.89883
4.90028
4.90173
4.90318
4.90464
4.90609
4.90755
4.909
4.91046
4.91192
4.91338
4.91484
4.9163
4.91776
4.91923
4.92069
4.92216
4.92363
4.9251
4.92657
4.92804
4.92951
4.93099
4.93246
4.93394
4.93542
4.9369
4.93838
4.93986
4.94134
4.94282
4.94431
4.9458
4.94729
4.94877
4.95027
4.95176
4.95325
4.95475
4.95624
4.95774
4.95924
4.96074
4.96224
4.96375
4.96525
4.96676
4.96826
4.96977
4.97128
4.97279
4.97431
4.97582
4.97734
4.97886
4.98038
4.9819
4.98342
4.98494
4.98647
4.98799
4.98952
4.99105
4.99258
4.99411
4.99564
4.99718
4.99871
5.00025
5.00179
5.00333
5.00487
5.00642
5.00796
5.00951
5.01106
5.0126
5.01415
5.01571
5.01726
5.01882
5.02037
5.02193
5.02349
5.02505
5.02661
5.02817
5.02974
5.0313
5.03287
5.03444
5.03601
5.03758
5.03916
5.04073
5.0423
5.04388
5.04546
5.04704
5.04862
5.0502
5.05179
5.05337
5.05496
5.05655
5.05813
5.05973
5.06132
5.06291
5.06451
5.0661
5.0677
5.0693
5.0709
5.0725
5.07411
5.07571
5.07732
5.07893
5.08054
5.08214
5.08375
5.08534
5.08693
5.08852
5.0901
5.09169
5.09327
5.09486
5.09644
5.09803
5.09962
5.10121
5.10281
5.1044
5.106
5.1076
5.1092
5.11081
5.11241
5.11402
5.11563
5.11724
5.11886
5.12047
5.12209
5.12371
5.12532
5.12695
5.12857
5.13019
5.13182
5.13345
5.13508
5.13671
5.13834
5.13997
5.1416
5.14323
5.14487
5.1465
5.14814
5.14978
5.15142
5.15306
5.1547
5.15634
5.15798
5.15961
5.16124
5.16287
5.1645
5.16613
5.16777
5.1694
5.17103
5.17266
5.17429
5.17593
5.17756
5.1792
5.18084
5.18248
5.18411
5.18576
5.1874
5.18904
5.19069
5.19233
5.19398
5.19563
5.19728
5.19893
5.20058
5.20223
5.20388
5.20553
5.20718
5.20884
5.21049
5.21214
5.2138
5.21545
5.2171
5.21875
5.2204
5.22205
5.2237
5.22534
5.22699
5.22863
5.23026
5.2319
5.23353
5.23516
5.23679
5.23841
5.24003
5.24165
5.24326
5.24487
5.24648
5.24809
5.2497
5.2513
5.2529
5.25449
5.25609
5.25768
5.25927
5.26086
5.26245
5.26403
5.26562
5.2672
5.26877
5.27035
5.27193
5.2735
5.27507
5.27664
5.27821
5.27978
5.28134
5.2829
5.28446
5.28602
5.28758
5.28914
5.29069
5.29225
5.2938
5.29535
5.2969
5.29844
5.29999
5.30153
5.30307
5.30461
5.30615
5.30769
5.30922
5.31076
5.31229
5.31382
5.31535
5.31688
5.3184
5.31993
5.32145
5.32298
5.3245
5.32602
5.32754
5.32906
5.33057
5.33209
5.3336
5.33512
5.33663
5.33815
5.33966
5.34117
5.34269
5.3442
5.34571
5.34722
5.34873
5.35024
5.35175
5.35326
5.35477
5.35628
5.35779
5.3593
5.36081
5.36232
5.36383
5.36534
5.36685
5.36836
5.36987
5.37138
5.37289
5.3744
5.37592
5.37743
5.37894
5.38045
5.38196
5.38347
5.38498
5.38649
5.388
5.38951
5.39102
5.39252
5.39402
5.39552
5.39702
5.39851
5.40001
5.4015
5.40299
5.40447
5.40596
5.40745
5.40893
5.41041
5.41189
5.41337
5.41485
5.41633
5.41781
5.41929
5.42077
5.42224
5.42372
5.4252
5.42667
5.42815
5.42962
5.4311
5.43257
5.43405
5.43552
5.437
5.43847
5.43994
5.44142
5.44289
5.44437
5.44584
5.44732
5.4488
5.45027
5.45175
5.45323
5.4547
5.45618
5.45766
5.45914
5.46062
5.4621
5.46358
5.46506
5.46654
5.46802
5.46951
5.47099
5.47248
5.47396
5.47545
5.47694
5.47843
5.47992
5.48141
5.4829
5.48439
5.48588
5.48738
5.48887
5.49037
5.49187
5.49336
5.49486
5.49636
5.49787
5.49937
5.50087
5.50238
5.50388
5.50539
5.5069
5.50841
5.50992
5.51143
5.51295
5.51446
5.51598
5.5175
5.51901
5.52053
5.52206
5.52358
5.5251
5.52663
5.52815
5.52968
5.53121
5.53274
5.53428
5.53581
5.53734
5.53888
5.54042
5.54196
5.5435
5.54504
5.54659
5.54813
5.54968
5.55123
5.55278
5.55433
5.55588
5.55744
5.559
5.56056
5.56212
5.56368
5.56524
5.56681
5.56838
5.56995
5.57152
5.5731
5.57467
5.57625
5.57783
5.57941
5.58099
5.58258
5.58416
5.58575
5.58734
5.58894
5.59053
5.59213
5.59373
5.59533
5.59693
5.59854
5.60014
5.60175
5.60336
5.60497
5.60659
5.6082
5.60982
5.61144
5.61306
5.61469
5.61631
5.61794
5.61957
5.6212
5.62284
5.62447
5.62611
5.62775
5.62939
5.63103
5.63267
5.63432
5.63597
5.63762
5.63927
5.64092
5.64258
5.64424
5.6459
5.64756
5.64922
5.65088
5.65255
5.65422
5.65589
5.65756
5.65923
5.66091
5.66258
5.66426
5.66594
5.66762
5.6693
5.67099
5.67268
5.67436
5.67605
5.67775
5.67944
5.68113
5.68283
5.68453
5.68623
5.68793
5.68963
5.69134
5.69304
5.69475
5.69646
5.69817
5.69989
5.7016
5.70332
5.70503
5.70675
5.70847
5.7102
5.71192
5.71365
5.71537
5.7171
5.71883
5.72056
5.7223
5.72403
5.72577
5.72751
5.72925
5.73099
5.73273
5.73448
5.73622
5.73797
5.73972
5.74147
5.74323
5.74498
5.74673
5.74847
5.7502
5.75193
5.75365
5.75538
5.7571
5.75883
5.76055
5.76228
5.76401
5.76574
5.76746
5.7692
5.77093
5.77266
5.7744
5.77613
5.77787
5.77961
5.78136
5.7831
5.78485
5.7866
5.78835
5.7901
5.79185
5.7936
5.79535
5.79711
5.79886
5.80062
5.80238
5.80413
5.80589
5.80765
5.80941
5.81117
5.81293
5.81469
5.81646
5.81822
5.81998
5.82175
5.82351
5.82528
5.82704
5.82881
5.83057
5.83234
5.8341
5.83587
5.83764
5.8394
5.84117
5.84293
5.8447
5.84647
5.84823
5.85
5.85176
5.85353
5.85529
5.85705
5.85882
5.86058
5.86235
5.86411
5.86587
5.86763
5.8694
5.87116
5.87292
5.87468
5.87644
5.8782
5.87997
5.88173
5.88349
5.88525
5.88701
5.88877
5.89053
5.89229
5.89405
5.89581
5.89757
5.89933
5.90109
5.90285
5.90461
5.90638
5.90814
5.9099
5.91166
5.91343
5.91519
5.91696
5.91872
5.92049
5.92225
5.92402
5.92579
5.92756
5.92933
5.9311
5.93287
5.93464
5.93641
5.93819
5.93996
5.94173
5.94351
5.94528
5.94706
5.94883
5.95061
5.95239
5.95416
5.95594
5.95772
5.9595
5.96129
5.96307
5.96485
5.96664
5.96842
5.97021
5.972
5.97379
5.97558
5.97736
5.97915
5.98094
5.98273
5.98452
5.98631
5.9881
5.98989
5.99168
5.99347
5.99527
5.99706
5.99885
6.00064
6.00244
6.00423
6.00603
6.00782
6.00962
6.01141
6.01321
6.01501
6.01681
6.01861
6.02042
6.02222
6.02403
6.02584
6.02765
6.02946
6.03127
6.03309
6.0349
6.03672
6.03854
6.04036
6.04218
6.044
6.04583
6.04766
6.04948
6.05131
6.05315
6.05498
6.05682
6.05865
6.06049
6.06233
6.06418
6.06602
6.06787
6.06972
6.07157
6.07342
6.07528
6.07714
6.079
6.08086
6.08272
6.08459
6.08646
6.08833
6.0902
6.09208
6.09396
6.09584
6.09772
6.09961
6.10149
6.10338
6.10528
6.10717
6.10907
6.11098
6.11288
6.11479
6.1167
6.11861
6.12053
6.12245
6.12437
6.12629
6.12822
6.13015
6.13209
6.13403
6.13597
6.13791
6.13986
6.14181
6.14376
6.14572
6.14768
6.14964
6.15161
6.15358
6.15555
6.15753
6.15951
6.16149
6.16348
6.16547
6.16747
6.16946
6.17147
6.17347
6.17548
6.17749
6.17951
6.18153
6.18355
6.18558
6.1876
6.18964
6.19167
6.19371
6.19576
6.19781
6.19986
6.20191
6.20397
6.20603
6.20809
6.21016
6.21223
6.2143
6.21638
6.21846
6.22054
6.22263
6.22471
6.22681
6.2289
6.231
6.2331
6.23521
6.23731
6.23942
6.24153
6.24365
6.24577
6.24789
6.25001
6.25214
6.25427
6.2564
6.25853
6.26067
6.26281
6.26495
6.26709
6.26923
6.27138
6.27353
6.27568
6.27784
6.27999
6.28215
6.28431
6.28648
6.28864
6.29081
6.29298
6.29515
6.29732
6.29949
6.30167
6.30384
6.30602
6.3082
6.31038
6.31256
6.31475
6.31693
6.31911
6.3213
6.32348
6.32567
6.32785
6.33004
6.33223
6.33442
6.3366
6.33879
6.34098
6.34317
6.34536
6.34754
6.34973
6.35192
6.35411
6.3563
6.35849
6.36067
6.36286
6.36505
6.36724
6.36942
6.37161
6.37379
6.37598
6.37817
6.38035
6.38252
6.38469
6.38686
6.38902
6.39117
6.39332
6.39546
6.3976
6.39974
6.40188
6.40402
6.40616
6.40829
6.41043
6.41256
6.41469
6.41683
6.41896
6.4211
6.42323
6.42536
6.4275
6.42963
6.43176
6.4339
6.43603
6.43816
6.4403
6.44243
6.44456
6.4467
6.44883
6.45097
6.4531
6.45524
6.45737
6.45951
6.46165
6.46378
6.46592
6.46806
6.4702
6.47234
6.47448
6.47663
6.47877
6.48091
6.48306
6.48521
6.48735
6.4895
6.49166
6.49381
6.49596
6.49812
6.50028
6.50244
6.5046
6.50677
6.50893
6.5111
6.51327
6.51545
6.51762
6.5198
6.52198
6.52416
6.52635
6.52853
6.53072
6.53292
6.53511
6.53731
6.5395
6.5417
6.5439
6.5461
6.5483
6.55051
6.55272
6.55493
6.55714
6.55936
6.56158
6.56381
6.56604
6.56827
6.5705
6.57274
6.57498
6.57722
6.57947
6.58172
6.58398
6.58624
6.5885
6.59077
6.59304
6.59531
6.59759
6.59987
6.60215
6.60444
6.60673
6.60903
6.61132
6.61362
6.61593
6.61823
6.62054
6.62286
6.62518
6.62751
6.62984
6.63217
6.63451
6.63686
6.63921
6.64156
6.64392
6.64629
6.64866
6.65103
6.65342
6.6558
6.65819
6.66059
6.66299
6.6654
6.66781
6.67023
6.67265
6.67508
6.67752
6.67996
6.6824
6.68485
6.68731
6.68977
6.69223
6.6947
6.69718
6.69966
6.70215
6.70464
6.70714
6.70964
6.71215
6.71466
6.71718
6.71971
6.72223
6.72477
6.72731
6.72985
6.7324
6.73495
6.73751
6.74007
6.74264
6.74521
6.74779
6.75037
6.75295
6.75555
6.75814
6.76074
6.76334
6.76595
6.76856
6.77117
6.77379
6.7764
6.77901
6.78163
6.78425
6.78687
6.7895
6.79214
6.79478
6.79742
6.80007
6.80273
6.80539
6.80805
6.81072
6.81339
6.81606
6.81873
6.82141
6.82408
6.82675
6.82942
6.8321
6.83477
6.83745
6.84014
6.84282
6.84551
6.84819
6.85088
6.85358
6.85627
6.85896
6.86166
6.86436
6.86706
6.86975
6.87246
6.87516
6.87786
6.88056
6.88326
6.88597
6.88867
6.89137
6.89408
6.89678
6.89948
6.90219
6.90489
6.90759
6.9103
6.913
6.9157
6.9184
6.9211
6.9238
6.9265
6.9292
6.9319
6.93459
6.93729
6.93998
6.94267
6.94536
6.94805
6.95074
6.95342
6.9561
6.95878
6.96146
6.96413
6.96681
6.96948
6.97214
6.9748
6.97746
6.98011
6.98276
6.98539
6.98802
6.99064
6.99325
6.99586
6.99846
7.00105
7.00363
7.00621
7.00877
7.01133
7.01389
7.01644
7.01899
7.02153
7.02407
7.0266
7.02913
7.03165
7.03417
7.03668
7.03919
7.0417
7.0442
7.0467
7.04919
7.05168
7.05417
7.05665
7.05914
7.06162
7.0641
7.06658
7.06906
7.07154
7.07402
7.0765
7.07899
7.08147
7.08396
7.08644
7.08893
7.09143
7.09392
7.09642
7.09892
7.10142
7.10393
7.10644
7.10896
7.11148
7.114
7.11653
7.11906
7.12159
7.12413
7.12667
7.12921
7.13176
7.13431
7.13687
7.13943
7.14199
7.14455
7.14712
7.14969
7.15227
7.15484
7.15742
7.16
7.16257
7.16516
7.16774
7.17032
7.1729
7.17549
7.17807
7.18066
7.18324
7.18583
7.18841
7.191
7.19358
7.19616
7.19875
7.20133
7.20392
7.2065
7.20908
7.21166
7.21424
7.21682
7.2194
7.22198
7.22456
7.22713
7.22971
7.23228
7.23485
7.23742
7.23999
7.24255
7.24511
7.24768
7.25024
7.25279
7.25535
7.2579
7.26045
7.263
7.26555
7.26809
7.27063
7.27316
7.2757
7.27823
7.28076
7.28328
7.28581
7.28832
7.29084
7.29335
7.29586
7.29836
7.30086
7.30336
7.30585
7.30834
7.31082
7.3133
7.31578
7.31824
7.3207
7.32314
7.32557
7.32799
7.33041
7.33282
7.33522
7.33762
7.34001
7.3424
7.34479
7.34717
7.34956
7.35193
7.35431
7.35668
7.35905
7.36141
7.36377
7.36613
7.36849
7.37084
7.37319
7.37553
7.37788
7.38022
7.38255
7.38489
7.38721
7.38954
7.39186
7.39418
7.3965
7.39881
7.40112
7.40343
7.40573
7.40803
7.41033
7.41262
7.41491
7.41719
7.41947
7.42175
7.42402
7.42629
7.42855
7.43081
7.43306
7.43531
7.43755
7.43979
7.44202
7.44424
7.44646
7.44868
7.45089
7.45309
7.45529
7.45748
7.45966
7.46184
7.46402
7.46618
7.46835
7.4705
7.47266
7.4748
7.47694
7.47908
7.48121
7.48333
7.48545
7.48756
7.48967
7.49178
7.49388
7.49597
7.49806
7.50014
7.50222
7.5043
