distance
0
-1.08216e-07
-4.10136e-07
-7.64601e-07
-1.28871e-06
-1.94394e-06
-2.80363e-06
-3.82713e-06
-5.08728e-06
-6.54542e-06
-8.27056e-06
-1.02259e-05
-1.24749e-05
-1.49834e-05
-1.78089e-05
-2.09308e-05
-2.44041e-05
-2.82071e-05
-3.23847e-05
-3.69201e-05
-4.18495e-05
-4.71271e-05
-5.28469e-05
-5.90395e-05
-6.57704e-05
-7.3045e-05
-8.09133e-05
-8.93567e-05
-9.84367e-05
-0.00010817
-0.000118595
-0.000129704
-0.000141542
-0.000154074
-0.000167181
-0.000180734
-0.000194479
-0.000208614
-0.000222997
-0.000237387
-0.000252087
-0.000266893
-0.000281595
-0.000296363
-0.000311129
-0.000325741
-0.000340472
-0.000355118
-0.00036954
-0.000384003
-0.000398338
-0.000412405
-0.000426055
-0.000439616
-0.000452971
-0.000465859
-0.000478218
-0.000490363
-0.000502171
-0.000513447
-0.000524216
-0.000534823
-0.000545
-0.000554566
-0.000563394
-0.000571844
-0.000579715
-0.000586992
-0.000593366
-0.000598662
-0.000603116
-0.0006065
-0.000609176
-0.000610993
-0.000611712
-0.000611595
-0.000610368
-0.000608137
-0.000604571
-0.000599439
-0.000593132
-0.00058552
-0.000576346
-0.00056542
-0.000552521
-0.000538155
-0.000522148
-0.000504281
-0.000484349
-0.000462137
-0.000438141
-0.000412198
-0.000384089
-0.000353538
-0.000320377
-0.000285149
-0.000247619
-0.00020755
-0.000164675
-0.00011881
-7.00479e-05
-1.81361e-05
3.68299e-05
9.5036e-05
0.000156621
0.000221615
0.000290103
0.00036202
0.000437556
0.000516801
0.000599715
0.000686471
0.00077712
0.000871525
0.000969812
0.00107121
0.00117591
0.00128408
0.00139585
0.00151049
0.0016282
0.00174905
0.00187254
0.00199877
0.00212733
0.00225832
0.00239173
0.00252724
0.00266485
0.00280283
0.00294217
0.00308328
0.00322598
0.00336978
0.00351488
0.00366133
0.00380892
0.00395778
0.0041082
0.00425995
0.00441328
0.00456838
0.00472527
0.00488416
0.00504534
0.00520881
0.00537494
0.00554386
0.00571544
0.00588968
0.00606662
0.00624613
0.00642801
0.00661227
0.00679898
0.00698809
0.0071795
0.0073733
0.00756963
0.00776848
0.0079698
0.00817368
0.00838027
0.00858957
0.00880152
0.00901623
0.00923382
0.00945431
0.00967769
0.00990403
0.0101334
0.0103659
0.0106015
0.0108401
0.0110821
0.0113274
0.0115759
0.0118277
0.012083
0.0123417
0.0126039
0.0128697
0.0131391
0.013412
0.0136886
0.0139689
0.0142529
0.0145406
0.0148322
0.0151275
0.0154268
0.0157299
0.016037
0.016348
0.0166632
0.0169823
0.0173056
0.017633
0.0179645
0.0183002
0.0186399
0.0189838
0.0193318
0.019684
0.0200404
0.0204008
0.0207654
0.0211342
0.021507
0.021884
0.0222653
0.0226508
0.0230407
0.0234349
0.0238335
0.0242365
0.0246439
0.025056
0.0254727
0.025894
0.0263202
0.0267511
0.0271868
0.0276274
0.0280728
0.0285231
0.0289783
0.0294386
0.0299037
0.0303737
0.0308487
0.0313287
0.0318136
0.0323033
0.032798
0.0332975
0.0338019
0.0343111
0.034825
0.0353438
0.0358672
0.0363954
0.0369282
0.0374656
0.0380075
0.038554
0.039105
0.0396604
0.04022
0.040784
0.0413523
0.0419247
0.0425011
0.0430815
0.0436659
0.0442542
0.0448462
0.0454419
0.0460412
0.0466441
0.0472504
0.04786
0.048473
0.0490891
0.0497083
0.0503304
0.0509555
0.0515834
0.052214
0.0528473
0.0534829
0.054121
0.0547613
0.0554038
0.0560484
0.0566949
0.0573432
0.0579932
0.0586448
0.0592979
0.0599523
0.060608
0.0612648
0.0619228
0.0625818
0.0632419
0.0639029
0.0645647
0.0652274
0.065891
0.0665552
0.0672202
0.0678858
0.0685521
0.069219
0.0698865
0.0705545
0.0712231
0.0718922
0.0725617
0.0732318
0.0739024
0.0745734
0.0752448
0.0759167
0.0765891
0.0772618
0.077935
0.0786086
0.0792808
0.07995
0.0806152
0.0812761
0.0819326
0.0825851
0.0832343
0.0838805
0.0845245
0.0851666
0.0858073
0.0864473
0.0870869
0.0877264
0.0883663
0.0890067
0.0896479
0.09029
0.0909332
0.0915775
0.0922229
0.0928694
0.093517
0.0941656
0.0948154
0.0954663
0.0961184
0.0967715
0.0974257
0.098081
0.0987374
0.099395
0.100054
0.100713
0.101374
0.102036
0.102699
0.103363
0.104028
0.104695
0.105362
0.10603
0.1067
0.10737
0.108042
0.108715
0.109389
0.110064
0.11074
0.111417
0.112095
0.112774
0.113455
0.114136
0.114819
0.115503
0.116188
0.116874
0.117561
0.118249
0.118938
0.119629
0.120321
0.121013
0.121707
0.122403
0.123099
0.123796
0.124495
0.125195
0.125896
0.126598
0.127302
0.128007
0.128713
0.12942
0.130128
0.130838
0.131547
0.132257
0.132968
0.133681
0.134394
0.135109
0.135825
0.136543
0.137261
0.137981
0.138701
0.139423
0.140146
0.140871
0.141596
0.142323
0.143051
0.14378
0.14451
0.145242
0.145975
0.14671
0.147445
0.148183
0.148921
0.149661
0.150402
0.151145
0.151889
0.152634
0.153381
0.154129
0.154879
0.155629
0.156381
0.157134
0.157889
0.158645
0.159402
0.160161
0.160921
0.161683
0.162447
0.163211
0.163978
0.164744
0.165509
0.166276
0.167044
0.167814
0.168585
0.169357
0.17013
0.170905
0.171682
0.17246
0.17324
0.17402
0.174803
0.175587
0.176371
0.177158
0.177945
0.178733
0.179522
0.180311
0.181102
0.181893
0.182685
0.183478
0.184271
0.185064
0.185857
0.186651
0.187445
0.188239
0.189033
0.189827
0.190621
0.191414
0.192208
0.193001
0.193794
0.194586
0.195378
0.19617
0.196961
0.197752
0.198542
0.199331
0.20012
0.200908
0.201695
0.202482
0.203268
0.204054
0.204838
0.205622
0.206406
0.207188
0.20797
0.208751
0.209531
0.210311
0.21109
0.211869
0.212647
0.213424
0.214201
0.214977
0.215752
0.216527
0.217302
0.218076
0.21885
0.219624
0.220397
0.22117
0.221942
0.222715
0.223487
0.224259
0.22503
0.225802
0.226573
0.227345
0.228116
0.228888
0.229659
0.230431
0.231202
0.231974
0.232746
0.233518
0.23429
0.235063
0.235836
0.23661
0.237384
0.238158
0.238933
0.239709
0.240485
0.241262
0.242039
0.242818
0.243597
0.244377
0.245157
0.245939
0.246722
0.247506
0.248291
0.249077
0.249864
0.250652
0.251442
0.252233
0.253025
0.253819
0.254614
0.255411
0.256209
0.257008
0.257809
0.258612
0.259416
0.260222
0.26103
0.26184
0.262651
0.263464
0.264279
0.265097
0.265916
0.266737
0.26756
0.268386
0.269213
0.270043
0.270875
0.27171
0.272546
0.273386
0.274227
0.275071
0.275918
0.276767
0.277618
0.278472
0.279329
0.280188
0.28105
0.281915
0.282782
0.283652
0.284525
0.2854
0.286279
0.28716
0.288044
0.288931
0.28982
0.290713
0.291608
0.292507
0.293408
0.294313
0.29522
0.29613
0.297044
0.29796
0.298879
0.299802
0.300727
0.301656
0.302587
0.303522
0.30446
0.305401
0.306345
0.307291
0.308242
0.309195
0.310151
0.31111
0.312073
0.313038
0.314007
0.314979
0.315954
0.316932
0.317913
0.318898
0.319885
0.320876
0.32187
0.322867
0.323867
0.32487
0.325877
0.326887
0.327899
0.328915
0.329935
0.330957
0.331982
0.333011
0.334043
0.335077
0.336115
0.337156
0.338201
0.339248
0.340298
0.341351
0.342408
0.343467
0.344529
0.345595
0.346663
0.347734
0.348808
0.349885
0.350965
0.352047
0.353133
0.354221
0.355311
0.356404
0.3575
0.358599
0.3597
0.360803
0.361909
0.363017
0.364128
0.36524
0.366355
0.367472
0.368591
0.369712
0.370835
0.37196
0.373086
0.374215
0.375345
0.376476
0.377609
0.378743
0.379879
0.381016
0.382154
0.383293
0.384434
0.385576
0.386718
0.387862
0.389006
0.390152
0.391298
0.392445
0.393593
0.394742
0.395891
0.397041
0.398191
0.399342
0.400493
0.401645
0.402798
0.403951
0.405104
0.406256
0.407408
0.408561
0.409714
0.410863
0.412007
0.413145
0.414277
0.415403
0.416526
0.417646
0.418764
0.419881
0.420997
0.422114
0.42323
0.424347
0.425464
0.426582
0.427701
0.42882
0.429939
0.43106
0.432181
0.433302
0.434425
0.435548
0.436672
0.437796
0.438921
0.440047
0.441173
0.4423
0.443427
0.444555
0.445684
0.446814
0.447944
0.449075
0.450207
0.45134
0.452474
0.453609
0.454744
0.455879
0.457016
0.458153
0.459291
0.460429
0.461568
0.462708
0.463848
0.464989
0.46613
0.467272
0.468415
0.469558
0.470702
0.471847
0.472993
0.47414
0.475288
0.476435
0.477584
0.478734
0.479885
0.481036
0.482188
0.483341
0.484495
0.48565
0.486802
0.487952
0.489097
0.490239
0.491378
0.492515
0.493651
0.494786
0.495921
0.497057
0.498193
0.49933
0.500468
0.501607
0.502747
0.503889
0.505032
0.506176
0.507322
0.508468
0.509617
0.510766
0.511917
0.513069
0.514223
0.515379
0.516535
0.517694
0.518853
0.520014
0.521177
0.522341
0.523506
0.524673
0.525841
0.527011
0.528181
0.529354
0.530527
0.531702
0.532878
0.534055
0.535233
0.536413
0.537593
0.538775
0.539959
0.541143
0.542328
0.543515
0.544703
0.545892
0.547082
0.548273
0.549466
0.55066
0.551854
0.553051
0.554248
0.555446
0.556646
0.557846
0.559048
0.560251
0.561456
0.562661
0.563868
0.565076
0.566285
0.567495
0.568706
0.569919
0.571132
0.572347
0.573563
0.574781
0.575999
0.577219
0.57844
0.579662
0.580885
0.58211
0.583336
0.584563
0.585791
0.587021
0.588252
0.589484
0.590718
0.591951
0.593183
0.594413
0.595641
0.596868
0.598092
0.599314
0.600534
0.601753
0.602969
0.604184
0.605398
0.606611
0.607824
0.609037
0.610246
0.611452
0.612655
0.613855
0.61505
0.616242
0.617429
0.618613
0.619795
0.620975
0.622154
0.623333
0.624511
0.625689
0.626867
0.628045
0.629225
0.630404
0.631585
0.632766
0.633948
0.635131
0.636314
0.637497
0.638681
0.639864
0.641048
0.642231
0.643415
0.644597
0.645779
0.646961
0.648141
0.649321
0.650499
0.651675
0.652849
0.654021
0.655191
0.656358
0.657522
0.658683
0.659841
0.660996
0.662147
0.663294
0.664438
0.665579
0.666716
0.667849
0.668979
0.670106
0.671229
0.672349
0.673466
0.67458
0.67569
0.676798
0.677903
0.679005
0.680104
0.6812
0.682294
0.683386
0.684475
0.685562
0.686647
0.687729
0.688809
0.689888
0.690964
0.692038
0.69311
0.694181
0.69525
0.696316
0.697381
0.698445
0.699506
0.700566
0.701624
0.70268
0.703734
0.704787
0.705838
0.706888
0.707935
0.708982
0.710026
0.711069
0.71211
0.713149
0.714187
0.715224
0.716258
0.717292
0.718323
0.719353
0.720382
0.72141
0.722435
0.72346
0.724483
0.725505
0.726525
0.727544
0.728562
0.729578
0.730593
0.731607
0.73262
0.733631
0.734641
0.73565
0.736658
0.737664
0.738669
0.739674
0.740676
0.741678
0.742679
0.743678
0.744676
0.745674
0.74667
0.747665
0.748658
0.749651
0.750642
0.751633
0.752622
0.75361
0.754598
0.755584
0.756568
0.757552
0.758535
0.759517
0.760497
0.761477
0.762455
0.763432
0.764408
0.765383
0.766357
0.76733
0.768301
0.769272
0.770241
0.771209
0.772176
0.773141
0.774105
0.775068
0.77603
0.776991
0.77795
0.778908
0.779864
0.780819
0.781774
0.782726
0.783678
0.784628
0.785577
0.786525
0.787472
0.788417
0.789362
0.790305
0.791247
0.792187
0.793127
0.794066
0.795003
0.79594
0.796875
0.79781
0.798743
0.799676
0.800607
0.801538
0.802467
0.803396
0.804324
0.805251
0.806177
0.807102
0.808026
0.80895
0.809873
0.810795
0.811716
0.812637
0.813557
0.814476
0.815395
0.816313
0.81723
0.818147
0.819063
0.819979
0.820894
0.821808
0.822722
0.823636
0.824549
0.825462
0.826375
0.827287
0.828198
0.82911
0.830021
0.830932
0.831843
0.832753
0.833663
0.834573
0.835483
0.836393
0.837302
0.838212
0.839121
0.84003
0.84094
0.841849
0.842758
0.843667
0.844576
0.845486
0.846395
0.847304
0.848214
0.849123
0.850033
0.850943
0.851853
0.852763
0.853673
0.854584
0.855494
0.856405
0.857316
0.858228
0.859139
0.860051
0.860963
0.861876
0.862788
0.863702
0.864615
0.865529
0.866443
0.867357
0.868272
0.869187
0.870103
0.871019
0.871935
0.872852
0.873769
0.874687
0.875605
0.876523
0.877442
0.878362
0.879282
0.880202
0.881122
0.882044
0.882965
0.883887
0.88481
0.885733
0.886656
0.88758
0.888505
0.88943
0.890355
0.89128
0.892205
0.89313
0.894054
0.894978
0.895901
0.896824
0.897746
0.898667
0.899588
0.900508
0.901428
0.902348
0.903268
0.904187
0.905107
0.906026
0.906946
0.907865
0.908786
0.909706
0.910627
0.911548
0.91247
0.913393
0.914316
0.915239
0.916164
0.917089
0.918015
0.918941
0.919869
0.920797
0.921726
0.922656
0.923587
0.924519
0.925452
0.926385
0.92732
0.928255
0.929192
0.93013
0.931068
0.932008
0.932949
0.93389
0.934833
0.935777
0.936722
0.937668
0.938615
0.939563
0.940512
0.941463
0.942414
0.943367
0.944321
0.945276
0.946232
0.947189
0.948147
0.949107
0.950067
0.951029
0.951992
0.952956
0.953921
0.954887
0.955854
0.956822
0.957791
0.958762
0.959733
0.960705
0.961679
0.962653
0.963628
0.964605
0.965582
0.966561
0.96754
0.96852
0.969501
0.970484
0.971467
0.972451
0.973436
0.974422
0.975408
0.976396
0.977384
0.978374
0.979364
0.980355
0.981347
0.98234
0.983333
0.984328
0.985323
0.986319
0.987316
0.988314
0.989313
0.990312
0.991312
0.992313
0.993315
0.994318
0.995319
0.996316
0.997306
0.99829
0.999269
1.00024
1.00122
1.00219
1.00316
1.00414
1.00511
1.00608
1.00706
1.00803
1.00901
1.00999
1.01097
1.01195
1.01293
1.01391
1.01489
1.01588
1.01686
1.01784
1.01883
1.01982
1.0208
1.02179
1.02278
1.02377
1.02476
1.02575
1.02674
1.02773
1.02873
1.02972
1.03072
1.03171
1.03271
1.0337
1.0347
1.0357
1.0367
1.0377
1.0387
1.0397
1.0407
1.0417
1.04271
1.04371
1.04471
1.04572
1.04672
1.04773
1.04873
1.04974
1.05075
1.05176
1.05277
1.05378
1.05479
1.0558
1.05681
1.05783
1.05884
1.05985
1.06087
1.06189
1.0629
1.06392
1.06494
1.06596
1.06698
1.068
1.06903
1.07005
1.07108
1.0721
1.07313
1.07416
1.07518
1.07621
1.07725
1.07828
1.07931
1.08034
1.08138
1.08242
1.08345
1.08449
1.08553
1.08657
1.08761
1.08866
1.0897
1.09075
1.0918
1.09284
1.09389
1.09494
1.096
1.09705
1.09811
1.09916
1.10022
1.10128
1.10234
1.1034
1.10446
1.10553
1.10659
1.10766
1.10873
1.1098
1.11087
1.11194
1.11302
1.11409
1.11517
1.11625
1.11733
1.11841
1.11949
1.12057
1.12166
1.12275
1.12383
1.12492
1.12602
1.12711
1.1282
1.1293
1.1304
1.13149
1.13259
1.1337
1.1348
1.1359
1.13701
1.13812
1.13922
1.14033
1.14145
1.14256
1.14367
1.14479
1.14591
1.14703
1.14815
1.14927
1.15039
1.15152
1.15264
1.15377
1.1549
1.15603
1.15716
1.1583
1.15943
1.16057
1.16171
1.16285
1.16399
1.16513
1.16628
1.16742
1.16857
1.16972
1.17087
1.17202
1.17318
1.17433
1.17549
1.17665
1.17781
1.17897
1.18013
1.18129
1.18246
1.18363
1.18479
1.18596
1.18714
1.18831
1.18948
1.19066
1.19184
1.19302
1.1942
1.19538
1.19656
1.19775
1.19893
1.20012
1.20131
1.2025
1.20369
1.20488
1.20608
1.20727
1.20847
1.20967
1.21087
1.21207
1.21327
1.21448
1.21568
1.21689
1.2181
1.21931
1.22052
1.22173
1.22295
1.22416
1.22538
1.2266
1.22782
1.22904
1.23026
1.23148
1.23271
1.23393
1.23516
1.23639
1.23762
1.23885
1.24009
1.24132
1.24256
1.24379
1.24503
1.24627
1.24751
1.24875
1.24999
1.25122
1.25246
1.2537
1.25494
1.25618
1.25741
1.25865
1.25989
1.26112
1.26236
1.2636
1.26483
1.26607
1.26731
1.26854
1.26978
1.27102
1.27225
1.27349
1.27473
1.27596
1.2772
1.27843
1.27966
1.2809
1.28213
1.28336
1.28459
1.28582
1.28705
1.28829
1.28952
1.29075
1.29198
1.29321
1.29443
1.29566
1.29689
1.29812
1.29935
1.30057
1.3018
1.30302
1.30425
1.30547
1.30669
1.30791
1.30913
1.31035
1.31157
1.31279
1.314
1.31521
1.31642
1.31763
1.31884
1.32005
1.32125
1.32246
1.32366
1.32486
1.32605
1.32725
1.32844
1.32963
1.33082
1.33201
1.33319
1.33438
1.33556
1.33674
1.33791
1.33909
1.34026
1.34143
1.3426
1.34376
1.34493
1.34609
1.34725
1.34841
1.34957
1.35072
1.35188
1.35303
1.35418
1.35533
1.35647
1.35762
1.35876
1.35991
1.36105
1.36219
1.36332
1.36446
1.3656
1.36673
1.36786
1.36899
1.37012
1.37125
1.37238
1.37351
1.37463
1.37575
1.37688
1.378
1.37912
1.38023
1.38135
1.38247
1.38358
1.38469
1.3858
1.38691
1.38802
1.38912
1.39022
1.39132
1.39242
1.39352
1.39462
1.39571
1.39681
1.3979
1.39899
1.40008
1.40116
1.40225
1.40333
1.40442
1.4055
1.40658
1.40766
1.40874
1.40981
1.41089
1.41196
1.41304
1.41411
1.41519
1.41626
1.41733
1.4184
1.41947
1.42054
1.42162
1.42269
1.42375
1.42482
1.42589
1.42696
1.42803
1.4291
1.43017
1.43124
1.43231
1.43338
1.43445
1.43552
1.43659
1.43766
1.43873
1.4398
1.44087
1.44194
1.44301
1.44408
1.44515
1.44622
1.4473
1.44837
1.44944
1.45052
1.45159
1.45267
1.45374
1.45482
1.45589
1.45697
1.45805
1.45912
1.4602
1.46128
1.46236
1.46344
1.46452
1.4656
1.46668
1.46776
1.46884
1.46993
1.47101
1.4721
1.47318
1.47427
1.47535
1.47644
1.47753
1.47861
1.4797
1.48079
1.48188
1.48297
1.48407
1.48516
1.48625
1.48734
1.48844
1.48953
1.49063
1.49173
1.49282
1.49392
1.49502
1.49612
1.49722
1.49832
1.49942
1.50053
1.50163
1.50273
1.50384
1.50494
1.50605
1.50716
1.50827
1.50938
1.51048
1.5116
1.51271
1.51382
1.51493
1.51604
1.51716
1.51827
1.51939
1.5205
1.52162
1.52274
1.52386
1.52498
1.5261
1.52722
1.52834
1.52946
1.53058
1.53171
1.53283
1.53395
1.53508
1.53621
1.53733
1.53846
1.53959
1.54072
1.54185
1.54298
1.54411
1.54524
1.54637
1.54751
1.54864
1.54977
1.55091
1.55204
1.55318
1.55432
1.55546
1.5566
1.55774
1.55888
1.56002
1.56116
1.5623
1.56345
1.56459
1.56574
1.56688
1.56803
1.56918
1.57033
1.57148
1.57263
1.57378
1.57493
1.57609
1.57724
1.5784
1.57955
1.58071
1.58187
1.58303
1.58419
1.58535
1.58652
1.58768
1.58885
1.59001
1.59118
1.59235
1.59352
1.59469
1.59586
1.59703
1.59821
1.59938
1.60056
1.60174
1.60292
1.6041
1.60528
1.60646
1.60765
1.60883
1.61002
1.61121
1.6124
1.61359
1.61478
1.61598
1.61717
1.61837
1.61957
1.62077
1.62197
1.62317
1.62437
1.62558
1.62679
1.62799
1.62921
1.63042
1.63163
1.63284
1.63406
1.63528
1.6365
1.63772
1.63894
1.64017
1.64139
1.64262
1.64385
1.64508
1.64631
1.64754
1.64878
1.65002
1.65126
1.6525
1.65374
1.65498
1.65623
1.65747
1.65872
1.65997
1.66122
1.66248
1.66373
1.66499
1.66624
1.6675
1.66876
1.67003
1.67129
1.67256
1.67382
1.67509
1.67636
1.67763
1.67891
1.68018
1.68146
1.68274
1.68401
1.68528
1.68655
1.68781
1.68907
1.69032
1.69157
1.69282
1.69407
1.69533
1.69658
1.69784
1.69909
1.70035
1.70162
1.70288
1.70414
1.70541
1.70668
1.70795
1.70922
1.71049
1.71177
1.71304
1.71432
1.7156
1.71688
1.71817
1.71945
1.72074
1.72202
1.72331
1.7246
1.72589
1.72719
1.72848
1.72978
1.73108
1.73238
1.73368
1.73498
1.73628
1.73759
1.73889
1.7402
1.74151
1.74282
1.74413
1.74545
1.74676
1.74808
1.7494
1.75072
1.75204
1.75336
1.75468
1.75601
1.75734
1.75867
1.75999
1.76132
1.76266
1.76399
1.76532
1.76666
1.76799
1.76933
1.77067
1.77201
1.77335
1.7747
1.77605
1.77739
1.77874
1.7801
1.78145
1.78281
1.78417
1.78553
1.78689
1.78825
1.78962
1.79098
1.79235
1.79372
1.79508
1.79645
1.79782
1.79918
1.80055
1.80192
1.80329
1.80466
1.80603
1.80741
1.80878
1.81016
1.81153
1.81291
1.81429
1.81567
1.81705
1.81844
1.81982
1.82121
1.8226
1.82398
1.82537
1.82676
1.82816
1.82955
1.83094
1.83234
1.83373
1.83513
1.83653
1.83792
1.83932
1.84072
1.84212
1.84352
1.84492
1.84632
1.84772
1.84912
1.85052
1.85192
1.85332
1.85472
1.85611
1.85751
1.8589
1.8603
1.86169
1.86308
1.86447
1.86586
1.86725
1.86863
1.87002
1.8714
1.87278
1.87417
1.87555
1.87693
1.8783
1.87968
1.88106
1.88243
1.8838
1.88517
1.88655
1.88792
1.88928
1.89065
1.89202
1.89338
1.89475
1.89611
1.89747
1.89883
1.90019
1.90155
1.90291
1.90426
1.90562
1.90697
1.90833
1.90968
1.91103
1.91237
1.91372
1.91507
1.91641
1.91775
1.91909
1.92043
1.92177
1.9231
1.92444
1.92577
1.9271
1.92843
1.92976
1.93109
1.93241
1.93373
1.93505
1.93637
1.93769
1.93901
1.94032
1.94164
1.94295
1.94426
1.94557
1.94687
1.94818
1.94948
1.95079
1.95209
1.95339
1.95469
1.95598
1.95728
1.95857
1.95986
1.96115
1.96244
1.96373
1.96502
1.96631
1.96759
1.96887
1.97015
1.97143
1.97271
1.97399
1.97527
1.97654
1.97781
1.97909
1.98036
1.98163
1.9829
1.98416
1.98543
1.98669
1.98796
1.98922
1.99048
1.99174
1.993
1.99426
1.99552
1.99677
1.99803
1.99928
2.00054
2.00179
2.00304
2.00429
2.00554
2.00679
2.00804
2.00929
2.01054
2.01178
2.01303
2.01428
2.01552
2.01677
2.01801
2.01926
2.0205
2.02175
2.02299
2.02424
2.02548
2.02673
2.02797
2.02921
2.03046
2.0317
2.03295
2.03419
2.03544
2.03668
2.03792
2.03917
2.04041
2.04166
2.04291
2.04415
2.0454
2.04664
2.04789
2.04914
2.05039
2.05163
2.05288
2.05413
2.05538
2.05663
2.05788
2.05913
2.06038
2.06163
2.06288
2.06414
2.06539
2.06664
2.0679
2.06915
2.07041
2.07166
2.07292
2.07418
2.07543
2.07669
2.07795
2.07921
2.08047
2.08173
2.08299
2.08425
2.08552
2.08678
2.08804
2.0893
2.09056
2.09182
2.09309
2.09435
2.09561
2.09687
2.09813
2.09939
2.10065
2.10191
2.10318
2.10444
2.1057
2.10696
2.10822
2.10949
2.11075
2.11202
2.11328
2.11455
2.11581
2.11708
2.11834
2.11961
2.12088
2.12215
2.12342
2.12469
2.12596
2.12724
2.12851
2.12978
2.13106
2.13233
2.13361
2.13489
2.13617
2.13744
2.13872
2.14
2.14129
2.14257
2.14385
2.14514
2.14642
2.14771
2.149
2.15028
2.15157
2.15286
2.15416
2.15545
2.15674
2.15804
2.15933
2.16063
2.16192
2.16322
2.16452
2.16582
2.16712
2.16843
2.16973
2.17104
2.17234
2.17365
2.17496
2.17627
2.17758
2.17889
2.1802
2.18151
2.18283
2.18415
2.18546
2.18678
2.1881
2.18942
2.19074
2.19207
2.19339
2.19472
2.19605
2.19737
2.1987
2.20004
2.20137
2.2027
2.20404
2.20537
2.20671
2.20805
2.20939
2.21073
2.21208
2.21342
2.21477
2.21612
2.21747
2.21882
2.22017
2.22152
2.22288
2.22423
2.22559
2.22695
2.22831
2.22968
2.23104
2.23241
2.23377
2.23514
2.23651
2.23788
2.23926
2.24063
2.24201
2.24338
2.24476
2.24614
2.24752
2.24891
2.25029
2.25168
2.25307
2.25446
2.25585
2.25724
2.25863
2.26003
2.26143
2.26283
2.26423
2.26563
2.26703
2.26843
2.26984
2.27125
2.27265
2.27406
2.27547
2.27687
2.27827
2.27966
2.28105
2.28244
2.28382
2.28521
2.28659
2.28798
2.28936
2.29075
2.29214
2.29353
2.29493
2.29632
2.29772
2.29912
2.30052
2.30192
2.30333
2.30473
2.30614
2.30755
2.30896
2.31037
2.31179
2.3132
2.31462
2.31604
2.31746
2.31888
2.3203
2.32172
2.32315
2.32458
2.32601
2.32744
2.32887
2.3303
2.33173
2.33317
2.33461
2.33605
2.33749
2.33893
2.34037
2.34182
2.34326
2.34471
2.34616
2.34761
2.34906
2.35052
2.35197
2.35343
2.35489
2.35635
2.35781
2.35927
2.36074
2.3622
2.36367
2.36514
2.36661
2.36809
2.36956
2.37104
2.37252
2.374
2.37548
2.37697
2.37846
2.37994
2.38143
2.38293
2.38442
2.38592
2.38741
2.38891
2.39041
2.39192
2.39342
2.39493
2.39644
2.39795
2.39946
2.40098
2.40249
2.40401
2.40552
2.40704
2.40856
2.41008
2.4116
2.41312
2.41464
2.41616
2.41768
2.4192
2.42072
2.42225
2.42377
2.4253
2.42683
2.42836
2.42989
2.43142
2.43295
2.43448
2.43601
2.43754
2.43907
2.44059
2.44212
2.44364
2.44516
2.44668
2.4482
2.44972
2.45124
2.45276
2.45428
2.45579
2.45731
2.45883
2.46035
2.46187
2.46339
2.46491
2.46643
2.46795
2.46947
2.47099
2.47251
2.47403
2.47555
2.47707
2.47859
2.48011
2.48163
2.48315
2.48467
2.48619
2.48771
2.48922
2.49074
2.49225
2.49376
2.49527
2.49678
2.49828
2.49978
2.50128
2.50278
2.50427
2.50576
2.50725
2.50874
2.51022
2.5117
2.51318
2.51466
2.51613
2.5176
2.51906
2.52053
2.52199
2.52345
2.52491
2.52636
2.52781
2.52926
2.53071
2.53216
2.5336
2.53504
2.53649
2.53792
2.53936
2.5408
2.54223
2.54366
2.5451
2.54653
2.54795
2.54938
2.55081
2.55223
2.55365
2.55507
2.55649
2.55791
2.55933
2.56074
2.56216
2.56357
2.56498
2.56639
2.5678
2.5692
2.57061
2.57201
2.57341
2.57481
2.57621
2.5776
2.579
2.58039
2.58178
2.58317
2.58456
2.58595
2.58733
2.58872
2.5901
2.59148
2.59286
2.59424
2.59562
2.59699
2.59837
2.59974
2.60111
2.60248
2.60385
2.60522
2.60658
2.60795
2.60931
2.61067
2.61204
2.6134
2.61476
2.61611
2.61747
2.61883
2.62018
2.62154
2.62289
2.62424
2.6256
2.62695
2.6283
2.62965
2.631
2.63234
2.63369
2.63504
2.63638
2.63773
2.63908
2.64042
2.64176
2.64311
2.64445
2.64579
2.64714
2.64848
2.64982
2.65116
2.65251
2.65385
2.65519
2.65653
2.65787
2.65922
2.66056
2.6619
2.66324
2.66458
2.66592
2.66727
2.66861
2.66995
2.67129
2.67263
2.67398
2.67532
2.67666
2.67801
2.67935
2.68069
2.68204
2.68338
2.68473
2.68607
2.68742
2.68876
2.69011
2.69146
2.69281
2.69415
2.6955
2.69685
2.6982
2.69955
2.7009
2.70225
2.7036
2.70495
2.7063
2.70766
2.70901
2.71036
2.71172
2.71307
2.71443
2.71578
2.71714
2.71849
2.71985
2.72121
2.72257
2.72393
2.72529
2.72665
2.72801
2.72937
2.73073
2.73209
2.73345
2.73482
2.73618
2.73754
2.73891
2.74027
2.74164
2.74301
2.74437
2.74574
2.74711
2.74848
2.74985
2.75122
2.75259
2.75396
2.75533
2.7567
2.75808
2.75945
2.76082
2.7622
2.76357
2.76495
2.76633
2.7677
2.76908
2.77045
2.77183
2.7732
2.77458
2.77595
2.77732
2.7787
2.78007
2.78144
2.78281
2.78418
2.78555
2.78692
2.78829
2.78967
2.79104
2.79241
2.79378
2.79515
2.79653
2.7979
2.79927
2.80065
2.80202
2.8034
2.80478
2.80615
2.80753
2.80891
2.81029
2.81167
2.81305
2.81444
2.81582
2.8172
2.81859
2.81998
2.82136
2.82275
2.82414
2.82553
2.82692
2.82831
2.8297
2.8311
2.83249
2.83389
2.83528
2.83668
2.83808
2.83948
2.84088
2.84228
2.84368
2.84508
2.84648
2.84789
2.84929
2.8507
2.85211
2.85352
2.85492
2.85634
2.85775
2.85916
2.86057
2.86199
2.86341
2.86482
2.86624
2.86766
2.86908
2.8705
2.87193
2.87335
2.87478
2.87621
2.87763
2.87906
2.88049
2.88193
2.88336
2.8848
2.88623
2.88767
2.88911
2.89055
2.89199
2.89344
2.89488
2.89633
2.89777
2.89922
2.90067
2.90212
2.90358
2.90503
2.90649
2.90795
2.9094
2.91087
2.91233
2.91379
2.91525
2.91672
2.91819
2.91966
2.92113
2.9226
2.92407
2.92555
2.92702
2.9285
2.92998
2.93146
2.93294
2.93442
2.93591
2.93739
2.93886
2.94033
2.9418
2.94326
2.94472
2.94618
2.94764
2.9491
2.95056
2.95202
2.95348
2.95495
2.95641
2.95788
2.95935
2.96082
2.9623
2.96377
2.96525
2.96673
2.96821
2.96969
2.97117
2.97266
2.97415
2.97564
2.97713
2.97862
2.98011
2.98161
2.9831
2.9846
2.9861
2.9876
2.9891
2.99061
2.99211
2.99362
2.99513
2.99664
2.99815
2.99966
3.00118
3.00269
3.00421
3.00573
3.00725
3.00877
3.0103
3.01182
3.01335
3.01488
3.01641
3.01794
3.01947
3.02101
3.02255
3.02408
3.02562
3.02717
3.02871
3.03026
3.0318
3.03335
3.0349
3.03646
3.03801
3.03957
3.04113
3.04269
3.04425
3.04582
3.04738
3.04895
3.05052
3.0521
3.05367
3.05525
3.05683
3.05841
3.05999
3.06157
3.06315
3.06473
3.06631
3.06789
3.06948
3.07106
3.07264
3.07423
3.07582
3.07741
3.079
3.08059
3.08218
3.08378
3.08538
3.08698
3.08857
3.09017
3.09177
3.09337
3.09497
3.09656
3.09816
3.09975
3.10135
3.10294
3.10452
3.10611
3.1077
3.10929
3.11088
3.11246
3.11405
3.11564
3.11722
3.11881
3.1204
3.12198
3.12357
3.12516
3.12675
3.12834
3.12993
3.13152
3.13311
3.1347
3.13629
3.13788
3.13948
3.14107
3.14266
3.14425
3.14584
3.14743
3.14902
3.1506
3.15219
3.15377
3.15535
3.15693
3.15851
3.16008
3.16165
3.16322
3.16479
3.16635
3.16791
3.16947
3.17102
3.17258
3.17413
3.17567
3.17722
3.17876
3.1803
3.18183
3.18336
3.18489
3.18642
3.18795
3.18947
3.19099
3.19251
3.19403
3.19555
3.19706
3.19857
3.20008
3.20159
3.2031
3.20461
3.20611
3.20762
3.20912
3.21062
3.21212
3.21362
3.21511
3.21661
3.2181
3.21959
3.22108
3.22257
3.22406
3.22555
3.22703
3.22852
3.23
3.23148
3.23296
3.23443
3.23591
3.23738
3.23886
3.24033
3.2418
3.24326
3.24473
3.2462
3.24766
3.24912
3.25058
3.25204
3.2535
3.25495
3.25641
3.25786
3.25931
3.26076
3.26221
3.26366
3.2651
3.26655
3.26799
3.26944
3.27088
3.27232
3.27376
3.2752
3.27663
3.27807
3.2795
3.28094
3.28237
3.2838
3.28523
3.28666
3.28809
3.28951
3.29094
3.29237
3.29379
3.29521
3.29664
3.29806
3.29948
3.3009
3.30232
3.30374
3.30516
3.30657
3.30799
3.30941
3.31082
3.31224
3.31365
3.31507
3.31648
3.3179
3.31931
3.32072
3.32214
3.32355
3.32496
3.32638
3.32779
3.3292
3.33061
3.33202
3.33344
3.33485
3.33626
3.33767
3.33908
3.3405
3.34191
3.34332
3.34473
3.34615
3.34756
3.34897
3.35039
3.3518
3.35321
3.35463
3.35604
3.35746
3.35887
3.36029
3.3617
3.36312
3.36453
3.36595
3.36737
3.36878
3.3702
3.37162
3.37304
3.37446
3.37588
3.3773
3.37872
3.38014
3.38156
3.38298
3.3844
3.38583
3.38725
3.38867
3.3901
3.39152
3.39295
3.39437
3.3958
3.39723
3.39865
3.40008
3.40151
3.40294
3.40437
3.4058
3.40723
3.40866
3.41009
3.41152
3.41295
3.41438
3.41582
3.41725
3.41869
3.42012
3.42156
3.42299
3.42443
3.42587
3.4273
3.42874
3.43018
3.43162
3.43306
3.4345
3.43594
3.43738
3.43882
3.44027
3.44171
3.44315
3.44459
3.44603
3.44746
3.4489
3.45034
3.45177
3.4532
3.45464
3.45607
3.4575
3.45893
3.46036
3.46179
3.46322
3.46466
3.46609
3.46752
3.46895
3.47039
3.47182
3.47325
3.47469
3.47612
3.47756
3.479
3.48043
3.48187
3.48331
3.48475
3.48619
3.48763
3.48908
3.49052
3.49196
3.49341
3.49485
3.4963
3.49775
3.4992
3.50064
3.50209
3.50355
3.505
3.50645
3.5079
3.50936
3.51081
3.51227
3.51372
3.51518
3.51664
3.5181
3.51956
3.52102
3.52248
3.52394
3.52541
3.52687
3.52834
3.52981
3.53127
3.53274
3.53421
3.53568
3.53716
3.53863
3.5401
3.54158
3.54306
3.54453
3.54601
3.54749
3.54897
3.55046
3.55194
3.55342
3.55491
3.5564
3.55789
3.55938
3.56087
3.56236
3.56385
3.56535
3.56685
3.56834
3.56984
3.57134
3.57284
3.57435
3.57585
3.57736
3.57886
3.58037
3.58188
3.58339
3.58491
3.58642
3.58794
3.58945
3.59097
3.59249
3.59401
3.59553
3.59705
3.59858
3.60011
3.60163
3.60316
3.60469
3.60622
3.60776
3.60929
3.61083
3.61236
3.6139
3.61544
3.61697
3.6185
3.62003
3.62155
3.62306
3.62457
3.62609
3.6276
3.62911
3.63063
3.63215
3.63366
3.63518
3.6367
3.63823
3.63975
3.64128
3.64281
3.64433
3.64587
3.6474
3.64893
3.65047
3.65201
3.65355
3.65509
3.65663
3.65818
3.65973
3.66128
3.66283
3.66438
3.66594
3.6675
3.66906
3.67062
3.67218
3.67375
3.67531
3.67688
3.67845
3.68002
3.68159
3.68317
3.68475
3.68632
3.6879
3.68948
3.69107
3.69265
3.69424
3.69583
3.69742
3.69901
3.7006
3.70219
3.70379
3.70539
3.70699
3.70859
3.7102
3.7118
3.71341
3.71502
3.71663
3.71825
3.71986
3.72148
3.7231
3.72472
3.72635
3.72797
3.7296
3.73123
3.73286
3.7345
3.73613
3.73777
3.73941
3.74105
3.7427
3.74434
3.74599
3.74763
3.74928
3.75093
3.75257
3.75422
3.75587
3.75752
3.75917
3.76082
3.76247
3.76412
3.76578
3.76744
3.76909
3.77075
3.77242
3.77408
3.77574
3.7774
3.77906
3.78072
3.78238
3.78404
3.78569
3.78735
3.789
3.79065
3.7923
3.79394
3.79559
3.79723
3.79888
3.80052
3.80217
3.80381
3.80545
3.8071
3.80874
3.81038
3.81203
3.81367
3.81531
3.81696
3.8186
3.82024
3.82189
3.82353
3.82517
3.82681
3.82845
3.83009
3.83173
3.83336
3.835
3.83663
3.83826
3.8399
3.84152
3.84315
3.84477
3.84639
3.84801
3.84962
3.85123
3.85283
3.85444
3.85603
3.85763
3.85922
3.8608
3.86239
3.86396
3.86554
3.86711
3.86868
3.87024
3.8718
3.87336
3.87492
3.87647
3.87802
3.87957
3.88111
3.88265
3.88419
3.88573
3.88727
3.8888
3.89034
3.89187
3.8934
3.89492
3.89645
3.89798
3.8995
3.90102
3.90254
3.90406
3.90557
3.90709
3.9086
3.91011
3.91162
3.91313
3.91463
3.91613
3.91764
3.91913
3.92063
3.92213
3.92362
3.92511
3.9266
3.92809
3.92958
3.93106
3.93255
3.93403
3.93551
3.93699
3.93847
3.93994
3.94142
3.94289
3.94436
3.94583
3.9473
3.94877
3.95024
3.9517
3.95317
3.95463
3.95609
3.95755
3.95901
3.96047
3.96193
3.96339
3.96484
3.9663
3.96775
3.9692
3.97066
3.97211
3.97356
3.975
3.97645
3.9779
3.97935
3.98079
3.98224
3.98368
3.98512
3.98657
3.98801
3.98945
3.99089
3.99233
3.99377
3.99521
3.99665
3.99809
3.99952
4.00096
4.0024
4.00383
4.00527
4.00671
4.00814
4.00958
4.01102
4.01245
4.01389
4.01532
4.01676
4.01819
4.01963
4.02107
4.0225
4.02394
4.02537
4.02681
4.02825
4.02968
4.03112
4.03256
4.034
4.03544
4.03688
4.03832
4.03976
4.0412
4.04264
4.04408
4.04552
4.04697
4.04841
4.04986
4.0513
4.05275
4.0542
4.05565
4.0571
4.05855
4.06
4.06145
4.0629
4.06436
4.06581
4.06727
4.06873
4.07019
4.07165
4.07311
4.07457
4.07603
4.0775
4.07897
4.08043
4.0819
4.08337
4.08484
4.08632
4.08779
4.08927
4.09075
4.09222
4.0937
4.09519
4.09667
4.09815
4.09964
4.10113
4.10262
4.10411
4.1056
4.10709
4.10858
4.11008
4.11158
4.11308
4.11457
4.11608
4.11758
4.11908
4.12058
4.12209
4.1236
4.1251
4.12661
4.12812
4.12963
4.13115
4.13266
4.13417
4.13569
4.1372
4.13872
4.14024
4.14176
4.14328
4.1448
4.14632
4.14784
4.14936
4.15089
4.15241
4.15394
4.15546
4.15699
4.15852
4.16004
4.16157
4.1631
4.16463
4.16616
4.16769
4.16922
4.17075
4.17227
4.17378
4.17529
4.1768
4.1783
4.1798
4.1813
4.18279
4.18428
4.18578
4.18727
4.18876
4.19024
4.19173
4.19322
4.19471
4.1962
4.19769
4.19918
4.20067
4.20216
4.20365
4.20514
4.20663
4.20812
4.20962
4.21111
4.2126
4.2141
4.2156
4.21709
4.21859
4.22009
4.22158
4.22308
4.22458
4.22608
4.22758
4.22908
4.23058
4.23208
4.23358
4.23508
4.23658
4.23809
4.23959
4.24109
4.24259
4.24409
4.2456
4.2471
4.2486
4.25011
4.25161
4.25311
4.25462
4.25612
4.25762
4.25913
4.26063
4.26214
4.26364
4.26515
4.26665
4.26816
4.26966
4.27117
4.27267
4.27418
4.27568
4.27719
4.27869
4.2802
4.28171
4.28321
4.28472
4.28623
4.28774
4.28924
4.29075
4.29226
4.29377
4.29527
4.29678
4.29829
4.2998
4.30131
4.30282
4.30433
4.30584
4.30735
4.30886
4.31037
4.31188
4.31338
4.31489
4.31639
4.31788
4.31937
4.32085
4.32233
4.32381
4.32529
4.32677
4.32825
4.32973
4.33121
4.33269
4.33418
4.33566
4.33714
4.33862
4.34011
4.34159
4.34308
4.34457
4.34605
4.34754
4.34903
4.35052
4.35201
4.3535
4.35499
4.35649
4.35798
4.35948
4.36098
4.36247
4.36397
4.36547
4.36697
4.36847
4.36998
4.37148
4.37299
4.37449
4.376
4.37751
4.37902
4.38053
4.38205
4.38356
4.38508
4.3866
4.38811
4.38963
4.39116
4.39268
4.3942
4.39573
4.39726
4.39879
4.40032
4.40185
4.40339
4.40492
4.40646
4.408
4.40954
4.41109
4.41263
4.41418
4.41573
4.41728
4.41883
4.42039
4.42195
4.42351
4.42507
4.42663
4.4282
4.42976
4.43133
4.4329
4.43448
4.43605
4.43763
4.43921
4.4408
4.44238
4.44397
4.44556
4.44715
4.44874
4.45034
4.45194
4.45354
4.45514
4.45675
4.45836
4.45997
4.46158
4.4632
4.46482
4.46644
4.46807
4.46969
4.47132
4.47296
4.47459
4.47623
4.47787
4.47951
4.48116
4.48281
4.48446
4.48611
4.48777
4.48943
4.49109
4.49276
4.49443
4.4961
4.49777
4.49945
4.50113
4.50281
4.5045
4.50619
4.50787
4.50956
4.51124
4.51291
4.51459
4.51625
4.51792
4.51958
4.52123
4.52288
4.52453
4.52617
4.52782
4.52946
4.5311
4.53273
4.53437
4.53601
4.53766
4.5393
4.54095
4.5426
4.54425
4.5459
4.54755
4.5492
4.55086
4.55251
4.55417
4.55583
4.55749
4.55915
4.56081
4.56248
4.56414
4.5658
4.56747
4.56913
4.57079
4.57246
4.57412
4.57578
4.57745
4.57911
4.58077
4.58243
4.58409
4.58575
4.58741
4.58907
4.59073
4.59238
4.59403
4.59568
4.59733
4.59898
4.60062
4.60226
4.6039
4.60554
4.60718
4.60882
4.61045
4.61208
4.61369
4.61531
4.61691
4.6185
4.62008
4.62165
4.62321
4.62477
4.62631
4.62785
4.62938
4.6309
4.63241
4.63392
4.63542
4.63692
4.63842
4.63991
4.64139
4.64287
4.64435
4.64583
4.6473
4.64877
4.65024
4.65171
4.65318
4.65464
4.6561
4.65756
4.65902
4.66047
4.66192
4.66337
4.66482
4.66626
4.6677
4.66914
4.67057
4.672
4.67343
4.67485
4.67627
4.67768
4.67909
4.6805
4.6819
4.6833
4.68469
4.68608
4.68746
4.68884
4.69022
4.69159
4.69295
4.69431
4.69567
4.69702
4.69836
4.69971
4.70105
4.70238
4.70371
4.70504
4.70636
4.70768
4.70899
4.7103
4.71161
4.71291
4.71421
4.7155
4.71679
4.71808
4.71936
4.72064
4.72191
4.72318
4.72445
4.72571
4.72697
4.72823
4.72948
4.73073
4.73197
4.73321
4.73445
4.73568
4.73691
4.73814
4.73936
4.74058
4.7418
4.74301
4.74422
4.74543
4.74663
4.74783
4.74903
4.75023
4.75142
4.75261
4.7538
4.75499
4.75617
4.75736
4.75854
4.75972
4.76089
4.76207
4.76324
4.76441
4.76558
4.76675
4.76791
4.76908
4.77024
4.7714
4.77256
4.77372
4.77488
4.77603
4.77719
4.77834
4.7795
4.78065
4.7818
4.78295
4.7841
4.78525
4.7864
4.78754
4.78869
4.78984
4.79098
4.79213
4.79327
4.79442
4.79556
4.7967
4.79784
4.79898
4.80013
4.80127
4.80241
4.80355
4.80469
4.80582
4.80696
4.8081
4.80924
4.81038
4.81152
4.81265
4.81379
4.81493
4.81606
4.8172
4.81833
4.81947
4.82061
4.82174
4.82288
4.82401
4.82515
4.82628
4.82742
4.82855
4.82968
4.83082
4.83195
4.83309
4.83422
4.83536
4.83649
4.83762
4.83876
4.83989
4.84103
4.84216
4.84329
4.84443
4.84556
4.8467
4.84783
4.84897
4.8501
4.85124
4.85237
4.85351
4.85464
4.85578
4.85692
4.85805
4.85919
4.86032
4.86146
4.8626
4.86373
4.86487
4.86601
4.86715
4.86828
4.86942
4.87056
4.8717
4.87283
4.87397
4.87511
4.87625
4.87739
4.87852
4.87966
4.88079
4.88192
4.88304
4.88415
4.88526
4.88637
4.88748
4.88858
4.88968
4.89079
4.89189
4.89298
4.89408
4.89518
4.89627
4.89737
4.89846
4.89955
4.90064
4.90173
4.90283
4.90392
4.90501
4.9061
4.90719
4.90828
4.90938
4.91047
4.91156
4.91265
4.91375
4.91484
4.91593
4.91703
4.91812
4.91922
4.92031
4.92141
4.9225
4.9236
4.92469
4.92579
4.92688
4.92798
4.92907
4.93017
4.93126
4.93236
4.93345
4.93455
4.93564
4.93674
4.93783
4.93891
4.93999
4.94107
4.94214
4.9432
4.94426
4.94531
4.94636
4.94742
4.94847
4.94952
4.95058
4.95163
4.95268
4.95373
4.95478
4.95584
4.95689
4.95794
4.95899
4.96005
4.9611
4.96215
4.9632
4.96426
4.96531
4.96636
4.96741
4.96847
4.96952
4.97057
4.97163
4.97268
4.97373
4.97479
4.97584
4.97689
4.97795
4.979
4.98005
4.98111
4.98216
4.98321
4.98427
4.98532
4.98637
4.98743
4.98848
4.98953
4.99058
4.99164
4.99269
4.99374
4.9948
4.99585
4.9969
4.99796
4.99901
5.00006
5.00112
5.00217
5.00322
5.00428
5.00533
5.00639
5.00744
5.0085
5.00955
5.01061
5.01167
5.01272
5.01378
5.01484
5.01589
5.01695
5.01801
5.01907
5.02013
5.02119
5.02225
5.02331
5.02437
5.02543
5.02649
5.02756
5.02862
5.02968
5.03075
5.03181
5.03288
5.03394
5.03501
5.03608
5.03715
5.03822
5.03929
5.04036
5.04143
5.0425
5.04357
5.04465
5.04572
5.04679
5.04787
5.04895
5.05002
5.0511
5.05218
5.05326
5.05434
5.05542
5.05651
5.05759
5.05867
5.05976
5.06084
5.06193
5.06302
5.0641
5.06519
5.06628
5.06737
5.06847
5.06956
5.07065
5.07175
5.07284
5.07394
5.07504
5.07613
5.07723
5.07833
5.07943
5.08054
5.08164
5.08274
5.08385
5.08495
5.08606
5.08717
5.08828
5.08939
5.0905
5.09161
5.09272
5.09383
5.09494
5.09606
5.09717
5.09829
5.09941
5.10053
5.10165
5.10277
5.10389
5.10501
5.10613
5.10725
5.10838
5.1095
5.11063
5.11176
5.11289
5.11402
5.11515
5.11628
5.11741
5.11854
5.11967
5.12081
5.12194
5.12308
5.12422
5.12536
5.1265
5.12764
5.12878
5.12992
5.13106
5.1322
5.13335
5.13449
5.13564
5.13679
5.13793
5.13908
5.14023
5.14139
5.14254
5.14369
5.14485
5.146
5.14716
5.14832
5.14947
5.15063
5.15179
5.15296
5.15412
5.15528
5.15645
5.15761
5.15878
5.15995
5.16112
5.16229
5.16346
5.16463
5.1658
5.16698
5.16815
5.16933
5.1705
5.17168
5.17286
5.17404
5.17522
5.1764
5.17759
5.17877
5.17996
5.18114
5.18233
5.18352
5.18471
5.1859
5.18709
5.18828
5.18947
5.19067
5.19186
5.19306
5.19426
5.19546
5.19666
5.19786
5.19906
5.20026
5.20146
5.20267
5.20387
5.20508
5.20629
5.2075
5.20871
5.20992
5.21113
5.21234
5.21355
5.21477
5.21598
5.2172
5.21842
5.21964
5.22086
5.22208
5.2233
5.22452
5.22575
5.22697
5.2282
5.22942
5.23065
5.23188
5.23311
5.23434
5.23557
5.23681
5.23804
5.23928
5.24051
5.24175
5.24299
5.24423
5.24547
5.24671
5.24795
5.2492
5.25044
5.25169
5.25294
5.25418
5.25543
5.25668
5.25794
5.25919
5.26044
5.2617
5.26295
5.26421
5.26547
5.26673
5.26799
5.26925
5.27051
5.27178
5.27304
5.27431
5.27557
5.27684
5.27811
5.27938
5.28066
5.28193
5.28321
5.28448
5.28575
5.28702
5.28829
5.28956
5.29082
5.29208
5.29334
5.2946
5.29586
5.29711
5.29837
5.29962
5.30087
5.30211
5.30336
5.3046
5.30584
5.30708
5.30832
5.30956
5.31079
5.31203
5.31326
5.31449
5.31572
5.31695
5.31818
5.31941
5.32064
5.32186
5.32309
5.32432
5.32554
5.32677
5.32799
5.32921
5.33043
5.33165
5.33287
5.33409
5.33531
5.33652
5.33773
5.33894
5.34015
5.34135
5.34256
5.34376
5.34496
5.34616
5.34735
5.34854
5.34974
5.35092
5.35211
5.35329
5.35448
5.35565
5.35683
5.35801
5.35918
5.36035
5.36152
5.36268
5.36384
5.365
5.36616
5.36731
5.36846
5.36961
5.37076
5.3719
5.37304
5.37418
5.37531
5.37645
5.37758
5.37871
5.37984
5.38096
5.38208
5.38321
5.38433
5.38544
5.38656
5.38767
5.38879
5.3899
5.39101
5.39211
5.39322
5.39432
5.39542
5.39652
5.39762
5.39872
5.39981
5.4009
5.402
5.40309
5.40417
5.40526
5.40634
5.40743
5.40851
5.40959
5.41067
5.41174
5.41282
5.41389
5.41497
5.41604
5.41711
5.41817
5.41924
5.4203
5.42137
5.42243
5.42349
5.42454
5.4256
5.42666
5.42771
5.42876
5.42981
5.43086
5.4319
5.43295
5.43399
5.43503
5.43607
5.43711
5.43815
5.43918
5.44022
5.44125
5.44228
5.44331
5.44433
5.44536
5.44638
5.4474
5.44843
5.44944
5.45046
5.45148
5.45249
5.4535
5.45452
5.45553
5.45654
5.45754
5.45855
5.45955
5.46056
5.46156
5.46256
5.46356
5.46456
5.46556
5.46656
5.46755
5.46855
5.46955
5.47054
5.47154
5.47253
5.47353
5.47453
5.47552
5.47652
5.47751
5.47851
5.47951
5.4805
5.4815
5.4825
5.48349
5.48449
5.48548
5.48648
5.48748
5.48847
5.48947
5.49047
5.49146
5.49246
5.49346
5.49445
5.49545
5.49644
5.49744
5.49844
5.49943
5.50043
5.50143
5.50242
5.50342
5.50441
5.50541
5.50641
5.5074
5.5084
5.5094
5.51039
5.51139
5.51238
5.51338
5.51438
5.51538
5.51637
5.51737
5.51837
5.51937
5.52037
5.52136
5.52236
5.52336
5.52436
5.52537
5.52637
5.52737
5.52838
5.52939
5.5304
5.53141
5.53242
5.53343
5.53445
5.53547
5.53648
5.5375
5.53852
5.53955
5.54057
5.5416
5.54262
5.54365
5.54468
5.54571
5.54674
5.54778
5.54881
5.54985
5.55089
5.55193
5.55297
5.55401
5.55506
5.5561
5.55715
5.5582
5.55925
5.5603
5.56136
5.56241
5.56346
5.56452
5.56558
5.56664
5.5677
5.56876
5.56983
5.57089
5.57196
5.57303
5.5741
5.57517
5.57624
5.57731
5.57839
5.57946
5.58054
5.58162
5.5827
5.58378
5.58487
5.58595
5.58704
5.58812
5.58921
5.5903
5.5914
5.59249
5.59358
5.59468
5.59577
5.59687
5.59797
5.59907
5.60017
5.60127
5.60238
5.60348
5.60458
5.60569
5.6068
5.60791
5.60902
5.61013
5.61124
5.61235
5.61347
5.61458
5.6157
5.61682
5.61794
5.61906
5.62018
5.62131
5.62243
5.62356
5.62469
5.62582
5.62695
5.62808
5.62921
5.63035
5.63148
5.63262
5.63376
5.6349
5.63604
5.63718
5.63832
5.63947
5.64061
5.64176
5.64291
5.64405
5.6452
5.64636
5.64751
5.64866
5.64981
5.65097
5.65212
5.65328
5.65444
5.6556
5.65676
5.65792
5.65908
5.66024
5.66141
5.66257
5.66373
5.6649
5.66607
5.66723
5.6684
5.66957
5.67074
5.67191
5.67308
5.67425
5.67543
5.6766
5.67778
5.67895
5.68013
5.68131
5.68249
5.68367
5.68485
5.68603
5.68721
5.68839
5.68958
5.69076
5.69195
5.69314
5.69433
5.69552
5.69671
5.6979
5.69909
5.70029
5.70148
5.70268
5.70388
5.70508
5.70628
5.70748
5.70867
5.70986
5.71105
5.71223
5.7134
5.71458
5.71575
5.71693
5.7181
5.71928
5.72046
5.72163
5.72281
5.724
5.72518
5.72636
5.72755
5.72874
5.72992
5.73111
5.7323
5.7335
5.73469
5.73588
5.73708
5.73828
5.73948
5.74068
5.74188
5.74308
5.74429
5.74549
5.7467
5.74791
5.74912
5.75033
5.75154
5.75276
5.75397
5.75519
5.75641
5.75763
5.75885
5.76007
5.7613
5.76252
5.76375
5.76498
5.7662
5.76743
5.76867
5.7699
5.77113
5.77237
5.77361
5.77484
5.77608
5.77733
5.77857
5.77981
5.78106
5.78231
5.78355
5.7848
5.78606
5.78731
5.78856
5.78982
5.79108
5.79234
5.7936
5.79486
5.79613
5.79739
5.79866
5.79993
5.8012
5.80247
5.80374
5.80502
5.8063
5.80758
5.80886
5.81014
5.81142
5.81271
5.81399
5.81528
5.81657
5.81787
5.81916
5.82046
5.82175
5.82305
5.82435
5.82566
5.82696
5.82827
5.82958
5.83089
5.8322
5.83351
5.83483
5.83615
5.83747
5.83879
5.84011
5.84143
5.84276
5.84409
5.84542
5.84675
5.84809
5.84942
5.85076
5.8521
5.85343
5.85477
5.85611
5.85744
5.85877
5.8601
5.86143
5.86276
5.86409
5.86542
5.86674
5.86807
5.86939
5.87071
5.87203
5.87336
5.87468
5.876
5.87732
5.87864
5.87996
5.88129
5.88261
5.88394
5.88526
5.88659
5.88792
5.88925
5.89058
5.89192
5.89325
5.89458
5.89592
5.89726
5.89859
5.89993
5.90127
5.9026
5.90394
5.90528
5.90662
5.90795
5.90929
5.91063
5.91197
5.9133
5.91464
5.91597
5.91731
5.91865
5.91998
5.92131
5.92265
5.92398
5.92531
5.92665
5.92798
5.92931
5.93064
5.93197
5.9333
5.93463
5.93596
5.93729
5.93861
5.93994
5.94127
5.94259
5.94391
5.94523
5.94655
5.94787
5.94919
5.95051
5.95182
5.95313
5.95445
5.95576
5.95706
5.95837
5.95968
5.96098
5.96228
5.96358
5.96488
5.96617
5.96746
5.96874
5.97003
5.97131
5.97259
5.97386
5.97513
5.9764
5.97767
5.97894
5.9802
5.98146
5.98271
5.98397
5.98522
5.98646
5.98771
5.98895
5.99019
5.99143
5.99266
5.99389
5.99512
5.99635
5.99757
5.99879
6.00001
6.00122
6.00243
6.00364
6.00485
6.00605
6.00725
6.00845
6.00964
6.01083
6.01202
6.0132
6.01438
6.01556
6.01673
6.0179
6.01907
6.02023
6.02139
6.02255
6.0237
6.02485
6.026
6.02714
6.02828
6.02941
6.03055
6.03168
6.0328
6.03393
6.03505
6.03616
6.03728
6.03839
6.0395
6.0406
6.0417
6.0428
6.0439
6.04499
6.04608
6.04717
6.04825
6.04933
6.05041
6.05149
6.05256
6.05363
6.0547
6.05577
6.05683
6.05789
6.05895
6.06001
6.06106
6.06211
6.06316
6.06421
6.06526
6.0663
6.06734
6.06838
6.06942
6.07045
6.07149
6.07252
6.07355
6.07458
6.07561
6.07664
6.07766
6.07869
6.07971
6.08073
6.08174
6.08276
6.08377
6.08478
6.08579
6.0868
6.0878
6.08881
6.08981
6.09081
6.09181
6.09281
6.09381
6.09481
6.09581
6.09681
6.0978
6.0988
6.0998
6.1008
6.1018
6.10279
6.10379
6.10479
6.10579
6.10679
6.10779
6.1088
6.1098
6.1108
6.11181
6.11281
6.11381
6.11482
6.11583
6.11683
6.11784
6.11885
6.11986
6.12087
6.12188
6.12289
6.1239
6.12492
6.12593
6.12694
6.12796
6.12897
6.12999
6.13101
6.13202
6.13304
6.13406
6.13508
6.1361
6.13711
6.13813
6.13916
6.14018
6.1412
6.14222
6.14324
6.14427
6.14529
6.14631
6.14734
6.14836
6.14939
6.15041
6.15144
6.15247
6.15349
6.15452
6.15555
6.15658
6.15761
6.15864
6.15967
6.1607
6.16173
6.16276
6.1638
6.16483
6.16586
6.16689
6.16793
6.16896
6.17
6.17104
6.17207
6.17311
6.17415
6.17518
6.17622
6.17726
6.1783
6.17934
6.18038
6.18142
6.18247
6.18351
6.18455
6.1856
6.18664
6.18769
6.18873
6.18978
6.19083
6.19188
6.19293
6.19398
6.19503
6.19608
6.19713
6.19818
6.19923
6.20029
6.20134
6.2024
6.20346
6.20451
6.20557
6.20663
6.20769
6.20875
6.20981
6.21087
6.21193
6.213
6.21406
6.21512
6.21619
6.21726
6.21832
6.21939
6.22046
6.22153
6.2226
6.22367
6.22474
6.22581
6.22689
6.22796
6.22903
6.23011
6.23118
6.23226
6.23334
6.23442
6.2355
6.23658
6.23766
6.23874
6.23982
6.2409
6.24198
6.24307
6.24415
6.24524
6.24632
6.24741
6.24849
6.24958
6.25067
6.25176
6.25285
6.25394
6.25503
6.25612
6.25721
6.2583
6.2594
6.26049
6.26158
6.26268
6.26377
6.26487
6.26597
6.26707
6.26816
6.26926
6.27036
6.27146
6.27256
6.27366
6.27477
6.27587
6.27697
6.27807
6.27918
6.28028
6.28139
6.28248
6.28357
6.28466
6.28574
6.28682
6.28789
6.28897
6.29004
6.29112
6.29219
6.29327
6.29434
6.29542
6.29649
6.29757
6.29865
6.29973
6.30081
6.30188
6.30296
6.30404
6.30512
6.3062
6.30728
6.30837
6.30945
6.31053
6.31161
6.31269
6.31378
6.31486
6.31594
6.31703
6.31811
6.3192
6.32028
6.32137
6.32245
6.32354
6.32462
6.32571
6.32679
6.32788
6.32897
6.33005
6.33114
6.33223
6.33332
6.33441
6.33549
6.33658
6.33767
6.33876
6.33985
6.34095
6.34204
6.34313
6.34422
6.34532
6.34641
6.34751
6.3486
6.3497
6.3508
6.35189
6.35299
6.35409
6.3552
6.3563
6.3574
6.35851
6.35961
6.36072
6.36182
6.36293
6.36404
6.36515
6.36626
6.36738
6.36849
6.3696
6.37072
6.37184
6.37296
6.37408
6.3752
6.37632
6.37744
6.37856
6.37969
6.38082
6.38194
6.38307
6.3842
6.38533
6.38647
6.3876
6.38874
6.38987
6.39101
6.39215
6.39329
6.39443
6.39557
6.39672
6.39786
6.39901
6.40016
6.4013
6.40245
6.40361
6.40476
6.40591
6.40707
6.40822
6.40938
6.41054
6.4117
6.41286
6.41402
6.41519
6.41635
6.41752
6.41869
6.41986
6.42103
6.4222
6.42337
6.42454
6.42572
6.4269
6.42807
6.42925
6.43043
6.43161
6.4328
6.43398
6.43516
6.43635
6.43754
6.43873
6.43992
6.44111
6.4423
6.44349
6.44469
6.44588
6.44708
6.44828
6.44948
6.45068
6.45188
6.45308
6.45429
6.45549
6.4567
6.45791
6.45912
6.46033
6.46154
6.46275
6.46397
6.46518
6.4664
6.46762
6.46884
6.47006
6.47128
6.4725
6.47373
6.47495
6.47618
6.47741
6.47864
6.47987
6.4811
6.48233
6.48356
6.4848
6.48604
6.48727
6.48851
6.48975
6.49099
6.49224
6.49348
6.49473
6.49597
6.49722
6.49847
6.49972
6.50097
6.50223
6.50348
6.50474
6.50599
6.50725
6.50851
6.50977
6.51104
6.5123
6.51357
6.51483
6.5161
6.51737
6.51864
6.51991
6.52118
6.52246
6.52373
6.52501
6.52628
6.52755
6.52881
6.53008
6.53135
6.53261
6.53387
6.53513
6.53639
6.53764
6.5389
6.54015
6.5414
6.54265
6.5439
6.54514
6.54639
6.54763
6.54887
6.55011
6.55135
6.55259
6.55383
6.55507
6.55631
6.55755
6.55879
6.56003
6.56127
6.56251
6.56375
6.56499
6.56623
6.56746
6.5687
6.56994
6.57118
6.57241
6.57365
6.57488
6.57611
6.57735
6.57857
6.5798
6.58103
6.58225
6.58348
6.5847
6.58592
6.58713
6.58835
6.58956
6.59078
6.59199
6.59319
6.5944
6.5956
6.5968
6.598
6.59919
6.60038
6.60157
6.60275
6.60393
6.60511
6.60628
6.60746
6.60863
6.60979
6.61096
6.61212
6.61328
6.61444
6.61559
6.61674
6.61789
6.61904
6.62018
6.62132
6.62247
6.6236
6.62474
6.62587
6.62701
6.62814
6.62927
6.63039
6.63152
6.63264
6.63377
6.63489
6.636
6.63712
6.63824
6.63935
6.64046
6.64157
6.64267
6.64378
6.64488
6.64598
6.64708
6.64817
6.64927
6.65036
6.65145
6.65254
6.65363
6.65471
6.6558
6.65688
6.65796
6.65904
6.66012
6.66119
6.66227
6.66334
6.66441
6.66548
6.66655
6.66762
6.66868
6.66975
6.67081
6.67186
6.67292
6.67397
6.67503
6.67608
6.67712
6.67817
6.67921
6.68025
6.68129
6.68233
6.68336
6.68439
6.68542
6.68645
6.68747
6.68849
6.68951
6.69053
6.69154
6.69255
6.69356
6.69456
6.69556
6.69656
6.69756
6.69855
6.69955
6.70054
6.70152
6.70251
6.70349
6.70447
6.70544
6.70642
6.70739
6.70836
6.70933
6.7103
6.71126
6.71223
6.71319
6.71415
6.71511
6.71607
6.71702
6.71798
6.71893
6.71989
6.72084
6.72179
6.72274
6.72369
6.72464
6.72559
6.72654
6.72748
6.72843
6.72938
6.73033
6.73127
6.73222
6.73317
6.73412
6.73507
6.73601
6.73696
6.73791
6.73886
6.73981
6.74076
6.74172
6.74267
6.74362
6.74458
6.74553
6.74649
6.74745
6.7484
6.74936
6.75032
6.75128
6.75225
6.75321
6.75417
6.75513
6.7561
6.75706
6.75803
6.759
6.75997
6.76094
6.76191
6.76288
6.76385
6.76482
6.7658
6.76677
6.76775
6.76872
6.7697
6.77068
6.77166
6.77264
6.77362
6.77461
6.77559
6.77657
6.77756
6.77855
6.77953
6.78052
6.78151
6.7825
6.78349
6.78448
6.78548
6.78647
6.78746
6.78845
6.78945
6.79044
6.79144
6.79244
6.79343
6.79443
6.79543
6.79643
6.79743
6.79843
6.79943
6.80043
6.80143
6.80243
6.80343
6.80444
6.80544
6.80645
6.80745
6.80846
6.80946
6.81047
6.81148
6.81249
6.81349
6.8145
6.81551
6.81653
6.81754
6.81855
6.81956
6.82058
6.82159
6.82261
6.82362
6.82464
6.82566
6.82667
6.82769
6.82871
6.82973
6.83076
6.83178
6.8328
6.83383
6.83485
6.83588
6.8369
6.83793
6.83896
6.83999
6.84102
6.84205
6.84308
6.84412
6.84515
6.84619
6.84722
6.84826
6.8493
6.85034
6.85138
6.85242
6.85346
6.8545
6.85555
6.85659
6.85764
6.85869
6.85974
6.86079
6.86184
6.86289
6.86394
6.86499
6.86605
6.8671
6.86816
6.86922
6.87028
6.87134
6.8724
6.87346
6.87452
6.87559
6.87665
6.87772
6.87879
6.87986
6.88093
6.882
6.88307
6.88414
6.88521
6.88629
6.88737
6.88844
6.88952
6.8906
6.89168
6.89276
6.89384
6.89493
6.89601
6.8971
6.89819
6.89927
6.90036
6.90145
6.90254
6.90364
6.90473
6.90583
6.90692
6.90802
6.90912
6.91022
6.91132
6.91242
6.91352
6.91462
6.91573
6.91684
6.91794
6.91905
6.92016
6.92127
6.92238
6.9235
6.92461
6.92572
6.92684
6.92796
6.92907
6.93019
6.93129
6.9324
6.93349
6.93459
6.93568
6.93676
6.93785
6.93894
6.94003
6.94112
6.94221
6.94331
6.9444
6.94549
6.94659
6.94768
6.94878
6.94988
6.95098
6.95208
6.95318
6.95428
6.95538
6.95649
6.95759
6.9587
6.9598
6.96091
6.96202
6.96313
6.96424
6.96535
6.96646
6.96757
6.96868
6.9698
6.97091
6.97203
6.97314
6.97426
6.97538
6.97649
6.97761
6.97873
6.97985
6.98097
6.9821
6.98322
6.98434
6.98547
6.98659
6.98772
6.98884
6.98997
6.9911
6.99223
6.99336
6.99449
6.99562
6.99675
6.99789
6.99902
7.00016
7.0013
7.00244
7.00357
7.00472
7.00586
7.007
7.00814
7.00929
7.01043
7.01158
7.01273
7.01388
7.01503
7.01618
7.01734
7.01849
7.01965
7.02081
7.02196
7.02312
7.02428
7.02545
7.02661
7.02778
7.02894
7.03011
7.03128
7.03245
7.03362
7.0348
7.03597
7.03715
7.03833
7.03951
7.04069
7.04187
7.04306
7.04424
7.04543
7.04662
7.04781
7.049
7.05019
7.05139
7.05258
7.05378
7.05498
7.05618
7.05738
7.05859
7.05979
7.061
7.06221
7.06342
7.06463
7.06584
7.06706
7.06828
7.06949
7.07071
7.07193
7.07316
7.07438
7.07561
7.07683
7.07806
7.07929
7.08053
7.08176
7.083
7.08423
7.08547
7.08671
7.08795
7.0892
7.09044
7.09169
7.09294
7.09419
7.09544
7.09669
7.09795
7.0992
7.10046
7.10172
7.10298
7.10424
7.10551
7.10677
7.10804
7.10931
7.11058
7.11185
7.11313
7.1144
7.11568
7.11696
7.11824
7.11952
7.1208
7.12208
7.12336
7.12464
7.12591
7.12719
7.12846
7.12974
7.13101
7.13228
7.13355
7.13481
7.13608
7.13734
7.1386
7.13986
7.14112
7.14238
7.14364
7.1449
7.14616
7.14741
7.14867
7.14993
7.15119
7.15244
7.1537
7.15496
7.15622
7.15748
7.15874
7.16
7.16127
7.16253
7.16379
7.16505
7.16632
7.16758
7.16884
7.1701
7.17137
7.17263
7.17389
7.17515
7.17641
7.17766
7.17892
7.18018
7.18143
7.18269
7.18394
7.18519
7.18645
7.1877
7.18894
7.19019
7.19144
7.19269
7.19393
7.19518
7.19642
7.19766
7.19889
7.20013
7.20136
7.2026
7.20383
7.20505
7.20628
7.2075
7.20872
7.20994
7.21116
7.21237
7.21358
7.2148
7.216
7.21721
7.21841
7.21962
7.22082
7.22202
7.22322
7.22441
7.2256
7.2268
7.22799
7.22918
7.23036
7.23155
7.23274
7.23392
7.2351
7.23628
7.23746
7.23863
7.23981
7.24098
7.24215
7.24331
7.24448
7.24564
7.2468
7.24795
7.24911
7.25026
7.2514
7.25255
7.25369
7.25483
7.25597
7.25711
7.25824
7.25938
7.2605
7.26163
7.26276
7.26388
7.265
7.26612
7.26724
7.26835
7.26946
7.27057
7.27168
7.27279
7.27389
7.27499
7.27609
7.27718
7.27827
7.27936
7.28045
7.28154
7.28262
7.2837
7.28477
7.28584
7.28691
7.28798
7.28904
7.2901
7.29116
7.29221
7.29326
7.29431
7.29535
7.29639
7.29743
7.29846
7.29949
7.30052
7.30154
7.30256
7.30358
7.3046
7.30561
7.30662
7.30763
7.30863
7.30963
7.31063
7.31162
7.31261
7.3136
7.31458
7.31557
7.31655
7.31752
7.3185
7.31947
7.32044
7.32141
7.32237
7.32334
7.3243
7.32526
7.32621
7.32717
7.32812
7.32908
7.33003
7.33098
7.33193
7.33288
7.33383
7.33477
7.33572
7.33667
7.33761
7.33856
7.3395
7.34045
7.34139
7.34234
7.34329
7.34423
7.34518
7.34612
7.34707
7.34802
7.34897
7.34992
7.35087
7.35182
7.35277
7.35372
7.35467
7.35563
7.35658
7.35753
7.35849
7.35944
7.3604
7.36136
7.36232
7.36328
7.36424
7.3652
7.36616
7.36712
7.36808
7.36905
7.37001
7.37098
7.37195
7.37291
7.37388
7.37485
7.37582
7.37679
7.37777
7.37874
7.37971
7.38069
7.38166
7.38264
7.38362
7.3846
7.38558
7.38656
7.38754
7.38852
7.3895
7.39049
7.39147
7.39246
7.39345
7.39444
7.39542
7.39641
7.3974
7.3984
7.39939
7.40038
7.40137
7.40237
7.40336
7.40435
7.40535
7.40634
7.40734
7.40834
7.40933
7.41033
7.41133
7.41233
7.41333
7.41433
7.41532
7.41633
7.41733
7.41833
7.41933
7.42033
7.42133
7.42234
7.42334
7.42435
7.42535
7.42636
7.42736
7.42837
7.42938
7.43039
7.43139
7.4324
7.43341
7.43442
7.43544
7.43645
7.43746
7.43847
7.43949
7.4405
7.44152
7.44253
7.44355
7.44457
7.44559
7.44661
7.44763
7.44865
7.44967
7.45069
7.45172
7.45274
7.45376
7.45479
7.45582
7.45684
7.45787
7.4589
7.45993
7.46096
7.46199
7.46303
7.46406
7.46509
7.46613
7.46716
7.4682
7.46924
7.47028
7.47132
7.47236
7.4734
7.47444
7.47548
7.47652
7.47757
7.47861
7.47966
7.48071
7.48176
7.4828
7.48385
7.4849
7.48596
7.48701
7.48806
7.48912
7.49017
7.49123
7.49228
7.49334
7.4944
7.49546
7.49652
7.49758
7.49864
7.4997
7.50076
7.50183
7.50289
7.50396
7.50502
7.50609
7.50716
7.50823
7.5093
7.51037
7.51144
7.51251
7.51358
7.51466
7.51573
7.51681
7.51789
7.51896
7.52004
7.52112
7.5222
7.52328
7.52436
7.52545
7.52653
7.52761
7.5287
7.52978
7.53087
7.53196
7.53305
7.53413
7.53521
7.53628
7.53735
7.53842
7.53948
7.54054
7.54159
7.54265
7.54371
7.54477
7.54583
7.54689
7.54795
7.54901
7.55007
7.55114
7.5522
7.55326
7.55433
7.55539
7.55646
7.55753
7.55859
7.55966
7.56073
7.5618
7.56287
7.56394
7.56501
7.56608
7.56715
7.56822
7.5693
7.57037
7.57144
7.57252
7.57359
7.57467
7.57574
7.57682
7.5779
7.57898
7.58005
7.58113
7.58221
7.58329
7.58437
7.58545
7.58653
7.58761
7.5887
7.58978
7.59086
7.59195
7.59303
7.59412
7.5952
7.59629
7.59738
7.59847
7.59956
7.60065
7.60174
7.60284
7.60393
7.60503
7.60612
7.60722
7.60832
7.60942
7.61052
7.61162
7.61272
7.61383
7.61493
7.61604
7.61714
7.61825
7.61936
7.62047
7.62159
7.6227
7.62381
7.62493
7.62605
7.62717
7.62828
7.62941
7.63053
7.63165
7.63278
7.6339
7.63503
7.63616
7.63729
7.63842
7.63955
7.64069
7.64182
7.64296
7.6441
7.64524
7.64638
7.64752
7.64867
7.64981
7.65096
7.65211
7.65326
7.65441
7.65556
7.65671
7.65787
7.65902
7.66018
7.66134
7.6625
7.66366
7.66483
7.66599
7.66716
7.66832
7.66949
7.67066
7.67183
7.67301
7.67418
7.67536
7.67653
7.67771
7.67889
7.68007
7.68125
7.68244
7.68362
7.68481
7.686
7.68719
7.68838
7.68957
7.69076
7.69196
7.69315
7.69435
7.69555
7.69675
7.69795
7.69915
7.70036
7.70156
7.70277
7.70398
7.70519
7.7064
7.70761
7.70883
7.71004
7.71126
7.71248
7.7137
7.71492
7.71614
7.71736
7.71859
7.71982
7.72104
7.72227
7.7235
7.72474
7.72597
7.7272
7.72844
7.72968
7.73092
7.73216
7.7334
7.73464
7.73589
7.73713
7.73838
7.73963
7.74088
7.74213
7.74339
7.74464
7.7459
7.74715
7.74841
7.74966
7.75092
7.75217
7.75342
7.75467
7.75592
7.75716
7.75841
7.75965
7.76089
7.76213
7.76337
7.7646
7.76584
7.76707
7.76831
7.76954
7.77077
7.772
7.77323
7.77446
7.77569
7.77691
7.77814
7.77937
7.7806
7.78183
7.78306
7.78428
7.78551
7.78674
7.78797
7.7892
7.79043
7.79166
7.79289
7.79412
7.79535
7.79657
7.7978
7.79903
7.80025
7.80147
7.80269
7.80391
7.80513
7.80635
7.80757
7.80878
7.80999
7.8112
7.81241
7.81362
7.81483
7.81603
7.81724
7.81844
7.81964
7.82083
7.82202
7.82322
7.8244
7.82559
7.82677
7.82795
7.82913
7.83031
7.83148
7.83265
7.83382
7.83499
7.83615
7.83731
7.83847
7.83963
7.84078
7.84193
7.84308
7.84423
7.84538
7.84652
7.84766
7.8488
7.84994
7.85108
7.85221
7.85334
7.85447
7.8556
7.85673
7.85786
7.85898
7.8601
7.86122
7.86234
7.86346
7.86458
7.86569
7.8668
7.86791
7.86902
7.87012
7.87122
7.87232
7.87342
7.87451
7.8756
7.87669
7.87778
7.87887
7.87995
7.88104
7.88212
7.88319
7.88427
7.88535
7.88642
7.88749
7.88856
7.88963
7.89069
7.89176
7.89282
7.89388
7.89494
7.896
7.89706
7.89811
7.89917
7.90022
7.90126
7.90231
7.90335
7.9044
7.90544
7.90647
7.90751
7.90854
7.90957
7.91059
7.91162
7.91264
7.91366
7.91467
7.91568
7.91669
7.9177
7.9187
7.9197
7.9207
7.9217
7.92269
7.92368
7.92466
7.92564
7.92662
7.9276
7.92857
7.92954
7.93051
7.93148
7.93244
7.9334
7.93436
7.93532
7.93627
7.93722
7.93817
7.93912
7.94007
7.94101
7.94195
7.94289
7.94383
7.94477
7.94571
7.94665
7.94758
7.94852
7.94945
7.95038
7.95132
7.95225
7.95318
7.95411
7.95504
7.95598
7.95691
7.95784
7.95877
7.9597
7.96064
7.96157
7.9625
7.96344
7.96437
7.96531
7.96625
7.96718
7.96812
7.96906
7.97
7.97094
7.97188
7.97283
7.97377
7.97471
7.97566
7.9766
7.97755
7.9785
7.97945
7.98039
7.98134
7.9823
7.98325
7.9842
7.98515
7.98611
7.98706
7.98802
7.98898
7.98994
7.9909
7.99186
7.99282
7.99378
7.99474
7.99571
7.99667
7.99764
7.99861
7.99958
8.00055
8.00152
8.00249
8.00346
8.00443
8.00541
8.00638
8.00736
8.00834
8.00932
8.0103
8.01128
8.01226
8.01324
8.01423
8.01521
8.01619
8.01718
8.01816
8.01915
8.02014
8.02113
8.02211
8.0231
8.02409
8.02508
8.02607
8.02706
8.02805
8.02905
8.03004
8.03103
8.03203
8.03302
8.03402
8.03501
8.03601
8.037
8.038
8.039
8.04
8.041
8.042
8.043
8.044
8.045
8.04601
8.04701
8.04801
8.04902
8.05002
8.05103
8.05204
8.05305
8.05406
8.05507
8.05608
8.05709
8.0581
8.05911
8.06013
8.06114
8.06216
8.06317
8.06419
8.06521
8.06623
8.06725
8.06827
8.06929
8.07032
8.07134
8.07236
8.07339
8.07442
8.07544
8.07647
8.0775
8.07853
8.07956
8.0806
8.08163
8.08266
8.0837
8.08474
8.08577
8.08681
8.08785
8.08889
8.08993
8.09097
8.09202
8.09306
8.09411
8.09515
8.0962
8.09725
8.0983
8.09935
8.1004
8.10145
8.1025
8.10356
8.10461
8.10567
8.10673
8.10778
8.10884
8.1099
8.11096
8.11203
8.11309
8.11415
8.11522
8.11629
8.11735
8.11842
8.11949
8.12056
8.12163
8.1227
8.12378
8.12485
8.12593
8.127
8.12808
8.12916
8.13024
8.13132
8.1324
8.13349
8.13457
8.13566
8.13674
8.13783
8.13892
8.14001
8.1411
8.14219
8.14328
8.14437
8.14547
8.14656
8.14766
8.14876
8.14985
8.15093
8.15201
8.15309
8.15416
8.15523
8.1563
8.15736
8.15843
8.1595
8.16057
8.16164
8.16271
8.16378
8.16485
8.16593
8.167
8.16808
8.16915
8.17023
8.17131
8.17239
8.17346
8.17454
8.17562
8.17671
8.17779
8.17887
8.17996
8.18104
8.18213
8.18321
8.1843
8.18538
8.18647
8.18756
8.18865
8.18974
8.19083
8.19192
8.19302
8.19411
8.1952
8.1963
8.19739
8.19849
8.19958
8.20068
8.20178
8.20288
8.20397
8.20507
8.20617
8.20728
8.20838
8.20948
8.21059
8.21169
8.2128
8.2139
8.21501
8.21612
8.21723
8.21834
8.21945
8.22056
8.22168
8.22279
8.22391
8.22502
8.22614
8.22726
8.22838
8.2295
8.23063
8.23175
8.23288
8.234
8.23513
8.23626
8.23739
8.23852
8.23965
8.24079
8.24192
8.24306
8.2442
8.24533
8.24648
8.24762
8.24876
8.2499
8.25105
8.2522
8.25335
8.2545
8.25565
8.2568
8.25795
8.25911
8.26027
8.26143
8.26259
8.26375
8.26491
8.26607
8.26724
8.26841
8.26958
8.27075
8.27192
8.27309
8.27427
8.27544
8.27662
8.2778
8.27898
8.28016
8.28135
8.28253
8.28372
8.2849
8.28609
8.28728
8.28848
8.28967
8.29087
8.29206
8.29326
8.29446
8.29566
8.29687
8.29807
8.29928
8.30049
8.30169
8.30291
8.30412
8.30533
8.30655
8.30776
8.30898
8.3102
8.31142
8.31265
8.31387
8.3151
8.31632
8.31755
8.31878
8.32002
8.32125
8.32248
8.32372
8.32496
8.3262
8.32744
8.32868
8.32993
8.33117
8.33242
8.33367
8.33492
8.33617
8.33743
8.33868
8.33994
8.3412
8.34246
8.34372
8.34498
8.34625
8.34751
8.34878
8.35005
8.35131
8.35258
8.35384
8.3551
8.35636
8.35762
8.35888
8.36013
8.36139
8.36264
8.36389
8.36514
8.36638
8.36763
8.36887
8.37011
8.37135
8.3726
8.37383
8.37507
8.37631
8.37755
8.37879
8.38003
8.38126
8.3825
8.38374
8.38498
8.38622
8.38746
8.3887
8.38994
8.39118
8.39242
8.39365
8.39489
8.39613
8.39737
8.39861
8.39985
8.40108
8.40232
8.40355
8.40478
8.40602
8.40725
8.40848
8.4097
8.41093
8.41216
8.41338
8.4146
8.41583
8.41705
8.41826
8.41948
8.4207
8.42191
8.42313
8.42434
8.42554
8.42675
8.42795
8.42916
8.43035
8.43155
8.43274
8.43394
8.43513
8.43631
8.4375
8.43868
8.43986
8.44104
8.44221
8.44338
8.44455
8.44572
8.44689
8.44805
8.44922
8.45038
8.45154
8.45269
8.45385
8.455
8.45615
8.4573
8.45845
8.4596
8.46074
8.46189
8.46303
8.46417
8.4653
8.46644
8.46758
8.46871
8.46984
8.47097
8.47209
8.47321
8.47433
8.47545
8.47657
8.47768
8.47879
8.4799
8.481
8.48211
8.48321
8.48431
8.48541
8.4865
8.4876
8.48869
8.48978
8.49087
8.49195
8.49304
8.49412
8.4952
8.49628
8.49736
8.49843
8.49951
8.50058
8.50164
8.50271
8.50377
8.50483
8.50589
8.50695
8.508
8.50905
8.5101
8.51114
8.51218
8.51322
8.51426
8.51529
8.51632
8.51735
8.51837
8.51939
8.52041
8.52142
8.52244
8.52344
8.52445
8.52545
8.52645
8.52744
8.52844
8.52943
8.53041
8.5314
8.53238
8.53335
8.53433
8.5353
8.53627
8.53723
8.5382
8.53916
8.54011
8.54107
8.54202
8.54297
8.54392
8.54487
8.54581
8.54676
8.5477
8.54864
8.54958
8.55052
8.55145
8.55239
8.55332
8.55426
8.55519
8.55612
8.55705
8.55798
8.55891
8.55984
8.56077
8.56171
8.56264
8.56357
8.5645
8.56543
8.56636
8.56729
8.56822
8.56916
8.57009
8.57103
8.57196
8.5729
8.57384
8.57477
8.57571
8.57665
8.57759
8.57853
8.57947
8.58042
8.58136
8.5823
8.58325
8.58419
8.58514
8.58609
8.58704
8.58799
8.58894
8.58989
8.59084
8.59179
8.59274
8.5937
8.59466
8.59561
8.59657
8.59753
8.59849
8.59945
8.60041
8.60137
8.60233
8.6033
8.60426
8.60523
8.6062
8.60717
8.60814
8.60911
8.61008
8.61105
8.61202
8.613
8.61397
8.61495
8.61593
8.6169
8.61788
8.61886
8.61984
8.62082
8.62181
8.62279
8.62377
8.62476
8.62574
8.62673
8.62771
8.6287
8.62968
8.63067
8.63166
8.63265
8.63363
8.63462
8.63561
8.6366
8.63759
8.63858
8.63958
8.64057
8.64156
8.64255
8.64355
8.64454
8.64554
8.64653
8.64753
8.64853
8.64953
8.65052
8.65152
8.65252
8.65352
8.65452
8.65553
8.65653
8.65753
8.65854
8.65954
8.66055
8.66155
8.66256
8.66357
8.66458
8.66559
8.6666
8.66761
8.66862
8.66963
8.67065
8.67166
8.67267
8.67369
8.67471
8.67573
8.67674
8.67776
8.67878
8.67981
8.68083
8.68185
8.68287
8.6839
8.68492
8.68595
8.68698
8.68801
8.68904
8.69007
8.6911
8.69213
8.69316
8.6942
8.69523
8.69627
8.6973
8.69834
8.69938
8.70042
8.70146
8.7025
8.70354
8.70459
8.70563
8.70668
8.70772
8.70877
8.70982
8.71086
8.71191
8.71296
8.71402
8.71507
8.71612
8.71718
8.71823
8.71929
8.72034
8.7214
8.72246
8.72352
8.72458
8.72564
8.7267
8.72777
8.72883
8.7299
8.73096
8.73203
8.7331
8.73417
8.73524
8.73631
8.73738
8.73846
8.73953
8.7406
8.74168
8.74276
8.74384
8.74491
8.74599
8.74707
8.74816
8.74924
8.75032
8.75139
8.75246
8.75353
8.75459
8.75565
8.7567
8.75775
8.75881
8.75986
8.76091
8.76196
8.76302
8.76407
8.76513
8.76619
8.76724
8.7683
8.76936
8.77042
8.77148
8.77254
8.7736
8.77466
8.77573
8.77679
8.77785
8.77892
8.77998
8.78105
8.78212
8.78318
8.78425
8.78532
8.78639
8.78746
8.78853
8.7896
8.79067
8.79174
8.79281
8.79388
8.79495
8.79603
8.7971
8.79818
8.79925
8.80033
8.8014
8.80248
8.80356
8.80463
8.80571
8.80679
8.80787
8.80895
8.81003
8.81111
8.81219
8.81328
8.81436
8.81544
8.81653
8.81762
8.8187
8.81979
8.82088
8.82197
8.82306
8.82416
8.82525
8.82634
8.82744
8.82853
8.82963
8.83073
8.83183
8.83293
8.83403
8.83514
8.83624
8.83735
8.83845
8.83956
8.84067
8.84178
8.84289
8.844
8.84512
8.84623
8.84735
8.84847
8.84958
8.8507
8.85183
8.85295
8.85407
8.8552
8.85633
8.85745
8.85858
8.85972
8.86085
8.86198
8.86312
8.86425
8.86539
8.86653
8.86767
8.86881
8.86996
8.8711
8.87225
8.87339
8.87454
8.87569
8.87685
8.878
8.87915
8.88031
8.88147
8.88262
8.88379
8.88495
8.88611
8.88727
8.88844
8.88961
8.89078
8.89195
8.89312
8.89429
8.89547
8.89664
8.89782
8.899
8.90018
8.90136
8.90254
8.90373
8.90491
8.9061
8.90729
8.90848
8.90967
8.91086
8.91206
8.91325
8.91445
8.91565
8.91685
8.91805
8.91925
8.92046
8.92166
8.92287
8.92408
8.92529
8.9265
8.92771
8.92892
8.93014
8.93135
8.93257
8.93379
8.93501
8.93624
8.93746
8.93868
8.93991
8.94114
8.94237
8.9436
8.94483
8.94607
8.9473
8.94854
8.94978
8.95101
8.95226
8.9535
8.95474
8.95599
8.95723
8.95848
8.95973
8.96098
8.96223
8.96349
8.96474
8.96599
8.96723
8.96848
8.96973
8.97097
8.97221
8.97345
8.97469
8.97593
8.97716
8.9784
8.97963
8.98086
8.98209
8.98331
8.98454
8.98577
8.98699
8.98821
8.98944
8.99066
8.99188
8.99311
8.99433
8.99555
8.99677
8.998
8.99922
9.00044
9.00167
9.00289
9.00412
9.00534
9.00656
9.00779
9.00901
9.01023
9.01146
9.01268
9.0139
9.01512
9.01634
9.01755
9.01877
9.01998
9.0212
9.02241
9.02362
9.02483
9.02604
9.02724
9.02845
9.02965
9.03085
9.03205
9.03325
9.03445
9.03564
9.03683
9.03802
9.03921
9.04039
9.04157
9.04275
9.04393
9.04511
9.04628
9.04745
9.04862
9.04978
9.05094
9.0521
9.05326
9.05442
9.05557
9.05672
9.05787
9.05902
9.06016
9.0613
9.06244
9.06358
9.06472
9.06585
9.06699
9.06812
9.06925
9.07038
9.0715
9.07263
9.07375
9.07487
9.07599
9.07711
9.07822
9.07934
9.08045
9.08156
9.08267
9.08377
9.08488
9.08598
9.08708
9.08817
9.08927
9.09036
9.09145
9.09253
9.09362
9.0947
9.09578
9.09686
9.09793
9.09901
9.10008
9.10115
9.10222
9.10328
9.10435
9.10541
9.10647
9.10753
9.10859
9.10964
9.1107
9.11175
9.1128
9.11385
9.1149
9.11594
9.11698
9.11802
9.11906
9.1201
9.12113
9.12216
9.12319
9.12422
9.12524
9.12626
9.12728
9.1283
9.12931
9.13032
9.13132
9.13233
9.13333
9.13433
9.13532
9.13631
9.1373
9.13828
9.13927
9.14024
9.14122
9.14219
9.14316
9.14413
9.14509
9.14605
9.14701
9.14797
9.14892
9.14987
9.15082
9.15176
9.15271
9.15365
9.15459
9.15552
9.15646
9.15739
9.15833
9.15926
9.16019
9.16112
9.16204
9.16297
9.16389
9.16482
9.16574
9.16666
9.16759
9.16851
9.16943
9.17035
9.17127
9.17219
9.17312
9.17404
9.17496
9.17588
9.1768
9.17773
9.17865
9.17958
9.1805
9.18143
9.18236
9.18328
9.18421
9.18514
9.18607
9.187
9.18793
9.18887
9.1898
9.19073
9.19167
9.19261
9.19354
9.19448
9.19542
9.19636
9.1973
9.19824
9.19918
9.20012
9.20107
9.20201
9.20296
9.2039
9.20485
9.2058
9.20675
9.2077
9.20865
9.2096
9.21056
9.21151
9.21247
9.21343
9.21438
9.21534
9.2163
9.21726
9.21822
9.21919
9.22015
9.22111
9.22208
9.22305
9.22401
9.22498
9.22595
9.22692
9.2279
9.22887
9.22984
9.23082
9.23179
9.23277
9.23375
9.23473
9.23571
9.23669
9.23767
9.23865
9.23963
9.24061
9.24159
9.24258
9.24356
9.24454
9.24553
9.24651
9.2475
9.24849
9.24947
9.25046
9.25145
9.25244
9.25343
9.25442
9.25541
9.2564
9.2574
9.25839
9.25938
9.26038
9.26137
9.26237
9.26336
9.26436
9.26536
9.26636
9.26736
9.26836
9.26936
9.27036
9.27136
9.27237
9.27337
9.27438
9.27539
9.27639
9.2774
9.27841
9.27942
9.28043
9.28144
9.28245
9.28347
9.28448
9.2855
9.28651
9.28753
9.28855
9.28957
9.29059
9.29161
9.29263
9.29365
9.29467
9.2957
9.29672
9.29775
9.29878
9.2998
9.30083
9.30186
9.30289
9.30393
9.30496
9.30599
9.30703
9.30806
9.3091
9.31014
9.31118
9.31221
9.31325
9.3143
9.31534
9.31638
9.31743
9.31847
9.31952
9.32056
9.32161
9.32266
9.32371
9.32476
9.32581
9.32686
9.32792
9.32897
9.33003
9.33108
9.33214
9.3332
9.33426
9.33532
9.33638
9.33744
9.3385
9.33957
9.34063
9.3417
9.34276
9.34383
9.3449
9.34597
9.34704
9.34811
9.34919
9.35026
9.35133
9.35241
9.35349
9.35456
9.35564
9.35672
9.3578
9.35888
9.35996
9.36105
9.36212
9.3632
9.36427
9.36533
9.36639
9.36745
9.3685
9.36955
9.3706
9.37166
9.37271
9.37377
9.37482
9.37588
9.37693
9.37799
9.37905
9.38011
9.38117
9.38223
9.38329
9.38435
9.38542
9.38648
9.38754
9.38861
9.38968
9.39074
9.39181
9.39288
9.39394
9.39501
9.39608
9.39715
9.39822
9.39929
9.40037
9.40144
9.40251
9.40359
9.40466
9.40574
9.40681
9.40789
9.40897
9.41004
9.41112
9.4122
9.41328
9.41436
9.41544
9.41652
9.4176
9.41869
9.41977
9.42086
9.42194
9.42303
9.42412
9.4252
9.42629
9.42738
9.42848
9.42957
9.43066
9.43176
9.43285
9.43395
9.43505
9.43615
9.43725
9.43835
9.43945
9.44055
9.44166
9.44276
9.44387
9.44498
9.44609
9.4472
9.44831
9.44943
9.45054
9.45166
9.45278
9.45389
9.45501
9.45614
9.45726
9.45838
9.45951
9.46063
9.46176
9.46289
9.46402
9.46515
9.46629
9.46742
9.46856
9.4697
9.47084
9.47198
9.47312
9.47426
9.47541
9.47656
9.4777
9.47885
9.48
9.48116
9.48231
9.48346
9.48462
9.48578
9.48694
9.4881
9.48926
9.49042
9.49159
9.49276
9.49392
9.49509
9.49626
9.49744
9.49861
9.49978
9.50096
9.50214
9.50332
9.5045
9.50568
9.50687
9.50805
9.50924
9.51043
9.51162
9.51281
9.514
9.5152
9.51639
9.51759
9.51879
9.51999
9.52119
9.52239
9.5236
9.5248
9.52601
9.52722
9.52843
9.52964
9.53085
9.53207
9.53328
9.5345
9.53572
9.53694
9.53816
9.53938
9.54061
9.54184
9.54306
9.54429
9.54552
9.54676
9.54799
9.54922
9.55046
9.5517
9.55294
9.55418
9.55542
9.55667
9.55791
9.55916
9.56041
9.56166
9.56291
9.56416
9.56541
9.56666
9.56791
9.56916
9.57041
9.57166
9.5729
9.57415
9.57539
9.57663
9.57787
9.57911
9.58034
9.58158
9.58281
9.58404
9.58527
9.5865
9.58773
9.58896
9.59019
9.59141
9.59264
9.59387
9.59509
9.59632
9.59754
9.59877
9.59999
9.60121
9.60244
9.60366
9.60488
9.6061
9.60732
9.60854
9.60976
9.61098
9.6122
9.61341
9.61463
9.61585
9.61707
9.61828
9.6195
9.62072
9.62193
9.62314
9.62436
9.62557
9.62678
9.62799
9.62919
9.6304
9.6316
9.6328
9.63399
9.63519
9.63638
9.63757
9.63875
9.63994
9.64112
9.64229
9.64347
9.64464
9.64581
9.64697
9.64814
9.6493
9.65045
9.65161
9.65276
9.65391
9.65506
9.6562
9.65734
9.65848
9.65962
9.66075
9.66188
9.66301
9.66414
9.66526
9.66638
9.6675
9.66862
9.66973
9.67084
9.67195
9.67306
9.67417
9.67527
9.67637
9.67747
9.67856
9.67965
9.68074
9.68183
9.68292
9.684
9.68509
9.68617
9.68725
9.68832
9.6894
9.69047
9.69154
9.69261
9.69368
9.69474
9.69581
9.69687
9.69793
9.69899
9.70005
9.7011
9.70216
9.70321
9.70426
9.70531
9.70636
9.70741
9.70845
9.7095
9.71054
9.71158
9.71262
9.71366
9.71469
9.71573
9.71676
9.71779
9.71882
9.71985
9.72087
9.7219
9.72292
9.72394
9.72495
9.72597
9.72698
9.72799
9.729
9.73
9.731
9.73201
9.733
9.734
9.73499
9.73598
9.73697
9.73796
9.73894
9.73992
9.7409
9.74188
9.74285
9.74383
9.7448
9.74577
9.74673
9.7477
9.74866
9.74962
9.75058
9.75154
9.75249
9.75345
9.7544
9.75535
9.7563
9.75725
9.7582
9.75915
9.76009
9.76104
9.76198
9.76292
9.76386
9.7648
9.76574
9.76668
9.76762
9.76856
9.7695
9.77043
9.77137
9.77231
9.77324
9.77418
9.77511
9.77605
9.77699
9.77792
9.77886
9.77979
9.78073
9.78166
9.7826
9.78354
9.78447
9.78541
9.78635
9.78729
9.78822
9.78916
9.7901
9.79104
9.79198
9.79293
9.79387
9.79481
9.79576
9.7967
9.79764
9.79859
9.79954
9.80048
9.80143
9.80238
9.80333
9.80428
9.80523
9.80618
9.80713
9.80808
9.80904
9.80999
9.81095
9.8119
9.81286
9.81381
9.81477
9.81573
9.81669
9.81765
9.81861
9.81957
9.82053
9.82149
9.82245
9.82342
9.82438
9.82534
9.82631
9.82727
9.82824
9.82921
9.83017
9.83114
9.83211
9.83308
9.83405
9.83502
9.83599
9.83696
9.83793
9.8389
9.83987
9.84085
9.84182
9.8428
9.84377
9.84475
9.84572
9.8467
9.84768
9.84865
9.84963
9.85061
9.85159
9.85257
9.85355
9.85453
9.85551
9.8565
9.85748
9.85846
9.85945
9.86043
9.86142
9.8624
9.86339
9.86438
9.86537
9.86636
9.86735
9.86834
9.86933
9.87032
9.87131
9.87231
9.8733
9.8743
9.87529
9.87629
9.87729
9.87828
9.87928
9.88028
9.88128
9.88228
9.88328
9.88429
9.88529
9.88629
9.8873
9.88831
9.88931
9.89032
9.89133
9.89234
9.89335
9.89436
9.89537
9.89638
9.89739
9.89841
9.89942
9.90044
9.90145
9.90247
9.90348
9.9045
9.90552
9.90654
9.90755
9.90857
9.90959
9.91061
9.91164
9.91266
9.91369
9.91471
9.91574
9.91677
9.91781
9.91884
9.91988
9.92092
9.92196
9.923
9.92404
9.92508
9.92611
9.92714
9.92818
9.92921
9.93025
9.93129
9.93233
9.93338
9.93442
9.93547
9.93652
9.93757
9.93862
9.93968
9.94073
9.94179
9.94285
9.9439
9.94496
9.94602
9.94709
9.94815
9.94921
9.95027
9.95134
9.9524
9.95347
9.95453
9.9556
9.95666
9.95773
9.9588
9.95986
9.96093
9.962
9.96306
9.96413
9.9652
9.96626
9.96733
9.9684
9.96946
9.97053
9.97159
9.97266
9.97372
9.97479
9.97585
9.97692
9.97798
9.97905
9.98011
9.98117
9.98224
9.9833
9.98436
9.98542
9.98649
9.98755
9.98861
9.98967
9.99073
9.99179
9.99285
9.99391
9.99496
9.99602
9.99708
9.99813
9.99918
10.0002
10.0013
10.0023
10.0034
10.0044
10.0055
10.0065
10.0076
10.0086
10.0097
10.0107
10.0117
10.0128
10.0138
10.0149
10.0159
10.0169
10.018
10.019
10.02
10.021
10.0221
10.0231
10.0241
10.0251
10.0262
10.0272
10.0282
10.0292
10.0302
10.0312
10.0322
10.0332
10.0342
10.0352
10.0362
10.0372
10.0382
10.0392
10.0402
10.0412
10.0421
10.0431
10.0441
10.0451
10.046
10.047
10.048
10.0489
10.0499
10.0509
10.0518
10.0528
10.0537
10.0547
10.0556
10.0566
10.0575
10.0584
10.0594
10.0603
10.0612
10.0622
10.0631
10.064
10.065
10.0659
10.0668
10.0677
10.0686
10.0695
10.0705
10.0714
10.0723
10.0732
10.0741
10.075
10.0759
10.0768
10.0777
10.0786
10.0795
10.0803
10.0812
10.0821
10.083
10.0839
10.0848
10.0856
10.0865
10.0874
10.0883
10.0891
10.09
10.0909
10.0918
10.0926
10.0935
10.0944
10.0952
10.0961
10.0969
10.0978
10.0987
10.0995
10.1004
10.1012
10.1021
10.1029
10.1038
10.1046
10.1055
10.1063
10.1072
10.108
10.1089
10.1097
10.1106
10.1114
10.1123
10.1131
10.1139
10.1148
10.1156
10.1165
10.1173
10.1181
10.119
10.1198
10.1206
10.1214
10.1223
10.1231
10.1239
10.1248
10.1256
10.1264
10.1272
10.128
10.1289
10.1297
10.1305
10.1313
10.1321
10.1329
10.1338
10.1346
10.1354
10.1362
10.137
10.1378
10.1386
10.1394
10.1402
10.141
10.1418
10.1426
10.1434
10.1442
10.145
10.1458
10.1466
10.1474
10.1482
10.149
10.1498
10.1506
10.1514
10.1522
10.153
10.1538
10.1545
10.1553
10.1561
10.1569
10.1577
10.1585
10.1593
10.16
10.1608
10.1616
10.1624
10.1632
10.164
10.1647
10.1655
10.1663
10.1671
10.1679
10.1687
10.1694
10.1702
10.171
10.1718
10.1726
10.1734
10.1742
10.1749
10.1757
10.1765
10.1773
10.1781
10.1789
10.1797
10.1805
10.1813
10.1821
10.1829
10.1837
10.1845
10.1853
10.1861
10.1869
10.1877
10.1885
10.1893
10.1901
10.1909
10.1917
10.1925
10.1933
10.1941
10.1949
10.1957
10.1965
10.1974
10.1982
10.199
10.1998
10.2006
10.2015
10.2023
10.2031
10.2039
10.2048
10.2056
10.2064
10.2072
10.2081
10.2089
10.2097
10.2106
10.2114
10.2122
10.2131
10.2139
10.2147
10.2156
10.2164
10.2173
10.2181
10.219
10.2198
10.2206
10.2215
10.2223
10.2232
10.224
10.2249
10.2257
10.2266
10.2275
10.2283
10.2292
10.23
10.2309
10.2317
10.2326
10.2335
10.2343
10.2352
10.236
10.2369
10.2378
10.2386
10.2395
10.2403
10.2412
10.2421
10.2429
10.2438
10.2447
10.2455
10.2464
10.2473
10.2481
10.249
10.2498
10.2507
10.2516
10.2524
10.2533
10.2542
10.255
10.2559
10.2568
10.2576
10.2585
10.2594
10.2602
10.2611
10.262
10.2628
10.2637
10.2646
10.2654
10.2663
10.2672
10.2681
10.2689
10.2698
10.2707
10.2715
10.2724
10.2733
10.2742
10.2751
10.2759
10.2768
10.2777
10.2786
10.2794
10.2803
10.2812
10.2821
10.283
10.2839
10.2847
10.2856
10.2865
10.2874
10.2883
10.2892
10.29
10.2909
10.2918
10.2927
10.2936
10.2945
10.2954
10.2963
10.2972
10.298
10.2989
10.2998
10.3007
10.3016
10.3025
10.3034
10.3043
10.3052
10.3061
10.307
10.3079
10.3088
10.3097
10.3106
10.3114
10.3123
10.3132
10.3141
10.315
10.3159
10.3168
10.3177
10.3186
10.3195
10.3204
10.3213
10.3222
10.3231
10.324
10.3249
10.3258
10.3267
10.3276
10.3285
10.3293
10.3302
10.3311
10.332
10.3329
10.3338
10.3347
10.3356
10.3365
10.3374
10.3383
10.3392
10.3401
10.341
10.3419
10.3428
10.3437
10.3446
10.3455
10.3464
10.3473
10.3482
10.349
10.3499
10.3508
10.3517
10.3526
10.3535
10.3544
10.3553
10.3562
10.3571
10.358
10.3589
10.3598
10.3607
10.3616
10.3625
10.3634
10.3643
10.3652
10.3661
10.367
10.3679
10.3688
10.3697
10.3706
10.3715
10.3724
10.3733
10.3742
10.3751
10.376
10.3769
10.3778
10.3787
10.3796
10.3805
10.3814
10.3823
10.3832
10.3841
10.385
10.3859
10.3868
10.3877
10.3886
10.3895
10.3904
10.3913
10.3922
10.3931
10.3939
10.3948
10.3957
10.3966
10.3975
10.3984
10.3993
10.4002
10.4011
10.402
10.4029
10.4038
10.4047
10.4055
10.4064
10.4073
10.4082
10.4091
10.4099
10.4108
10.4117
10.4125
10.4134
10.4143
10.4151
10.416
10.4168
10.4177
10.4185
10.4194
10.4202
10.4211
10.4219
10.4227
10.4236
10.4244
10.4252
10.426
10.4268
10.4276
10.4284
10.4292
10.43
10.4308
10.4316
10.4324
10.4331
10.4339
10.4347
10.4354
10.4362
10.4369
10.4377
10.4384
10.4392
10.4399
10.4406
10.4413
10.4421
10.4428
10.4435
10.4442
10.4449
10.4457
10.4464
10.4471
10.4478
10.4485
10.4492
10.4498
10.4505
10.4512
10.4519
10.4526
10.4533
10.4539
10.4546
10.4553
10.4559
10.4566
10.4572
10.4579
10.4586
10.4592
10.4599
10.4605
10.4612
10.4618
10.4624
10.4631
10.4637
10.4643
10.465
10.4656
10.4662
10.4669
10.4675
10.4681
10.4688
10.4694
10.47
10.4706
10.4712
10.4719
10.4725
10.4731
10.4737
10.4743
10.475
10.4756
10.4762
10.4768
10.4774
10.478
10.4787
10.4793
10.4799
10.4805
10.4811
10.4818
10.4824
10.483
10.4836
10.4842
10.4849
10.4855
10.4861
10.4867
10.4874
10.488
10.4886
10.4892
10.4899
10.4905
10.4911
10.4917
10.4924
10.493
10.4936
10.4943
10.4949
10.4955
10.4962
10.4968
10.4974
10.498
10.4987
10.4993
10.4999
10.5005
10.5011
10.5017
10.5023
10.503
10.5036
10.5042
10.5048
10.5054
10.506
10.5065
10.5071
10.5077
10.5083
10.5089
10.5095
10.5101
10.5107
10.5112
10.5118
10.5124
10.513
10.5136
10.5142
10.5147
10.5153
10.5159
10.5165
10.517
10.5176
10.5182
10.5188
10.5194
10.5199
10.5205
10.5211
10.5217
10.5223
10.5228
10.5234
10.524
10.5246
10.5252
10.5257
10.5263
10.5269
10.5275
10.5281
10.5287
10.5293
10.5299
10.5304
10.531
10.5316
10.5322
10.5328
10.5334
10.534
10.5346
10.5352
10.5358
10.5364
10.537
10.5376
10.5382
10.5388
10.5394
10.54
10.5406
10.5412
10.5419
10.5425
10.5431
10.5437
10.5443
10.5449
10.5455
10.5462
10.5468
10.5474
10.548
10.5486
10.5493
10.5499
10.5505
10.5511
10.5518
10.5524
10.553
10.5537
10.5543
10.5549
10.5555
10.5562
10.5568
10.5574
10.5581
10.5587
10.5594
10.56
10.5606
10.5613
10.5619
10.5626
10.5632
10.5638
10.5645
10.5651
10.5658
10.5664
10.5671
10.5677
10.5683
10.569
10.5696
10.5703
10.5709
10.5716
10.5722
10.5729
10.5735
10.5742
10.5748
10.5755
10.5761
10.5768
10.5774
10.5781
10.5787
10.5794
10.58
10.5807
10.5813
10.582
10.5826
10.5833
10.5839
10.5846
10.5852
10.5859
10.5865
10.5872
10.5878
10.5885
10.5891
10.5898
10.5904
10.5911
10.5918
10.5924
10.5931
10.5937
10.5944
10.595
10.5957
10.5964
10.597
10.5977
10.5983
10.599
10.5997
10.6003
10.601
10.6017
10.6023
10.603
10.6037
10.6043
10.605
10.6057
10.6063
10.607
10.6077
10.6084
10.609
10.6097
10.6104
10.611
10.6117
10.6124
10.6131
10.6137
10.6144
10.6151
10.6158
10.6165
10.6171
10.6178
10.6185
10.6192
10.6199
10.6206
10.6212
10.6219
10.6226
10.6233
10.624
10.6247
10.6253
10.626
10.6267
10.6274
10.6281
10.6288
10.6295
10.6302
10.6309
10.6315
10.6322
10.6329
10.6336
10.6343
10.635
10.6357
10.6364
10.6371
10.6378
10.6385
10.6392
10.6399
10.6406
10.6413
10.642
10.6427
10.6434
10.644
10.6447
10.6454
10.6461
10.6468
10.6475
10.6482
10.6489
10.6496
10.6503
10.651
10.6517
10.6524
10.6531
10.6538
10.6545
10.6553
10.656
10.6567
10.6574
10.6581
10.6588
10.6595
10.6602
10.6609
10.6616
10.6623
10.663
10.6637
10.6644
10.6652
10.6659
10.6666
10.6673
10.668
10.6687
10.6694
10.6702
10.6709
10.6716
10.6723
10.673
10.6737
10.6745
10.6752
10.6759
10.6766
10.6774
10.6781
10.6788
10.6795
10.6803
10.681
10.6817
10.6825
10.6832
10.6839
10.6847
10.6854
10.6861
10.6869
10.6876
10.6884
10.6891
10.6898
10.6906
10.6913
10.6921
10.6928
10.6936
10.6943
10.6951
10.6958
10.6966
10.6973
10.6981
10.6988
10.6996
10.7004
10.7011
10.7019
10.7026
10.7034
10.7042
10.7049
10.7057
10.7064
10.7072
10.708
10.7087
10.7095
10.7103
10.711
10.7118
10.7125
10.7133
10.7141
10.7148
10.7156
10.7163
10.7171
10.7179
10.7186
10.7194
10.7201
10.7209
10.7216
10.7223
10.7231
10.7238
10.7246
10.7253
10.726
10.7268
10.7275
10.7282
10.729
10.7297
10.7304
10.7311
10.7318
10.7326
10.7333
10.734
10.7347
10.7354
10.7361
10.7368
10.7375
10.7382
10.7389
10.7396
10.7403
10.7409
10.7416
10.7423
10.743
10.7437
10.7443
10.745
10.7457
10.7463
10.747
10.7477
10.7483
10.749
10.7496
10.7503
10.7509
10.7516
10.7522
10.7529
10.7535
10.7541
10.7548
10.7554
10.756
10.7567
10.7573
10.7579
10.7585
10.7592
10.7598
10.7604
10.761
10.7616
10.7622
10.7628
10.7634
10.764
10.7646
10.7652
10.7658
10.7664
10.767
10.7676
10.7682
10.7688
10.7694
10.77
10.7705
10.7711
10.7717
10.7723
10.7729
10.7734
10.774
10.7746
10.7752
10.7757
10.7763
10.7769
10.7774
10.778
10.7786
10.7791
10.7797
10.7803
10.7808
10.7814
10.7819
10.7825
10.783
10.7836
10.7842
10.7847
10.7853
10.7858
10.7864
10.7869
10.7875
10.788
10.7886
10.7891
10.7897
10.7902
10.7908
10.7913
10.7919
10.7924
10.793
10.7935
10.7941
10.7946
10.7952
10.7957
10.7963
10.7968
10.7974
10.7979
10.7984
10.799
10.7995
10.8001
10.8006
10.8012
10.8017
10.8023
10.8028
10.8034
10.8039
10.8045
10.805
10.8055
10.8061
10.8066
10.8072
10.8077
10.8083
10.8088
10.8094
10.8099
10.8105
10.811
10.8116
10.8121
10.8127
10.8132
10.8138
10.8143
10.8149
10.8154
10.816
10.8166
10.8171
10.8177
10.8182
10.8188
10.8193
10.8199
10.8205
10.821
10.8216
10.8221
10.8227
10.8233
10.8238
10.8244
10.825
10.8255
10.8261
10.8267
10.8272
10.8278
10.8284
10.829
10.8295
10.8301
10.8307
10.8313
10.8319
10.8324
10.833
10.8336
10.8342
10.8348
10.8354
10.836
10.8366
10.8372
10.8378
10.8384
10.839
10.8396
10.8402
10.8408
10.8414
10.842
10.8426
10.8433
10.8439
10.8445
10.8451
10.8457
10.8464
10.847
10.8476
10.8483
10.8489
10.8496
10.8502
10.8508
10.8515
10.8521
10.8528
10.8534
10.8541
10.8547
10.8554
10.8561
10.8567
10.8574
10.858
10.8587
10.8594
10.8601
10.8607
10.8614
10.8621
10.8628
10.8635
10.8642
10.8649
10.8655
10.8662
10.8669
10.8676
10.8684
10.8691
10.8698
10.8705
10.8712
10.8719
10.8726
10.8734
10.8741
10.8748
10.8755
10.8763
10.877
10.8777
10.8785
10.8792
10.88
10.8807
10.8815
10.8822
10.883
10.8837
10.8845
10.8852
10.886
10.8868
10.8875
10.8883
10.8891
10.8899
10.8906
10.8914
10.8922
10.893
10.8938
10.8945
10.8953
10.8961
10.8969
10.8977
10.8985
10.8993
10.9001
10.9009
10.9017
10.9025
10.9033
10.9042
10.905
10.9058
10.9066
10.9074
10.9082
10.9091
10.9099
10.9107
10.9116
10.9124
10.9132
10.9141
10.9149
10.9157
10.9166
10.9174
10.9183
10.9191
10.92
10.9208
10.9217
10.9225
10.9234
10.9242
10.9251
10.926
10.9268
10.9277
10.9286
10.9294
10.9303
10.9312
10.9321
10.9329
10.9338
10.9347
10.9356
10.9365
10.9374
10.9382
10.9391
10.94
10.9409
10.9418
10.9427
10.9436
10.9445
10.9454
10.9463
10.9472
10.9481
10.949
10.9499
10.9509
10.9518
10.9527
10.9536
10.9545
10.9554
10.9564
10.9573
10.9582
10.9591
10.9601
10.961
10.9619
10.9629
10.9638
10.9647
10.9657
10.9666
10.9676
10.9685
10.9694
10.9704
10.9713
10.9723
10.9732
10.9742
10.9751
10.9761
10.9771
10.978
10.979
10.9799
10.9809
10.9819
10.9828
10.9838
10.9848
10.9857
10.9867
10.9877
10.9887
10.9896
10.9906
10.9916
10.9926
10.9936
10.9945
10.9955
10.9965
10.9975
10.9985
10.9995
11.0005
11.0015
11.0025
11.0035
11.0045
11.0055
11.0065
11.0075
11.0085
11.0095
11.0105
11.0116
11.0126
11.0136
11.0146
11.0156
11.0167
11.0177
11.0187
11.0197
11.0208
11.0218
11.0228
11.0239
11.0249
11.026
11.027
11.0281
11.0291
11.0302
11.0312
11.0323
11.0333
11.0344
11.0354
11.0365
11.0376
11.0386
11.0397
11.0408
11.0418
11.0429
11.044
11.0451
11.0462
11.0472
11.0483
11.0494
11.0505
11.0516
11.0527
11.0538
11.0549
11.056
11.0571
11.0582
11.0593
11.0604
11.0615
11.0627
11.0638
11.0649
11.066
11.0672
11.0683
11.0694
11.0706
11.0717
11.0728
11.074
11.0751
11.0763
11.0774
11.0786
11.0797
11.0809
11.0821
11.0832
11.0844
11.0856
11.0867
11.0879
11.0891
11.0903
11.0915
11.0926
11.0938
11.095
11.0962
11.0974
11.0986
11.0998
11.101
11.1022
11.1034
11.1046
11.1059
11.1071
11.1083
11.1095
11.1108
11.112
11.1132
11.1144
11.1157
11.1169
11.1182
11.1194
11.1207
11.1219
11.1232
11.1244
11.1257
11.1269
11.1282
11.1294
11.1307
11.132
11.1332
11.1345
11.1358
11.1371
11.1383
11.1396
11.1409
11.1422
11.1435
11.1448
11.1461
11.1473
11.1486
11.1499
11.1512
11.1525
11.1538
11.1551
11.1564
11.1577
11.159
11.1604
11.1617
11.163
11.1643
11.1656
11.1669
11.1682
11.1695
11.1709
11.1722
11.1735
11.1748
11.1762
11.1775
11.1788
11.1801
11.1815
11.1828
11.1841
11.1854
11.1868
11.1881
11.1894
11.1908
11.1921
11.1934
11.1948
11.1961
11.1975
11.1988
11.2001
11.2015
11.2028
11.2042
11.2055
11.2068
11.2082
11.2095
11.2109
11.2122
11.2136
11.2149
11.2163
11.2176
11.219
11.2203
11.2217
11.223
11.2244
11.2257
11.2271
11.2284
11.2298
11.2311
11.2325
11.2339
11.2352
11.2366
11.2379
11.2393
11.2407
11.242
11.2434
11.2448
11.2461
11.2475
11.2489
11.2503
11.2516
11.253
11.2544
11.2558
11.2572
11.2585
11.2599
11.2613
11.2627
11.2641
11.2655
11.2669
11.2683
11.2697
11.271
11.2724
11.2738
11.2752
11.2766
11.278
11.2794
11.2808
11.2822
11.2837
11.2851
11.2865
11.2879
11.2893
11.2907
11.2921
11.2935
11.2949
11.2963
11.2977
11.2992
11.3006
11.302
11.3034
11.3048
11.3062
11.3077
11.3091
11.3105
11.3119
11.3133
11.3148
11.3162
11.3176
11.3191
11.3205
11.3219
11.3233
11.3248
11.3262
11.3276
11.3291
11.3305
11.3319
11.3334
11.3348
11.3363
11.3377
11.3391
11.3406
11.342
11.3435
11.3449
11.3464
11.3478
11.3493
11.3507
11.3522
11.3536
11.3551
11.3565
11.358
11.3594
11.3609
11.3623
11.3638
11.3652
11.3667
11.3681
11.3695
11.371
11.3724
11.3739
11.3753
11.3767
11.3782
11.3796
11.3811
11.3825
11.384
11.3854
11.3868
11.3883
11.3897
11.3912
11.3926
11.3941
11.3955
11.397
11.3984
11.3999
11.4013
11.4028
11.4043
11.4057
11.4072
11.4086
11.4101
11.4116
11.4131
11.4145
11.416
11.4175
11.419
11.4204
11.4219
11.4234
11.4249
11.4264
11.4279
11.4294
11.4309
11.4324
11.4339
11.4354
11.4369
11.4385
11.44
11.4415
11.443
11.4446
11.4461
11.4477
11.4492
11.4507
11.4523
11.4538
11.4554
11.457
11.4585
11.4601
11.4617
11.4633
11.4648
11.4664
11.468
11.4696
11.4712
11.4728
11.4744
11.476
11.4777
11.4793
11.4809
11.4825
11.4842
11.4858
11.4875
11.4891
11.4908
11.4925
11.4941
11.4958
11.4975
11.4992
11.5009
11.5026
11.5043
11.506
11.5077
11.5094
11.5111
11.5129
11.5146
11.5163
11.5181
11.5198
11.5216
11.5233
11.5251
11.5269
11.5286
11.5304
11.5322
11.5339
11.5357
11.5375
11.5393
11.5411
11.5429
11.5447
11.5465
11.5483
11.55
11.5518
11.5536
11.5554
11.5573
11.5591
11.5609
11.5627
11.5645
11.5663
11.5681
11.5699
11.5717
11.5735
11.5753
11.5772
11.579
11.5808
11.5826
11.5844
11.5862
11.588
11.5898
11.5917
11.5935
11.5953
11.5971
11.5989
11.6007
11.6025
11.6043
11.6062
11.608
11.6098
11.6116
11.6134
11.6152
11.6171
11.6189
11.6207
11.6225
11.6243
11.6261
11.628
11.6298
11.6316
11.6334
11.6352
11.6371
11.6389
11.6407
11.6426
11.6444
11.6462
11.6481
11.6499
11.6518
11.6536
11.6555
11.6573
11.6592
11.6611
11.6629
11.6648
11.6667
11.6685
11.6704
11.6723
11.6742
11.6761
11.678
11.6798
11.6817
11.6836
11.6855
11.6875
11.6894
11.6913
11.6932
11.6951
11.6971
11.699
11.701
11.7029
11.7049
11.7068
11.7088
11.7108
11.7127
11.7147
11.7167
11.7187
11.7207
11.7227
11.7247
11.7267
11.7288
11.7308
11.7328
11.7349
11.7369
11.7389
11.741
11.7431
11.7451
11.7472
11.7493
11.7514
11.7535
11.7556
11.7577
11.7598
11.7619
11.764
11.7661
11.7683
11.7704
11.7725
11.7747
11.7768
11.779
11.7812
11.7834
11.7855
11.7877
11.7899
11.7921
11.7943
11.7966
11.7988
11.801
11.8032
11.8055
11.8077
11.81
11.8122
11.8145
11.8168
11.8191
11.8213
11.8236
11.8259
11.8282
11.8306
11.8329
11.8352
11.8375
11.8399
11.8422
11.8446
11.8469
11.8493
11.8517
11.854
11.8564
11.8588
11.8612
11.8636
11.866
11.8684
11.8708
11.8733
11.8757
11.8781
11.8806
11.883
11.8855
11.888
11.8904
11.8929
11.8954
11.8979
11.9004
11.9029
11.9054
11.9079
11.9104
11.9129
11.9155
11.918
11.9205
11.9231
11.9256
11.9282
11.9308
11.9333
11.9359
11.9385
11.9411
11.9437
11.9463
11.9489
11.9515
11.9541
11.9567
11.9593
11.962
11.9646
11.9672
11.9698
11.9725
11.9751
11.9777
11.9804
11.983
11.9856
11.9882
11.9909
11.9935
11.9961
11.9987
12.0013
12.0039
12.0065
12.0091
12.0117
12.0142
12.0168
12.0195
12.0221
12.0247
12.0274
12.03
12.0327
12.0354
12.0381
12.0408
12.0435
12.0462
12.049
12.0518
12.0546
12.0574
12.0602
12.063
12.0659
12.0688
12.0717
12.0746
12.0775
12.0804
12.0834
12.0864
12.0893
12.0923
12.0953
12.0983
12.1013
12.1043
12.1073
12.1104
12.1134
12.1164
12.1194
12.1224
12.1255
12.1285
12.1315
12.1345
12.1375
12.1405
12.1435
12.1465
12.1495
12.1525
12.1555
12.1585
12.1615
12.1645
12.1674
12.1704
12.1734
12.1763
12.1793
12.1823
12.1852
12.1882
12.1911
12.194
12.197
12.1999
12.2028
12.2057
12.2086
12.2115
12.2144
12.2173
12.2202
12.2231
12.226
12.2288
12.2317
12.2345
12.2374
12.2402
12.2431
12.2459
12.2487
12.2515
12.2543
12.2571
12.2599
12.2627
12.2655
12.2683
12.2711
12.2738
12.2766
12.2793
12.2821
12.2848
12.2875
12.2902
12.293
12.2957
12.2984
12.3011
12.3038
12.3065
12.3091
12.3118
12.3145
12.3171
12.3198
12.3224
12.3251
12.3277
12.3303
12.333
12.3356
12.3382
12.3408
12.3434
12.346
12.3486
12.3512
12.3537
12.3563
12.3589
12.3614
12.364
12.3665
12.3691
12.3716
12.3741
12.3767
12.3792
12.3817
12.3842
12.3867
12.3892
12.3917
12.3941
12.3966
12.3991
12.4015
12.404
12.4064
12.4088
12.4113
12.4137
12.4161
12.4185
12.4209
12.4233
12.4257
12.4281
12.4305
12.4329
12.4352
12.4376
12.4399
12.4423
12.4446
12.447
12.4493
12.4516
12.4539
12.4562
12.4585
12.4608
12.4631
12.4654
12.4677
12.47
12.4723
12.4745
12.4768
12.479
12.4813
12.4835
12.4858
12.488
12.4902
12.4925
12.4947
12.4969
12.4991
12.5013
12.5035
12.506
12.5085
12.5111
12.5136
12.5161
12.5186
12.5211
12.5236
12.5261
12.5285
12.531
12.5335
12.5359
12.5383
12.5408
12.5432
12.5456
12.548
12.5504
12.5528
12.5552
12.5575
12.5599
12.5623
12.5646
12.5669
12.5693
12.5716
12.5739
12.5762
12.5785
12.5808
12.5831
12.5855
12.5878
12.5901
12.5924
12.5947
12.5969
12.5992
12.6015
