distance
0
-1.08216e-07
-4.10136e-07
-7.64601e-07
-1.28871e-06
-1.94394e-06
-2.80363e-06
-3.82713e-06
-5.08728e-06
-6.54542e-06
-8.27056e-06
-1.02259e-05
-1.24749e-05
-1.49834e-05
-1.78089e-05
-2.09308e-05
-2.44041e-05
-2.82071e-05
-3.23847e-05
-3.69201e-05
-4.18495e-05
-4.71271e-05
-5.28469e-05
-5.90395e-05
-6.57704e-05
-7.3045e-05
-8.09133e-05
-8.93567e-05
-9.84367e-05
-0.00010817
-0.000118595
-0.000129704
-0.000141542
-0.000154074
-0.000167181
-0.000180734
-0.000194479
-0.000208614
-0.000222997
-0.000237387
-0.000252087
-0.000266893
-0.000281595
-0.000296363
-1.47653e-05
-2.9378e-05
-4.41084e-05
-5.87254e-05
-7.30056e-05
-8.67362e-05
-0.000100307
-0.000113533
-0.000126179
-0.000138052
-0.000149593
-0.000160588
-0.000170824
-0.000180212
-0.0001891
-0.000197397
-0.000204887
-0.000211309
-0.00021689
-0.000221338
-0.000225102
-0.000228068
-0.000229895
-0.000230527
-0.00022975
-0.000228011
-0.000225545
-0.000222049
-0.000217172
-0.000210523
-0.000201913
-0.000191829
-0.000180094
-0.000166412
-0.000150562
-0.00013232
-0.000112283
-9.01388e-05
-6.56321e-05
-3.84959e-05
-8.64834e-06
2.36919e-05
5.87885e-05
9.69072e-05
0.000137499
0.000180835
0.000227299
0.00027707
0.000330374
0.00038661
0.000446159
0.00050922
0.00057616
0.00064701
0.000721905
0.000800953
0.000883459
0.000969657
0.00105988
0.00115432
0.0012529
0.00135573
0.00146214
0.00157227
0.00168633
0.00180414
0.00192585
0.00205072
0.00217887
0.00231042
0.0024448
0.00258203
0.00272219
0.00286471
0.00300971
0.00315717
0.00330664
0.00345812
0.00361172
0.00376695
0.00392252
0.00407895
0.00423624
0.00439443
0.00455574
0.00472028
0.00488762
0.00505798
0.00523052
0.00540526
0.00558241
0.00576172
0.00594338
0.00612751
0.00631408
0.00650322
0.00669514
0.00688965
0.00708696
0.00728707
0.00748991
0.00769552
0.00790392
0.00811481
0.0083282
0.008544
0.00876206
0.00898157
0.00920281
0.00942594
0.0096512
0.0098786
0.0101081
0.0103397
0.0105736
0.0108096
0.0110479
0.0112885
0.0115314
0.0117766
0.0120241
0.0122739
0.012526
0.0127805
0.0130373
0.0132964
0.013558
0.0138217
0.0140878
0.0143562
0.014627
0.0149001
0.0151755
0.0154533
0.0157335
0.0160161
0.0163011
0.0165885
0.0168784
0.0171707
0.0174657
0.0177632
0.0180633
0.0183661
0.0186716
0.0189798
0.0192908
0.0196046
0.0199214
0.0202412
0.020564
0.0208899
0.0212189
0.0215512
0.0218867
0.0222255
0.0225677
0.0229133
0.0232623
0.0236149
0.023971
0.0243307
0.024694
0.025061
0.0254317
0.0258061
0.0261843
0.0265663
0.0269522
0.0273419
0.0277355
0.0281331
0.0285346
0.02894
0.0293495
0.0297631
0.0301807
0.0306023
0.031028
0.0314579
0.0318918
0.0323299
0.0327721
0.0332184
0.033669
0.0341238
0.0345827
0.0350459
0.0355134
0.0359852
0.0364612
0.0369415
0.0374261
0.037915
0.0384081
0.0389056
0.0394072
0.0399132
0.0404233
0.0409376
0.041456
0.0419787
0.0425054
0.0430362
0.0435712
0.0441104
0.0446537
0.0452012
0.0457526
0.0463082
0.0468677
0.0474314
0.0479988
0.0485703
0.0491457
0.049725
0.050308
0.0508948
0.0514853
0.0520794
0.0526771
0.0532783
0.053883
0.054491
0.0551023
0.0557169
0.0563347
0.0569554
0.0575792
0.0582059
0.0588354
0.0594677
0.0601026
0.06074
0.06138
0.0620224
0.0626669
0.0633139
0.0639629
0.0646141
0.0652673
0.0659226
0.0665797
0.0672389
0.0678998
0.0685625
0.069227
0.0698933
0.0705611
0.0712306
0.0719016
0.0725741
0.0732482
0.0739237
0.0746005
0.0752787
0.0759582
0.0766389
0.0773209
0.078004
0.0786882
0.0793736
0.0800599
0.0807451
0.0814269
0.0821037
0.0827751
0.0834415
0.0841037
0.0847626
0.0854193
0.0860742
0.086728
0.0873807
0.0880327
0.088684
0.0893348
0.0899849
0.0906346
0.0912837
0.0919324
0.0925804
0.0932281
0.0938755
0.0945232
0.095171
0.0958195
0.0964686
0.0971186
0.0977694
0.0984212
0.099074
0.0997278
0.100383
0.101039
0.101696
0.102354
0.103013
0.103673
0.104335
0.104997
0.105661
0.106326
0.106991
0.107658
0.108326
0.108995
0.109665
0.110336
0.111008
0.111682
0.112356
0.113031
0.113708
0.114386
0.115065
0.115745
0.116426
0.117108
0.117792
0.118476
0.119162
0.119849
0.120537
0.121227
0.121917
0.122609
0.123302
0.123997
0.124692
0.125389
0.126087
0.126786
0.127487
0.128188
0.128891
0.129595
0.130301
0.131008
0.131716
0.132425
0.133135
0.133847
0.13456
0.135275
0.13599
0.136707
0.137426
0.138145
0.138866
0.139588
0.140312
0.141037
0.141763
0.142491
0.14322
0.143951
0.144683
0.145417
0.146151
0.146888
0.147626
0.148365
0.149106
0.149848
0.150592
0.151337
0.152084
0.152833
0.153583
0.154328
0.155071
0.155813
0.156554
0.157295
0.158036
0.158777
0.15952
0.16026
0.161002
0.161747
0.162495
0.163248
0.164004
0.164765
0.165529
0.166297
0.16707
0.167846
0.168626
0.16941
0.170198
0.170989
0.171785
0.172584
0.173388
0.174195
0.175003
0.175815
0.17663
0.177448
0.17827
0.179095
0.179924
0.180756
0.181592
0.182432
0.183275
0.184121
0.18497
0.185823
0.186678
0.187537
0.188399
0.189263
0.19013
0.191001
0.191873
0.192749
0.193628
0.194509
0.195393
0.19628
0.19717
0.198062
0.198958
0.199856
0.200757
0.20166
0.202567
0.203476
0.204387
0.205301
0.206218
0.207138
0.208059
0.208984
0.20991
0.210839
0.21177
0.212702
0.213637
0.214574
0.215513
0.216453
0.217395
0.218339
0.219284
0.22023
0.221178
0.222127
0.223077
0.224029
0.224981
0.225934
0.226888
0.227843
0.228798
0.229755
0.230711
0.231669
0.232626
0.233585
0.234543
0.235502
0.236461
0.23742
0.238379
0.239338
0.240297
0.241256
0.242215
0.243174
0.244133
0.245092
0.24605
0.247008
0.247965
0.248922
0.249879
0.250835
0.25179
0.252745
0.253699
0.254653
0.255606
0.256558
0.257509
0.25846
0.259409
0.260358
0.261306
0.262253
0.263198
0.264143
0.265087
0.26603
0.266971
0.267912
0.268851
0.269789
0.270726
0.271662
0.272597
0.273531
0.274463
0.275394
0.276324
0.277252
0.278179
0.279105
0.28003
0.280954
0.281876
0.282797
0.283717
0.284636
0.285553
0.286469
0.287384
0.288297
0.28921
0.290121
0.29103
0.291939
0.292846
0.293753
0.294658
0.295562
0.296465
0.297367
0.298268
0.299168
0.300068
0.300966
0.301864
0.302761
0.303657
0.304553
0.305449
0.306343
0.307238
0.308132
0.309026
0.309919
0.310813
0.311706
0.312598
0.31349
0.314382
0.315274
0.316166
0.317057
0.317948
0.318839
0.319729
0.320619
0.321509
0.322398
0.323288
0.324177
0.325066
0.325955
0.326844
0.327732
0.328621
0.32951
0.330398
0.331287
0.332176
0.333064
0.333953
0.334841
0.33573
0.336619
0.337508
0.338397
0.339286
0.340176
0.341065
0.341955
0.342845
0.343735
0.344625
0.345515
0.346406
0.347297
0.348188
0.34908
0.349972
0.350864
0.351757
0.35265
0.353544
0.354438
0.355333
0.356228
0.357123
0.358019
0.358916
0.359813
0.360711
0.36161
0.362509
0.363409
0.364309
0.36521
0.366112
0.367015
0.367918
0.368822
0.369727
0.370633
0.371539
0.372446
0.373353
0.37426
0.375167
0.376071
0.376975
0.377876
0.378776
0.379675
0.380572
0.381468
0.382363
0.383258
0.384153
0.385047
0.385941
0.386834
0.387727
0.38862
0.389513
0.390405
0.391297
0.392189
0.39308
0.393972
0.394862
0.395753
0.396643
0.397534
0.398424
0.399315
0.400205
0.401096
0.401987
0.402878
0.403769
0.40466
0.405552
0.406445
0.407338
0.408232
0.409126
0.410021
0.410917
0.411813
0.41271
0.413607
0.414505
0.415404
0.416304
0.417204
0.418105
0.419007
0.41991
0.420814
0.421721
0.42263
0.423541
0.424454
0.425369
0.426287
0.427207
0.428129
0.429053
0.429979
0.430908
0.431838
0.432771
0.433706
0.434643
0.435583
0.436524
0.437468
0.438414
0.439362
0.440313
0.441266
0.442221
0.443178
0.444138
0.4451
0.446065
0.447032
0.448001
0.448972
0.449946
0.450922
0.451901
0.452882
0.453865
0.454851
0.455839
0.45683
0.457823
0.458818
0.459816
0.460816
0.461819
0.462824
0.463831
0.46484
0.465852
0.466866
0.467883
0.468901
0.469921
0.470942
0.471964
0.472987
0.47401
0.475034
0.476058
0.477083
0.478108
0.479134
0.480159
0.481186
0.482213
0.483241
0.48427
0.4853
0.486331
0.487363
0.488396
0.489431
0.490468
0.491506
0.492545
0.493587
0.49463
0.495675
0.496722
0.497771
0.498821
0.499874
0.500928
0.501985
0.503043
0.504104
0.505166
0.506231
0.507297
0.508365
0.509436
0.510508
0.511583
0.51266
0.513738
0.514819
0.515902
0.516986
0.518073
0.519162
0.520253
0.521346
0.522441
0.523538
0.524637
0.525739
0.526842
0.527948
0.529055
0.530165
0.531276
0.53239
0.533506
0.534624
0.535744
0.536866
0.53799
0.539117
0.540245
0.541376
0.542508
0.543643
0.544779
0.545918
0.547059
0.548202
0.549348
0.550495
0.551644
0.552796
0.553949
0.555105
0.556263
0.557422
0.558584
0.559748
0.560914
0.562082
0.563253
0.564425
0.5656
0.566776
0.567955
0.569136
0.57032
0.571505
0.572693
0.573883
0.575075
0.576269
0.577466
0.578665
0.579866
0.581069
0.582275
0.583483
0.584693
0.585906
0.587121
0.588338
0.589557
0.590779
0.592003
0.593229
0.594458
0.595688
0.596921
0.598156
0.599394
0.600634
0.601876
0.60312
0.604366
0.605615
0.606866
0.608119
0.609374
0.610631
0.611891
0.613152
0.614416
0.615679
0.616938
0.618193
0.619444
0.620692
0.621939
0.623187
0.624437
0.625688
0.626942
0.628199
0.629457
0.630718
0.631981
0.633247
0.634515
0.635785
0.637057
0.638332
0.63961
0.640889
0.642171
0.643456
0.644743
0.646032
0.647324
0.648618
0.649915
0.651214
0.652516
0.653819
0.655126
0.656435
0.657746
0.65906
0.660376
0.661695
0.663016
0.66434
0.665666
0.666995
0.668326
0.669659
0.670996
0.672334
0.673676
0.67502
0.676367
0.677716
0.679068
0.680423
0.68178
0.68314
0.684503
0.685868
0.687236
0.688607
0.689981
0.691357
0.692736
0.694114
0.695493
0.696871
0.698249
0.699627
0.701005
0.702384
0.703762
0.705141
0.706521
0.707902
0.709284
0.710668
0.712053
0.713441
0.714831
0.716223
0.717619
0.719017
0.720419
0.721825
0.723235
0.724648
0.726066
0.727488
0.728915
0.730346
0.73178
0.733219
0.734661
0.736106
0.737555
0.739007
0.740462
0.741919
0.743379
0.744842
0.746307
0.747774
0.749243
0.750714
0.752186
0.75366
0.755136
0.756613
0.758092
0.759572
0.761053
0.762536
0.76402
0.765505
0.766991
0.768479
0.769969
0.77146
0.772952
0.774447
0.775942
0.77744
0.778939
0.78044
0.781943
0.783448
0.784954
0.786461
0.787968
0.789475
0.790983
0.792489
0.793995
0.7955
0.797003
0.798505
0.800006
0.801504
0.803002
0.804499
0.805995
0.80749
0.808985
0.81048
0.811975
0.81347
0.814965
0.81646
0.817955
0.819451
0.820947
0.822444
0.823941
0.825438
0.826935
0.828432
0.829929
0.831426
0.832924
0.83442
0.835917
0.837413
0.838909
0.840404
0.841898
0.843392
0.844884
0.846375
0.847864
0.849351
0.850837
0.85232
0.853801
0.85528
0.856755
0.858228
0.859698
0.861165
0.862629
0.864089
0.865546
0.867
0.868449
0.869895
0.871337
0.872776
0.87421
0.87564
0.877066
0.878489
0.879907
0.881321
0.882731
0.884137
0.885539
0.886936
0.88833
0.889719
0.891104
0.892485
0.893862
0.895235
0.896604
0.897969
0.89933
0.900687
0.902041
0.90339
0.904737
0.906079
0.907418
0.908753
0.910086
0.911414
0.91274
0.914062
0.915382
0.916697
0.91801
0.91932
0.920626
0.921929
0.923229
0.924525
0.925818
0.927107
0.928394
0.929677
0.930957
0.932233
0.933507
0.934777
0.936044
0.937308
0.93857
0.939828
0.941084
0.942337
0.943587
0.944834
0.946079
0.947321
0.948561
0.949798
0.951032
0.952264
0.953494
0.95472
0.955945
0.957167
0.958386
0.959603
0.960818
0.96203
0.96324
0.964447
0.965653
0.966856
0.968057
0.969255
0.970452
0.971646
0.972839
0.97403
0.975218
0.976405
0.97759
0.978774
0.979955
0.981136
0.982314
0.983491
0.984666
0.98584
0.987013
0.988184
0.989354
0.990522
0.99169
0.992855
0.99402
0.995184
0.996346
0.997507
0.998667
0.999826
1.00098
1.00214
1.0033
1.00445
1.00561
1.00676
1.00791
1.00906
1.01021
1.01136
1.01251
1.01366
1.01481
1.01596
1.0171
1.01825
1.01939
1.02054
1.02168
1.02283
1.02397
1.02511
1.02625
1.02739
1.02853
1.02967
1.03081
1.03195
1.03309
1.03423
1.03537
1.03651
1.03765
1.03879
1.03992
1.04106
1.0422
1.04334
1.04448
1.04561
1.04675
1.04789
1.04903
1.05016
1.0513
1.05244
1.05358
1.05472
1.05585
1.05699
1.05813
1.05927
1.06041
1.06155
1.06269
1.06383
1.06497
1.06611
1.06726
1.0684
1.06954
1.07069
1.07183
1.07297
1.07412
1.07526
1.07641
1.07756
1.07871
1.07985
1.081
1.08215
1.0833
1.08445
1.0856
1.08676
1.08791
1.08906
1.09022
1.09137
1.09253
1.09369
1.09485
1.09601
1.09717
1.09834
1.0995
1.10067
1.10184
1.10301
1.10418
1.10535
1.10653
1.1077
1.10888
1.11006
1.11124
1.11242
1.1136
1.11479
1.11597
1.11716
1.11835
1.11954
1.12073
1.12192
1.12311
1.1243
1.1255
1.12669
1.12789
1.12908
1.13028
1.13148
1.13268
1.13388
1.13508
1.13628
1.13748
1.13868
1.13988
1.14109
1.14229
1.1435
1.14471
1.14591
1.14712
1.14833
1.14954
1.15075
1.15197
1.15318
1.15439
1.15561
1.15683
1.15804
1.15926
1.16048
1.16171
1.16293
1.16415
1.16538
1.1666
1.16783
1.16906
1.17029
1.17153
1.17276
1.174
1.17523
1.17647
1.17771
1.17895
1.1802
1.18144
1.18269
1.18393
1.18518
1.18643
1.18769
1.18894
1.19019
1.19145
1.19271
1.19397
1.19523
1.19649
1.19776
1.19902
1.20029
1.20156
1.20283
1.2041
1.20537
1.20665
1.20792
1.2092
1.21048
1.21176
1.21304
1.21433
1.21561
1.2169
1.21819
1.21948
1.22077
1.22206
1.22335
1.22465
1.22594
1.22724
1.22854
1.22984
1.23114
1.23245
1.23375
1.23506
1.23637
1.23768
1.23899
1.2403
1.24161
1.24292
1.24424
1.24556
1.24688
1.2482
1.24952
1.25084
1.25216
1.25349
1.25482
1.25615
1.25748
1.25881
1.26014
1.26147
1.26281
1.26415
1.26549
1.26683
1.26817
1.26951
1.27085
1.2722
1.27355
1.2749
1.27625
1.2776
1.27895
1.2803
1.28166
1.28302
1.28438
1.28574
1.2871
1.28846
1.28982
1.29119
1.29255
1.29392
1.29529
1.29666
1.29803
1.2994
1.30077
1.30215
1.30352
1.3049
1.30627
1.30764
1.309
1.31037
1.31173
1.31309
1.31444
1.3158
1.31716
1.31852
1.31988
1.32125
1.32261
1.32397
1.32534
1.3267
1.32807
1.32943
1.3308
1.33217
1.33354
1.33491
1.33628
1.33765
1.33902
1.34039
1.34176
1.34313
1.3445
1.34587
1.34725
1.34862
1.34999
1.35137
1.35274
1.35412
1.35549
1.35687
1.35824
1.35962
1.361
1.36238
1.36376
1.36513
1.36651
1.36789
1.36928
1.37066
1.37204
1.37342
1.37481
1.37619
1.37758
1.37896
1.38035
1.38174
1.38313
1.38452
1.38591
1.3873
1.38869
1.39009
1.39148
1.39288
1.39428
1.39568
1.39708
1.39848
1.39988
1.40128
1.40269
1.40409
1.4055
1.40691
1.40832
1.40973
1.41115
1.41256
1.41398
1.4154
1.41682
1.41824
1.41967
1.42109
1.42252
1.42395
1.42538
1.42681
1.42825
1.42968
1.43112
1.43256
1.434
1.43545
1.43689
1.43834
1.43979
1.44124
1.44269
1.44415
1.44561
1.44707
1.44853
1.44999
1.45146
1.45293
1.4544
1.45587
1.45734
1.45882
1.4603
1.46178
1.46326
1.46475
1.46624
1.46773
1.46922
1.47072
1.47221
1.47371
1.47521
1.47672
1.47822
1.47973
1.48124
1.48275
1.48427
1.48579
1.48731
1.48883
1.49035
1.49188
1.49341
1.49494
1.49648
1.49801
1.49955
1.50109
1.50264
1.50418
1.50573
1.50728
1.50883
1.51039
1.51195
1.51351
1.51507
1.51663
1.5182
1.51977
1.52134
1.52292
1.52449
1.52607
1.52765
1.52924
1.53082
1.53241
1.534
1.53559
1.53719
1.53879
1.54039
1.54199
1.54359
1.5452
1.54681
1.54842
1.55004
1.55165
1.55327
1.55489
1.55651
1.55814
1.55977
1.5614
1.56303
1.56466
1.5663
1.56794
1.56958
1.57122
1.57287
1.57452
1.57617
1.57782
1.57948
1.58113
1.58279
1.58445
1.58612
1.58779
1.58945
1.59112
1.5928
1.59447
1.59615
1.59783
1.59951
1.6012
1.60288
1.60457
1.60626
1.60795
1.60965
1.61134
1.61304
1.61474
1.61645
1.61815
1.61986
1.62156
1.62326
1.62496
1.62666
1.62836
1.63005
1.63175
1.63344
1.63513
1.63682
1.63851
1.6402
1.64189
1.64358
1.64526
1.64695
1.64864
1.65033
1.65202
1.65371
1.6554
1.65709
1.65879
1.66048
1.66218
1.66388
1.66559
1.66729
1.669
1.67071
1.67241
1.67412
1.67583
1.67754
1.67926
1.68097
1.68268
1.68439
1.6861
1.68781
1.68952
1.69123
1.69294
1.69464
1.69635
1.69805
1.69976
1.70146
1.70316
1.70486
1.70656
1.70826
1.70996
1.71165
1.71334
1.71503
1.71671
1.71839
1.72007
1.72174
1.72341
1.72508
1.72674
1.7284
1.73006
1.73171
1.73336
1.73501
1.73665
1.73829
1.73993
1.74157
1.7432
1.74483
1.74645
1.74808
1.7497
1.75131
1.75293
1.75454
1.75615
1.75776
1.75936
1.76097
1.76257
1.76416
1.76575
1.76734
1.76893
1.77051
1.77209
1.77367
1.77524
1.77681
1.77837
1.77993
1.78149
1.78304
1.78459
1.78613
1.78767
1.78921
1.79074
1.79227
1.79379
1.79531
1.79682
1.79834
1.79984
1.80135
1.80285
1.80434
1.80583
1.80732
1.8088
1.81028
1.81176
1.81323
1.81469
1.81616
1.81761
1.81907
1.82052
1.82196
1.82341
1.82485
1.82628
1.82772
1.82915
1.83057
1.83199
1.83341
1.83483
1.83624
1.83765
1.83906
1.84047
1.84187
1.84326
1.84466
1.84605
1.84744
1.84883
1.85021
1.85159
1.85297
1.85434
1.85571
1.85708
1.85845
1.85981
1.86118
1.86253
1.86389
1.86524
1.8666
1.86795
1.86929
1.87064
1.87198
1.87332
1.87466
1.876
1.87734
1.87867
1.88001
1.88134
1.88267
1.884
1.88533
1.88665
1.88798
1.8893
1.89062
1.89195
1.89327
1.89459
1.89591
1.89722
1.89854
1.89986
1.90117
1.90249
1.9038
1.90511
1.90643
1.90774
1.90905
1.91036
1.91167
1.91298
1.91429
1.9156
1.9169
1.91821
1.91952
1.92082
1.92213
1.92344
1.92474
1.92605
1.92735
1.92866
1.92997
1.93127
1.93258
1.93388
1.93519
1.93649
1.9378
1.93911
1.94042
1.94172
1.94303
1.94434
1.94565
1.94696
1.94827
1.94957
1.95088
1.9522
1.95351
1.95482
1.95613
1.95744
1.95875
1.96007
1.96138
1.96269
1.96401
1.96532
1.96664
1.96796
1.96927
1.97059
1.97191
1.97323
1.97454
1.97586
1.97718
1.9785
1.97983
1.98115
1.98247
1.98379
1.98512
1.98644
1.98777
1.98909
1.99042
1.99175
1.99308
1.99441
1.99574
1.99707
1.9984
1.99973
2.00106
2.0024
2.00373
2.00507
2.0064
2.00774
2.00908
2.01041
2.01175
2.01309
2.01443
2.01578
2.01712
2.01846
2.0198
2.02115
2.02249
2.02384
2.02519
2.02654
2.02788
2.02923
2.03058
2.03193
2.03328
2.03464
2.03599
2.03734
2.0387
2.04005
2.04141
2.04276
2.04412
2.04548
2.04684
2.04819
2.04955
2.0509
2.05226
2.05361
2.05496
2.0563
2.05765
2.05899
2.06033
2.06167
2.06301
2.06435
2.06568
2.06702
2.06835
2.06969
2.07102
2.07235
2.07369
2.07502
2.07636
2.0777
2.07903
2.08037
2.08171
2.08305
2.08438
2.08572
2.08706
2.08841
2.08975
2.09109
2.09243
2.09378
2.09512
2.09647
2.09782
2.09916
2.10051
2.10187
2.10322
2.10457
2.10593
2.10728
2.10864
2.11
2.11136
2.11272
2.11409
2.11545
2.11682
2.11819
2.11956
2.12094
2.12231
2.12369
2.12507
2.12645
2.12783
2.12921
2.1306
2.13199
2.13338
2.13477
2.13616
2.13756
2.13895
2.14035
2.14175
2.14316
2.14456
2.14597
2.14737
2.14878
2.15019
2.15161
2.15302
2.15444
2.15586
2.15728
2.1587
2.16012
2.16154
2.16297
2.1644
2.16583
2.16726
2.16869
2.17012
2.17155
2.17299
2.17442
2.17586
2.1773
2.17874
2.18018
2.18163
2.18307
2.18452
2.18596
2.18741
2.18886
2.19031
2.19176
2.19321
2.19466
2.19612
2.19757
2.19903
2.20048
2.20194
2.2034
2.20486
2.20632
2.20778
2.20924
2.21069
2.21214
2.21358
2.21503
2.21647
2.21791
2.21935
2.22079
2.22224
2.22368
2.22513
2.22657
2.22802
2.22947
2.23092
2.23237
2.23382
2.23528
2.23673
2.23819
2.23964
2.2411
2.24256
2.24402
2.24548
2.24694
2.2484
2.24986
2.25133
2.25279
2.25426
2.25572
2.25719
2.25866
2.26013
2.2616
2.26307
2.26454
2.26602
2.26749
2.26897
2.27044
2.27192
2.2734
2.27488
2.27636
2.27784
2.27932
2.2808
2.28229
2.28377
2.28526
2.28675
2.28824
2.28973
2.29122
2.29271
2.29421
2.2957
2.2972
2.2987
2.3002
2.3017
2.3032
2.3047
2.30621
2.30772
2.30922
2.31073
2.31224
2.31375
2.31527
2.31678
2.3183
2.31982
2.32134
2.32286
2.32438
2.32591
2.32743
2.32896
2.33049
2.33202
2.33356
2.33509
2.33663
2.33817
2.33971
2.34126
2.3428
2.34435
2.3459
2.34745
2.349
2.35056
2.35212
2.35367
2.35524
2.3568
2.35836
2.35993
2.3615
2.36307
2.36465
2.36622
2.3678
2.36938
2.37097
2.37255
2.37414
2.37573
2.37732
2.37891
2.38051
2.38211
2.38371
2.38531
2.38692
2.38852
2.39013
2.39174
2.39336
2.39497
2.39659
2.39821
2.39984
2.40146
2.40309
2.40472
2.40635
2.40799
2.40962
2.41126
2.41291
2.41455
2.4162
2.41784
2.4195
2.42115
2.4228
2.42446
2.42612
2.42779
2.42945
2.43112
2.43279
2.43446
2.43613
2.43781
2.43949
2.44117
2.44285
2.44454
2.44622
2.44791
2.4496
2.4513
2.453
2.45469
2.45639
2.4581
2.4598
2.46151
2.46322
2.46493
2.46665
2.46836
2.47008
2.4718
2.47353
2.47525
2.47698
2.47871
2.48044
2.48217
2.48391
2.48564
2.48738
2.48913
2.49087
2.49262
2.49436
2.49611
2.49787
2.49962
2.50138
2.50313
2.50489
2.50666
2.50842
2.51019
2.51196
2.51373
2.5155
2.51727
2.51905
2.52083
2.52261
2.52439
2.52617
2.52796
2.52975
2.53154
2.53333
2.53512
2.53692
2.53872
2.54052
2.54232
2.54412
2.54593
2.54774
2.54954
2.55136
2.55317
2.55498
2.5568
2.55862
2.56044
2.56225
2.56406
2.56587
2.56767
2.56947
2.57126
2.57306
2.57484
2.57663
2.5784
2.58018
2.58195
2.58372
2.58549
2.58725
2.58902
2.59078
2.59254
2.5943
2.59606
2.59782
2.59958
2.60134
2.60311
2.60487
2.60664
2.6084
2.61017
2.61194
2.6137
2.61547
2.61724
2.619
2.62077
2.62254
2.6243
2.62606
2.62783
2.62959
2.63135
2.6331
2.63486
2.63662
2.63837
2.64013
2.64188
2.64363
2.64538
2.64712
2.64887
2.65061
2.65236
2.6541
2.65584
2.65758
2.65931
2.66105
2.66278
2.6645
2.66622
2.66793
2.66964
2.67134
2.67304
2.67473
2.67641
2.67809
2.67977
2.68144
2.68311
2.68477
2.68642
2.68808
2.68973
2.69137
2.69301
2.69465
2.69628
2.69791
2.69954
2.70117
2.70279
2.70441
2.70602
2.70764
2.70925
2.71086
2.71246
2.71406
2.71566
2.71725
2.71884
2.72043
2.72201
2.72359
2.72517
2.72674
2.7283
2.72986
2.73141
2.73295
2.73448
2.73601
2.73753
2.73905
2.74056
2.74207
2.74357
2.74506
2.74656
2.74804
2.74952
2.751
2.75247
2.75394
2.75541
2.75687
2.75833
2.75979
2.76124
2.76269
2.76414
2.76558
2.76702
2.76846
2.7699
2.77133
2.77277
2.77419
2.77562
2.77704
2.77846
2.77988
2.78129
2.7827
2.78411
2.78552
2.78692
2.78831
2.78971
2.7911
2.79249
2.79388
2.79526
2.79664
2.79802
2.79939
2.80076
2.80213
2.8035
2.80486
2.80622
2.80758
2.80893
2.81029
2.81164
2.81299
2.81434
2.81568
2.81702
2.81836
2.8197
2.82104
2.82238
2.82371
2.82504
2.82637
2.8277
2.82903
2.83035
2.83168
2.833
2.83432
2.83564
2.83695
2.83827
2.83958
2.8409
2.84221
2.84352
2.84483
2.84614
2.84744
2.84875
2.85005
2.85135
2.85266
2.85396
2.85526
2.85655
2.85785
2.85915
2.86044
2.86174
2.86303
2.86432
2.86561
2.8669
2.86819
2.86948
2.87077
2.87205
2.87334
2.87463
2.87591
2.87719
2.87848
2.87976
2.88104
2.88232
2.8836
2.88488
2.88616
2.88744
2.88872
2.89
2.89127
2.89255
2.89383
2.8951
2.89638
2.89766
2.89893
2.9002
2.90148
2.90275
2.90403
2.9053
2.90657
2.90785
2.90912
2.91039
2.91166
2.91294
2.91421
2.91548
2.91675
2.91802
2.9193
2.92057
2.92184
2.92311
2.92438
2.92565
2.92693
2.9282
2.92947
2.93074
2.93201
2.93329
2.93456
2.93583
2.93711
2.93838
2.93965
2.94093
2.9422
2.94348
2.94475
2.94603
2.9473
2.94858
2.94985
2.95113
2.95241
2.95369
2.95496
2.95624
2.95752
2.9588
2.96008
2.96136
2.96264
2.96392
2.9652
2.96648
2.96776
2.96905
2.97033
2.97161
2.97289
2.97418
2.97546
2.97674
2.97803
2.97931
2.9806
2.98188
2.98316
2.98444
2.98571
2.98698
2.98824
2.98951
2.99077
2.99203
2.99328
2.99454
2.9958
2.99706
2.99831
2.99957
3.00083
3.00208
3.00334
3.00459
3.00585
3.0071
3.00835
3.00961
3.01086
3.01211
3.01336
3.01462
3.01587
3.01712
3.01836
3.01961
3.02086
3.0221
3.02335
3.0246
3.02584
3.02708
3.02833
3.02958
3.03082
3.03207
3.03331
3.03456
3.03581
3.03706
3.03831
3.03956
3.04081
3.04206
3.04331
3.04456
3.04581
3.04707
3.04832
3.04958
3.05083
3.05209
3.05334
3.0546
3.05586
3.05711
3.05837
3.05963
3.06089
3.06215
3.06342
3.06468
3.06595
3.06722
3.06849
3.06976
3.07103
3.07231
3.07359
3.07487
3.07615
3.07744
3.07873
3.08002
3.08131
3.0826
3.0839
3.0852
3.08651
3.08781
3.08912
3.09042
3.09172
3.09302
3.09431
3.09561
3.0969
3.0982
3.09949
3.10079
3.1021
3.1034
3.10471
3.10601
3.10733
3.10864
3.10996
3.11127
3.11259
3.11391
3.11524
3.11656
3.11788
3.11921
3.12054
3.12187
3.1232
3.12453
3.12586
3.12719
3.12852
3.12986
3.13119
3.13252
3.13386
3.13519
3.13653
3.13786
3.1392
3.14054
3.14188
3.14321
3.14455
3.14589
3.14723
3.14857
3.14991
3.15125
3.15259
3.15394
3.15528
3.15662
3.15797
3.15931
3.16065
3.162
3.16334
3.16469
3.16604
3.16738
3.16873
3.17008
3.17143
3.17278
3.17413
3.17548
3.17683
3.17818
3.17953
3.18088
3.18224
3.18359
3.18495
3.1863
3.18766
3.18901
3.19037
3.19173
3.19309
3.19445
3.19581
3.19717
3.19853
3.19989
3.20125
3.20262
3.20398
3.20535
3.20672
3.20808
3.20945
3.21082
3.21219
3.21356
3.21493
3.21631
3.21768
3.21906
3.22043
3.22181
3.22319
3.22457
3.22595
3.22733
3.22871
3.2301
3.23148
3.23287
3.23426
3.23565
3.23704
3.23843
3.23982
3.24122
3.24261
3.24401
3.24541
3.24681
3.24822
3.24962
3.25103
3.25243
3.25384
3.25525
3.25666
3.25808
3.25949
3.26091
3.26233
3.26375
3.26517
3.26659
3.26802
3.26944
3.27087
3.2723
3.27373
3.27517
3.2766
3.27804
3.27948
3.28092
3.28237
3.28381
3.28526
3.28671
3.28816
3.28961
3.29107
3.29252
3.29398
3.29544
3.2969
3.29837
3.29983
3.3013
3.30277
3.30424
3.30572
3.30719
3.30867
3.31015
3.31163
3.31312
3.3146
3.31609
3.31758
3.31907
3.32057
3.32206
3.32356
3.32506
3.32657
3.32807
3.32958
3.33109
3.3326
3.33411
3.33562
3.33714
3.33866
3.34018
3.34171
3.34323
3.34476
3.34629
3.34782
3.34935
3.35089
3.35243
3.35397
3.35551
3.35706
3.3586
3.36015
3.3617
3.36326
3.36481
3.36637
3.36793
3.36949
3.37106
3.37262
3.37419
3.37576
3.37733
3.37891
3.38049
3.38207
3.38365
3.38523
3.38682
3.3884
3.38999
3.39159
3.39318
3.39478
3.39638
3.39798
3.39958
3.40119
3.40279
3.4044
3.40601
3.40763
3.40925
3.41086
3.41248
3.41411
3.41573
3.41736
3.41899
3.42062
3.42225
3.42389
3.42553
3.42717
3.42881
3.43045
3.4321
3.43375
3.4354
3.43705
3.43871
3.44037
3.44202
3.44369
3.44535
3.44702
3.44869
3.45036
3.45203
3.4537
3.45538
3.45706
3.45874
3.46042
3.46211
3.4638
3.46549
3.46718
3.46887
3.47057
3.47227
3.47397
3.47567
3.47738
3.47908
3.48079
3.48251
3.48422
3.48594
3.48765
3.48937
3.4911
3.49282
3.49455
3.49628
3.49801
3.49974
3.50148
3.50321
3.50495
3.5067
3.50844
3.51019
3.51193
3.51368
3.51544
3.51719
3.51894
3.52069
3.52243
3.52417
3.52591
3.52763
3.52936
3.53108
3.5328
3.53451
3.53621
3.53792
3.53962
3.54132
3.54301
3.5447
3.54639
3.54808
3.54977
3.55147
3.55316
3.55485
3.55654
3.55824
3.55994
3.56164
3.56334
3.56504
3.56675
3.56845
3.57016
3.57186
3.57357
3.57527
3.57698
3.57868
3.58039
3.58209
3.58379
3.5855
3.5872
3.5889
3.59059
3.59229
3.59399
3.59568
3.59737
3.59906
3.60075
3.60244
3.60412
3.60581
3.60749
3.60918
3.61086
3.61254
3.61422
3.6159
3.61758
3.61927
3.62094
3.62262
3.62429
3.62595
3.62762
3.62927
3.63092
3.63257
3.63421
3.63585
3.63749
3.63911
3.64074
3.64236
3.64398
3.64559
3.6472
3.64881
3.65041
3.65201
3.65361
3.65521
3.6568
3.65839
3.65998
3.66156
3.66315
3.66473
3.66631
3.66788
3.66946
3.67103
3.67259
3.67416
3.67572
3.67727
3.67882
3.68037
3.68191
3.68345
3.68498
3.68651
3.68803
3.68955
3.69106
3.69257
3.69407
3.69557
3.69707
3.69855
3.70002
3.70149
3.70295
3.70441
3.70585
3.70729
3.70873
3.71016
3.71158
3.713
3.71442
3.71583
3.71723
3.71863
3.72003
3.72142
3.7228
3.72419
3.72557
3.72694
3.72831
3.72968
3.73105
3.73241
3.73377
3.73513
3.73648
3.73783
3.73918
3.74053
3.74187
3.74321
3.74454
3.74587
3.7472
3.74853
3.74985
3.75116
3.75248
3.75379
3.75509
3.7564
3.7577
3.75899
3.76028
3.76157
3.76286
3.76414
3.76542
3.76669
3.76797
3.76924
3.7705
3.77176
3.77302
3.77428
3.77554
3.77679
3.77804
3.77928
3.78053
3.78177
3.783
3.78424
3.78547
3.78671
3.78794
3.78916
3.79039
3.79161
3.79283
3.79405
3.79526
3.79648
3.79769
3.7989
3.80011
3.80131
3.80252
3.80372
3.80492
3.80612
3.80731
3.80851
3.8097
3.81089
3.81208
3.81327
3.81445
3.81564
3.81682
3.818
3.81918
3.82036
3.82153
3.82271
3.82388
3.82505
3.82622
3.82739
3.82856
3.82972
3.83089
3.83205
3.83321
3.83438
3.83554
3.83669
3.83785
3.83901
3.84016
3.84132
3.84247
3.84363
3.84478
3.84593
3.84708
3.84823
3.84938
3.85053
3.85168
3.85282
3.85397
3.85512
3.85626
3.85741
3.85855
3.85969
3.86084
3.86198
3.86312
3.86426
3.8654
3.86654
3.86768
3.86882
3.86996
3.8711
3.87224
3.87337
3.87451
3.87565
3.87678
3.87792
3.87905
3.88019
3.88133
3.88246
3.8836
3.88473
3.88587
3.887
3.88814
3.88927
3.89041
3.89154
3.89268
3.89381
3.89495
3.89608
3.89722
3.89835
3.89949
3.90062
3.90176
3.90289
3.90403
3.90517
3.90631
3.90744
3.90858
3.90972
3.91086
3.912
3.91314
3.91428
3.91542
3.91656
3.9177
3.91884
3.91998
3.92112
3.92227
3.92341
3.92455
3.9257
3.92684
3.92798
3.92913
3.93028
3.93142
3.93257
3.93372
3.93486
3.93601
3.93716
3.93831
3.93945
3.9406
3.94174
3.94288
3.94402
3.94516
3.94629
3.94742
3.94855
3.94968
3.95081
3.95194
3.95307
3.95419
3.95532
3.95645
3.95758
3.9587
3.95983
3.96096
3.96208
3.96321
3.96433
3.96546
3.96658
3.9677
3.96883
3.96995
3.97108
3.97221
3.97333
3.97446
3.97559
3.97672
3.97785
3.97898
3.98011
3.98124
3.98237
3.98351
3.98464
3.98578
3.98692
3.98806
3.9892
3.99034
3.99148
3.99263
3.99377
3.99492
3.99607
3.99722
3.99837
3.99952
4.00068
4.00183
4.00299
4.00415
4.00531
4.00648
4.00764
4.00881
4.00997
4.01114
4.01231
4.01348
4.01464
4.0158
4.01695
4.01809
4.01923
4.02037
4.02151
4.02264
4.02378
4.02492
4.02606
4.0272
4.02835
4.02949
4.03063
4.03178
4.03293
4.03408
4.03523
4.03638
4.03754
4.03869
4.03985
4.041
4.04216
4.04332
4.04448
4.04564
4.0468
4.04796
4.04913
4.05029
4.05145
4.05261
4.05378
4.05494
4.0561
4.05727
4.05843
4.0596
4.06076
4.06193
4.06309
4.06426
4.06542
4.06659
4.06775
4.06892
4.07009
4.07125
4.07242
4.07359
4.07475
4.07592
4.07709
4.07826
4.07943
4.0806
4.08177
4.08294
4.08411
4.08528
4.08645
4.08762
4.08879
4.08997
4.09114
4.09231
4.09349
4.09466
4.09583
4.09701
4.09818
4.09936
4.10054
4.10171
4.10289
4.10407
4.10525
4.10643
4.1076
4.10878
4.10997
4.11115
4.11233
4.11351
4.11469
4.11588
4.11706
4.11825
4.11943
4.12062
4.1218
4.12299
4.12417
4.12536
4.12655
4.12774
4.12892
4.13011
4.1313
4.13249
4.13368
4.13488
4.13607
4.13726
4.13845
4.13965
4.14084
4.14204
4.14324
4.14444
4.14564
4.14684
4.14804
4.14924
4.15044
4.15165
4.15285
4.15406
4.15526
4.15647
4.15768
4.15889
4.1601
4.16131
4.16252
4.16373
4.16495
4.16617
4.16738
4.1686
4.16982
4.17104
4.17226
4.17349
4.17471
4.17594
4.17716
4.17839
4.17962
4.18085
4.18208
4.18332
4.18455
4.18579
4.18702
4.18826
4.1895
4.19074
4.19199
4.19323
4.19448
4.19572
4.19697
4.19822
4.19947
4.20072
4.20198
4.20323
4.20449
4.20575
4.20701
4.20827
4.20953
4.2108
4.21206
4.21333
4.2146
4.21587
4.21715
4.21842
4.2197
4.22097
4.22225
4.22353
4.22481
4.2261
4.22738
4.22867
4.22996
4.23125
4.23254
4.23383
4.23513
4.23642
4.23772
4.23902
4.24032
4.24162
4.24293
4.24424
4.24554
4.24685
4.24816
4.24948
4.25079
4.25211
4.25343
4.25475
4.25607
4.25739
4.25872
4.26004
4.26137
4.2627
4.26403
4.26537
4.2667
4.26804
4.26938
4.27072
4.27206
4.27341
4.27475
4.2761
4.27745
4.2788
4.28015
4.28151
4.28286
4.28422
4.28558
4.28694
4.28831
4.28967
4.29104
4.29241
4.29378
4.29515
4.29652
4.2979
4.29928
4.30066
4.30204
4.30342
4.30481
4.30619
4.30758
4.30897
4.31036
4.31176
4.31315
4.31455
4.31595
4.31735
4.31876
4.32016
4.32157
4.32298
4.32439
4.3258
4.32721
4.32863
4.33005
4.33147
4.33289
4.33431
4.33574
4.33717
4.3386
4.34003
4.34146
4.34289
4.34433
4.34577
4.34721
4.34865
4.3501
4.35154
4.35299
4.35444
4.3559
4.35735
4.35881
4.36026
4.36172
4.36319
4.36465
4.36612
4.36758
4.36905
4.37052
4.372
4.37347
4.37495
4.37643
4.37791
4.37939
4.38088
4.38237
4.38386
4.38535
4.38684
4.38833
4.38983
4.39133
4.39283
4.39434
4.39584
4.39735
4.39886
4.40037
4.40188
4.4034
4.40491
4.40643
4.40795
4.40948
4.411
4.41253
4.41406
4.41559
4.41712
4.41866
4.4202
4.42174
4.42328
4.42482
4.42637
4.42791
4.42946
4.43102
4.43257
4.43413
4.43568
4.43724
4.43881
4.44037
4.44193
4.44348
4.44504
4.4466
4.44815
4.4497
4.45125
4.4528
4.45435
4.4559
4.45745
4.45899
4.46054
4.46208
4.46363
4.46517
4.46672
4.46826
4.4698
4.47135
4.4729
4.47445
4.476
4.47755
4.4791
4.48065
4.48221
4.48377
4.48533
4.48689
4.48846
4.49002
4.49159
4.49316
4.49473
4.4963
4.49787
4.49944
4.50101
4.50258
4.50415
4.50572
4.50729
4.50886
4.51043
4.51199
4.51355
4.51511
4.51667
4.51822
4.51977
4.52131
4.52285
4.52439
4.52593
4.52746
4.52898
4.5305
4.53202
4.53354
4.53505
4.53656
4.53807
4.53957
4.54107
4.54256
4.54406
4.54555
4.54704
4.54852
4.55001
4.55149
4.55297
4.55445
4.55592
4.55739
4.55886
4.56033
4.5618
4.56326
4.56472
4.56618
4.56763
4.56908
4.57053
4.57198
4.57342
4.57486
4.5763
4.57774
4.57917
4.58059
4.58202
4.58344
4.58485
4.58627
4.58768
4.58908
4.59048
4.59188
4.59328
4.59467
4.59605
4.59744
4.59881
4.60019
4.60156
4.60293
4.60429
4.60565
4.60701
4.60836
4.60971
4.61106
4.61241
4.61375
4.61509
4.61642
4.61775
4.61908
4.62041
4.62173
4.62305
4.62437
4.62569
4.627
4.62831
4.62961
4.63092
4.63222
4.63351
4.63481
4.6361
4.63739
4.63868
4.63996
4.64124
4.64252
4.6438
4.64508
4.64635
4.64762
4.64889
4.65016
4.65143
4.65269
4.65395
4.65521
4.65647
4.65772
4.65898
4.66023
4.66148
4.66273
4.66397
4.66522
4.66646
4.6677
4.66894
4.67018
4.67142
4.67265
4.67388
4.67512
4.67635
4.67758
4.67881
4.68003
4.68126
4.68248
4.68371
4.68493
4.68615
4.68738
4.6886
4.68982
4.69104
4.69225
4.69347
4.69469
4.69591
4.69712
4.69834
4.69955
4.70076
4.70197
4.70319
4.70439
4.7056
4.70681
4.70802
4.70923
4.71043
4.71164
4.71284
4.71405
4.71525
4.71645
4.71766
4.71886
4.72006
4.72126
4.72246
4.72366
4.72486
4.72606
4.72726
4.72846
4.72966
4.73086
4.73206
4.73325
4.73445
4.73565
4.73684
4.73804
4.73923
4.74043
4.74162
4.74282
4.74401
4.74521
4.7464
4.7476
4.74879
4.74999
4.75118
4.75238
4.75357
4.75477
4.75596
4.75716
4.75835
4.75955
4.76075
4.76194
4.76314
4.76434
4.76554
4.76673
4.76793
4.76913
4.77033
4.77153
4.77273
4.77394
4.77514
4.77634
4.77754
4.77875
4.77995
4.78116
4.78237
4.78357
4.78478
4.78599
4.7872
4.78841
4.78962
4.79083
4.79204
4.79325
4.79447
4.79568
4.7969
4.79812
4.79933
4.80055
4.80177
4.80299
4.80422
4.80544
4.80666
4.80789
4.80912
4.81035
4.81158
4.81281
4.81405
4.81528
4.81652
4.81776
4.81899
4.82024
4.82148
4.82272
4.82397
4.82521
4.82646
4.82771
4.82896
4.83021
4.83146
4.83272
4.83397
4.83523
4.83649
4.83775
4.83901
4.84027
4.84153
4.84279
4.84406
4.84532
4.84659
4.84785
4.84912
4.85039
4.85166
4.85293
4.8542
4.85548
4.85675
4.85803
4.85931
4.86058
4.86186
4.86314
4.86442
4.86571
4.86699
4.86827
4.86956
4.87084
4.87213
4.87342
4.87471
4.876
4.87729
4.87858
4.87988
4.88117
4.88247
4.88376
4.88506
4.88636
4.88766
4.88896
4.89026
4.89156
4.89287
4.89417
4.89548
4.89678
4.89809
4.8994
4.90071
4.90203
4.90334
4.90466
4.90597
4.90729
4.90861
4.90993
4.91125
4.91258
4.9139
4.91523
4.91656
4.91789
4.91922
4.92055
4.92189
4.92322
4.92456
4.9259
4.92724
4.92858
4.92992
4.93127
4.93262
4.93397
4.93532
4.93667
4.93802
4.93938
4.94074
4.94209
4.94346
4.94482
4.94618
4.94755
4.94891
4.95028
4.95165
4.95303
4.9544
4.95578
4.95716
4.95854
4.95992
4.9613
4.96269
4.96407
4.96546
4.96685
4.96825
4.96964
4.97104
4.97243
4.97383
4.97524
4.97664
4.97805
4.97945
4.98086
4.98227
4.98369
4.9851
4.98652
4.98794
4.98936
4.99078
4.99221
4.99364
4.99507
4.9965
4.99793
4.99937
5.0008
5.00224
5.00368
5.00513
5.00657
5.00802
5.00947
5.01092
5.01237
5.01382
5.01528
5.01674
5.0182
5.01966
5.02113
5.02259
5.02406
5.02553
5.02699
5.02845
5.0299
5.03135
5.03279
5.03424
5.03568
5.03713
5.03858
5.04003
5.04148
5.04293
5.04439
5.04585
5.04731
5.04877
5.05023
5.0517
5.05317
5.05464
5.05611
5.05758
5.05905
5.06053
5.06201
5.06349
5.06497
5.06645
5.06793
5.06942
5.07091
5.0724
5.07389
5.07538
5.07687
5.07837
5.07987
5.08137
5.08287
5.08437
5.08587
5.08738
5.08889
5.0904
5.09191
5.09342
5.09493
5.09645
5.09797
5.09949
5.10101
5.10253
5.10405
5.10558
5.10711
5.10864
5.11017
5.11171
5.11324
5.11478
5.11632
5.11786
5.11941
5.12096
5.1225
5.12405
5.12561
5.12716
5.12872
5.13028
5.13184
5.1334
5.13497
5.13654
5.13811
5.13968
5.14126
5.14283
5.14441
5.146
5.14758
5.14917
5.15076
5.15235
5.15394
5.15554
5.15714
5.15874
5.16034
5.16195
5.16355
5.16516
5.16678
5.16839
5.17001
5.17163
5.17325
5.17488
5.17651
5.17814
5.17977
5.1814
5.18304
5.18468
5.18632
5.18797
5.18962
5.19127
5.19292
5.19457
5.19623
5.19789
5.19955
5.20122
5.20289
5.20456
5.20623
5.20791
5.20958
5.21126
5.21295
5.21463
5.21632
5.21801
5.2197
5.2214
5.2231
5.2248
5.2265
5.2282
5.22991
5.23162
5.23334
5.23505
5.23677
5.23849
5.24021
5.24194
5.24367
5.2454
5.24713
5.24886
5.2506
5.25234
5.25409
5.25583
5.25758
5.25933
5.26108
5.26284
5.26459
5.26635
5.26811
5.26987
5.27162
5.27338
5.27513
5.27688
5.27863
5.28038
5.28213
5.28388
5.28563
5.28738
5.28913
5.29087
5.29262
5.29437
5.29612
5.29787
5.29962
5.30137
5.30313
5.30489
5.30665
5.30841
5.31018
5.31195
5.31372
5.31549
5.31727
5.31905
5.32083
5.32261
5.32439
5.32617
5.32796
5.32974
5.33153
5.33331
5.3351
5.33689
5.33867
5.34046
5.34224
5.34403
5.34581
5.3476
5.34938
5.35116
5.35294
5.35473
5.35651
5.35828
5.36006
5.36184
5.36362
5.3654
5.36717
5.36895
5.37072
5.37249
5.37427
5.37604
5.37781
5.37958
5.38135
5.38312
5.38489
5.38665
5.38841
5.39016
5.39192
5.39367
5.39542
5.39716
5.3989
5.40064
5.40237
5.40411
5.40583
5.40756
5.40928
5.411
5.41272
5.41444
5.41615
5.41786
5.41957
5.42127
5.42298
5.42468
5.42638
5.42808
5.42977
5.43146
5.43315
5.43484
5.43652
5.4382
5.43988
5.44155
5.44322
5.44489
5.44655
5.44821
5.44986
5.45151
5.45316
5.45481
5.45644
5.45808
5.45971
5.46134
5.46296
5.46458
5.46619
5.4678
5.4694
5.471
5.4726
5.47419
5.47578
5.47736
5.47893
5.48051
5.48208
5.48364
5.4852
5.48676
5.48831
5.48985
5.49139
5.49293
5.49446
5.49599
5.49752
5.49904
5.50055
5.50207
5.50358
5.50508
5.50658
5.50808
5.50957
5.51106
5.51254
5.51402
5.5155
5.51697
5.51844
5.5199
5.52136
5.52281
5.52426
5.52571
5.52716
5.5286
5.53003
5.53146
5.53289
5.53432
5.53574
5.53716
5.53857
5.53998
5.54139
5.5428
5.5442
5.5456
5.54699
5.54838
5.54977
5.55116
5.55254
5.55392
5.5553
5.55668
5.55806
5.55943
5.5608
5.56217
5.56354
5.56491
5.56627
5.56764
5.569
5.57036
5.57172
5.57308
5.57444
5.5758
5.57716
5.57852
5.57988
5.58123
5.58259
5.58394
5.58529
5.58665
5.588
5.58935
5.5907
5.59205
5.5934
5.59474
5.59609
5.59743
5.59877
5.60011
5.60145
5.60279
5.60413
5.60546
5.60678
5.60811
5.60943
5.61076
5.61208
5.6134
5.61472
5.61605
5.61737
5.61869
5.62001
5.62134
5.62266
5.62398
5.6253
5.62663
5.62795
5.62928
5.63061
5.63193
5.63326
5.63459
5.63592
5.63725
5.63858
5.63992
5.64125
5.64259
5.64393
5.64526
5.6466
5.64794
5.64929
5.65063
5.65198
5.65332
5.65467
5.65602
5.65737
5.65872
5.66008
5.66143
5.66279
5.66415
5.66551
5.66687
5.66823
5.66959
5.67096
5.67232
5.67369
5.67506
5.67643
5.6778
5.67918
5.68055
5.68193
5.68331
5.68469
5.68607
5.68745
5.68884
5.69022
5.69161
5.693
5.69439
5.69579
5.69718
5.69858
5.69997
5.70137
5.70277
5.70417
5.70558
5.70698
5.70839
5.7098
5.71121
5.71262
5.71403
5.71545
5.71686
5.71828
5.7197
5.72112
5.72254
5.72397
5.72539
5.72682
5.72825
5.72967
5.7311
5.73254
5.73397
5.7354
5.73684
5.73828
5.73971
5.74115
5.74259
5.74404
5.74548
5.74692
5.74837
5.74982
5.75127
5.75271
5.75417
5.75562
5.75707
5.75852
5.75998
5.76143
5.76289
5.76435
5.76581
5.76727
5.76873
5.77019
5.77165
5.77312
5.77458
5.77605
5.77751
5.77898
5.78045
5.78192
5.78339
5.78486
5.78633
5.7878
5.78928
5.79075
5.79222
5.7937
5.79517
5.79665
5.79812
5.7996
5.80108
5.80255
5.80403
5.8055
5.80697
5.80843
5.80989
5.81134
5.81279
5.81424
5.81569
5.81713
5.81858
5.82002
5.82146
5.8229
5.82434
5.82577
5.82721
5.82864
5.83008
5.83151
5.83294
5.83438
5.83581
5.83724
5.83867
5.84011
5.84154
5.84297
5.84441
5.84584
5.84728
5.84871
5.85015
5.85158
5.85302
5.85444
5.85586
5.85728
5.85868
5.86009
5.8615
5.8629
5.86431
5.86572
5.86713
5.86854
5.86996
5.87137
5.87279
5.87421
5.87564
5.87706
5.87849
5.87992
5.88135
5.88279
5.88422
5.88566
5.8871
5.88855
5.88999
5.89144
5.89289
5.89434
5.89579
5.89724
5.8987
5.90015
5.90161
5.90307
5.90453
5.906
5.90746
5.90892
5.91039
5.91185
5.91332
5.91479
5.91626
5.91773
5.9192
5.92066
5.92213
5.9236
5.92507
5.92654
5.92801
5.92948
5.93096
5.93243
5.9339
5.93537
5.93684
5.93831
5.93978
5.94126
5.94273
5.9442
5.94568
5.94715
5.94862
5.9501
5.95157
5.95305
5.95452
5.956
5.95747
5.95895
5.96043
5.9619
5.96338
5.96486
5.96634
5.96782
5.9693
5.97079
5.97227
5.97375
5.97524
5.97673
5.97821
5.9797
5.98119
5.98268
5.98417
5.98566
5.98716
5.98865
5.99015
5.99165
5.99315
5.99465
5.99615
5.99765
5.99915
6.00066
6.00217
6.00368
6.00519
6.0067
6.00821
6.00972
6.01124
6.01276
6.01428
6.0158
6.01732
6.01885
6.02037
6.0219
6.02343
6.02496
6.0265
6.02803
6.02957
6.03111
6.03265
6.03419
6.03574
6.03728
6.03883
6.04038
6.04193
6.04349
6.04504
6.0466
6.04816
6.04972
6.05128
6.05285
6.05442
6.05599
6.05756
6.05913
6.06071
6.06229
6.06387
6.06545
6.06703
6.06862
6.07021
6.0718
6.07339
6.07499
6.07658
6.07818
6.07978
6.08139
6.08299
6.0846
6.08621
6.08782
6.08944
6.09105
6.09267
6.09429
6.09592
6.09754
6.09917
6.1008
6.10243
6.10407
6.1057
6.10734
6.10898
6.11063
6.11227
6.11392
6.11557
6.11722
6.11888
6.12053
6.12219
6.12385
6.12552
6.12718
6.12885
6.13052
6.1322
6.13387
6.13555
6.13723
6.13891
6.1406
6.14228
6.14397
6.14566
6.14736
6.14906
6.15075
6.15246
6.15416
6.15586
6.15757
6.15928
6.161
6.16271
6.16443
6.16615
6.16787
6.16959
6.17132
6.17305
6.17478
6.17652
6.17825
6.17999
6.18173
6.18347
6.18522
6.18697
6.18872
6.19047
6.19223
6.19398
6.19574
6.1975
6.19927
6.20103
6.2028
6.20457
6.20635
6.20812
6.2099
6.21168
6.21346
6.21524
6.21701
6.21879
6.22056
6.22233
6.22411
6.22588
6.22765
6.22941
6.23118
6.23295
6.23471
6.23648
6.23825
6.24001
6.24178
6.24354
6.24531
6.24708
6.24885
6.25062
6.2524
6.25417
6.25595
6.25773
6.25952
6.2613
6.26309
6.26488
6.26666
6.26846
6.27025
6.27204
6.27383
6.27562
6.27741
6.2792
6.281
6.28279
6.28458
6.28636
6.28815
6.28994
6.29172
6.29351
6.29529
6.29707
6.29885
6.30063
6.30241
6.30418
6.30596
6.30773
6.3095
6.31127
6.31304
6.31481
6.31658
6.31835
6.32011
6.32187
6.32362
6.32538
6.32713
6.32887
6.33062
6.33235
6.33409
6.33582
6.33755
6.33928
6.34101
6.34273
6.34445
6.34616
6.34787
6.34958
6.35129
6.35299
6.3547
6.3564
6.35809
6.35979
6.36148
6.36317
6.36486
6.36654
6.36822
6.3699
6.37158
6.37325
6.37492
6.37659
6.37825
6.37991
6.38157
6.38322
6.38487
6.38652
6.38816
6.3898
6.39144
6.39307
6.39469
6.39632
6.39794
6.39955
6.40117
6.40277
6.40438
6.40598
6.40758
6.40917
6.41076
6.41234
6.41392
6.4155
6.41707
6.41864
6.42021
6.42177
6.42333
6.42488
6.42643
6.42797
6.42951
6.43105
6.43258
6.43411
6.43564
6.43716
6.43868
6.44019
6.4417
6.44321
6.44472
6.44622
6.44772
6.44921
6.4507
6.45219
6.45368
6.45516
6.45664
6.45812
6.45959
6.46106
6.46252
6.46399
6.46545
6.46691
6.46836
6.46981
6.47126
6.47271
6.47415
6.47559
6.47703
6.47847
6.4799
6.48133
6.48276
6.48419
6.48561
6.48704
6.48846
6.48988
6.4913
6.49271
6.49413
6.49554
6.49695
6.49836
6.49977
6.50118
6.50258
6.50399
6.50539
6.50679
6.50819
6.50959
6.51099
6.51239
6.51379
6.51519
6.51658
6.51798
6.51937
6.52076
6.52215
6.52354
6.52493
6.52632
6.5277
6.52909
6.53048
6.53186
6.53325
6.53463
6.53601
6.5374
6.53878
6.54016
6.54155
6.54293
6.54431
6.54569
6.54707
6.54846
6.54984
6.55122
6.5526
6.55399
6.55537
6.55676
6.55814
6.55953
6.56091
6.5623
6.56368
6.56507
6.56646
6.56785
6.56924
6.57063
6.57202
6.57341
6.5748
6.5762
6.57759
6.57898
6.58038
6.58178
6.58317
6.58457
6.58597
6.58737
6.58877
6.59017
6.59157
6.59297
6.59437
6.59577
6.59718
6.59858
6.59999
6.60139
6.6028
6.60421
6.60561
6.60702
6.60843
6.60984
6.61126
6.61267
6.61408
6.6155
6.61691
6.61833
6.61974
6.62116
6.62258
6.624
6.62542
6.62684
6.62826
6.62969
6.63111
6.63254
6.63396
6.63539
6.63682
6.63825
6.63968
6.64111
6.64254
6.64397
6.64541
6.64684
6.64828
6.64971
6.65115
6.65259
6.65403
6.65547
6.65691
6.65835
6.65979
6.66123
6.66268
6.66412
6.66557
6.66701
6.66846
6.6699
6.67135
6.67279
6.67423
6.67567
6.67711
6.67855
6.67999
6.68142
6.68285
6.68428
6.68571
6.68714
6.68857
6.69
6.69143
6.69285
6.69428
6.69571
6.69714
6.69856
6.69999
6.70142
6.70285
6.70428
6.70571
6.70714
6.70858
6.71001
6.71144
6.71288
6.71431
6.71575
6.71719
6.71862
6.72006
6.7215
6.72294
6.72439
6.72583
6.72727
6.72872
6.73016
6.73161
6.73306
6.7345
6.73595
6.7374
6.73886
6.74031
6.74176
6.74322
6.74468
6.74614
6.7476
6.74906
6.75052
6.75199
6.75345
6.75492
6.75639
6.75786
6.75934
6.76081
6.76229
6.76377
6.76525
6.76673
6.76821
6.7697
6.77119
6.77267
6.77417
6.77566
6.77715
6.77865
6.78015
6.78164
6.78315
6.78465
6.78615
6.78766
6.78917
6.79068
6.79219
6.7937
6.79521
6.79673
6.79824
6.79976
6.80128
6.8028
6.80433
6.80585
6.80737
6.8089
6.81043
6.81196
6.81349
6.81502
6.81655
6.81809
6.81962
6.82116
6.8227
6.82424
6.82578
6.82732
6.82886
6.83041
6.83195
6.8335
6.83505
6.8366
6.83815
6.8397
6.84125
6.8428
6.84436
6.84591
6.84747
6.84903
6.85059
6.85215
6.85371
6.85527
6.85682
6.85838
6.85992
6.86147
6.86302
6.86456
6.86611
6.86765
6.8692
6.87075
6.87229
6.87384
6.8754
6.87695
6.8785
6.88006
6.88161
6.88317
6.88473
6.88629
6.88785
6.88942
6.89098
6.89255
6.89411
6.89568
6.89725
6.89882
6.90039
6.90197
6.90354
6.90512
6.9067
6.90828
6.90986
6.91144
6.91302
6.9146
6.91619
6.91778
6.91936
6.92095
6.92254
6.92414
6.92573
6.92732
6.92892
6.93052
6.93212
6.93372
6.93532
6.93692
6.93853
6.94013
6.94174
6.94335
6.94496
6.94657
6.94819
6.9498
6.95142
6.95304
6.95466
6.95628
6.95791
6.95953
6.96116
6.96279
6.96442
6.96605
6.96768
6.96932
6.97096
6.9726
6.97424
6.97588
6.97753
6.97918
6.98083
6.98248
6.98413
6.98579
6.98745
6.98911
6.99077
6.99243
6.9941
6.99577
6.99744
6.99911
7.00078
7.00246
7.00414
7.00582
7.0075
7.00919
7.01088
7.01257
7.01426
7.01596
7.01765
7.01935
7.02105
7.02276
7.02446
7.02617
7.02788
7.0296
7.03131
7.03303
7.03475
7.03647
7.0382
7.03992
7.04165
7.04338
7.04512
7.04685
7.04859
7.05033
7.05208
7.05382
7.05557
7.05732
7.05907
7.06083
7.06259
7.06434
7.06611
7.06787
7.06964
7.0714
7.07318
7.07495
7.07672
7.0785
7.08028
7.08206
7.08385
7.08563
7.08742
7.08922
7.09101
7.0928
7.0946
7.0964
7.0982
7.10001
7.10181
7.10362
7.10543
7.10725
7.10906
7.11088
7.1127
7.11452
7.11634
7.11817
7.12
7.12183
7.12366
7.12549
7.12733
7.12917
7.13101
7.13285
7.13469
7.13654
7.13839
7.14024
7.14209
7.14394
7.1458
7.14766
7.14952
7.15138
7.15324
7.15511
7.15697
7.15884
7.16071
7.16259
7.16446
7.16634
7.16822
7.1701
7.17198
7.17386
7.17575
7.17763
7.17951
7.18138
7.18325
7.18512
7.18698
7.18884
7.19069
7.19254
7.19438
7.19622
7.19805
7.19989
7.20171
7.20354
7.20536
7.20718
7.209
7.21082
7.21264
7.21446
7.21628
7.2181
7.21992
7.22174
7.22356
7.22538
7.22719
7.22901
7.23083
7.23265
7.23446
7.23628
7.23809
7.23991
7.24172
7.24353
7.24535
7.24716
7.24897
7.25078
7.25259
7.25439
7.2562
7.258
7.2598
7.2616
7.2634
7.26519
7.26698
7.26877
7.27056
7.27235
7.27414
7.27592
7.2777
7.27948
7.28126
7.28304
7.28481
7.28658
7.28834
7.2901
7.29185
7.29359
7.29533
7.29706
7.29879
7.30051
7.30222
7.30393
7.30563
7.30733
7.30902
7.31071
7.31239
7.31407
7.31575
7.31742
7.31909
7.32076
7.32242
7.32408
7.32574
7.3274
7.32905
7.3307
7.33235
7.334
7.33564
7.33728
7.33892
7.34055
7.34218
7.34379
7.3454
7.347
7.34859
7.35018
7.35176
7.35334
7.35491
7.35647
7.35802
7.35958
7.36112
7.36266
7.3642
7.36573
7.36726
7.36878
7.3703
7.37181
7.37333
7.37484
7.37634
7.37785
7.37935
7.38085
7.38234
7.38384
7.38533
7.38682
7.3883
7.38979
7.39127
7.39275
7.39422
7.3957
7.39717
7.39863
7.4001
7.40156
7.40301
7.40447
7.40592
7.40737
7.40882
7.41026
7.4117
7.41313
7.41457
7.416
7.41742
7.41885
7.42027
7.42169
7.42311
7.42452
7.42593
7.42734
7.42875
7.43015
7.43156
7.43296
7.43436
7.43575
7.43715
7.43854
7.43993
7.44132
7.4427
7.44409
7.44547
7.44685
7.44823
7.44961
7.45098
7.45236
7.45373
7.4551
7.45647
7.45784
7.45921
7.46057
7.46194
7.4633
7.46466
7.46602
7.46738
7.46873
7.47009
7.47144
7.4728
7.47415
7.4755
7.47685
7.4782
7.47955
7.48089
7.48224
7.48359
7.48493
7.48627
7.48762
7.48896
7.4903
7.49164
7.49298
7.49432
7.49566
7.497
7.49834
7.49968
7.50102
7.50235
7.50369
7.50503
7.50637
7.5077
7.50904
7.51038
7.51171
7.51305
7.51438
7.51572
7.51705
7.51839
7.51973
7.52106
7.5224
7.52373
7.52507
7.5264
7.52774
7.52907
7.53041
7.53174
7.53308
7.53441
7.53575
7.53709
7.53842
7.53976
7.5411
7.54243
7.54377
7.54511
7.54644
7.54778
7.54912
7.55046
7.5518
7.55314
7.55447
7.55581
7.55715
7.5585
7.55984
7.56118
7.56252
7.56386
7.56521
7.56655
7.56789
7.56924
7.57058
7.57193
7.57327
7.57462
7.57597
7.57732
7.57867
7.58001
7.58136
7.58271
7.58407
7.58542
7.58677
7.58812
7.58948
7.59083
7.59218
7.59354
7.59489
7.59625
7.59761
7.59896
7.60032
7.60168
7.60304
7.6044
7.60576
7.60712
7.60848
7.60984
7.6112
7.61256
7.61392
7.61528
7.61664
7.618
7.61936
7.62072
7.62207
7.62342
7.62476
7.6261
7.62743
7.62876
7.63009
7.63142
7.63275
7.63408
7.63541
7.63674
7.63806
7.63939
7.64072
7.64205
7.64337
7.6447
7.64603
7.64735
7.64868
7.65
7.65133
7.65265
7.65397
7.6553
7.65662
7.65794
7.65926
7.66058
7.6619
7.66322
7.66453
7.66585
7.66717
7.66848
7.66979
7.67111
7.67242
7.67373
7.67504
7.67635
7.67766
7.67897
7.68029
7.6816
7.68291
7.68422
7.68554
7.68685
7.68817
7.68948
7.6908
7.69211
7.69343
7.69474
7.69606
7.69738
7.6987
7.70001
7.70133
7.70265
7.70397
7.70529
7.7066
7.70791
7.70921
7.71051
7.7118
7.71308
7.71437
7.71565
7.71694
7.71822
7.71951
7.72079
7.72208
7.72337
7.72466
7.72595
7.72724
7.72853
7.72982
7.73111
7.73241
7.7337
7.735
7.7363
7.7376
7.7389
7.7402
7.7415
7.7428
7.7441
7.74541
7.74672
7.74803
7.74934
7.75066
7.75197
7.75329
7.75462
7.75594
7.75727
7.75861
7.75994
7.76128
7.76262
7.76396
7.76531
7.76666
7.76802
7.76938
7.77074
7.7721
7.77347
7.77484
7.77621
7.77759
7.77896
7.78034
7.78173
7.78311
7.7845
7.78589
7.78729
7.78868
7.79008
7.79147
7.79287
7.79428
7.79568
7.79708
7.79849
7.79989
7.8013
7.80271
7.80412
7.80553
7.80694
7.80835
7.80976
7.81118
7.81259
7.81401
7.81543
7.81685
7.81827
7.81969
7.82111
7.82253
7.82396
7.82538
7.82681
7.82823
7.82966
7.83109
7.83252
7.83395
7.83539
7.83682
7.83825
7.83969
7.84112
7.84256
7.844
7.84544
7.84688
7.84832
7.84977
7.85121
7.85266
7.8541
7.85555
7.857
7.85845
7.8599
7.86136
7.86281
7.86427
7.86573
7.86718
7.86864
7.87011
7.87157
7.87303
7.8745
7.87596
7.87743
7.8789
7.88037
7.88184
7.88332
7.88479
7.88627
7.88775
7.88922
7.8907
7.89219
7.89367
7.89516
7.89664
7.89813
7.89962
7.90111
7.90261
7.9041
7.9056
7.9071
7.9086
7.9101
7.9116
7.91311
7.91462
7.91612
7.91763
7.91915
7.92066
7.92217
7.92369
7.92521
7.92673
7.92825
7.92978
7.9313
7.93283
7.93436
7.93589
7.93742
7.93896
7.9405
7.94204
7.94358
7.94512
7.94666
7.94821
7.94976
7.95131
7.95286
7.95442
7.95597
7.95753
7.95909
7.96065
7.96221
7.96378
7.96535
7.96692
7.96849
7.97006
7.97164
7.97321
7.97479
7.97637
7.97796
7.97954
7.98113
7.98272
7.98431
7.9859
7.9875
7.9891
7.99069
7.9923
7.9939
7.9955
7.99711
7.99872
8.00033
8.00195
8.00356
8.00518
8.0068
8.00842
8.01004
8.01167
8.01329
8.01492
8.01656
8.01819
8.01983
8.02146
8.0231
8.02474
8.02639
8.02803
8.02968
8.03133
8.03299
8.03464
8.0363
8.03795
8.03961
8.04128
8.04294
8.04461
8.04628
8.04795
8.04962
8.0513
8.05297
8.05465
8.05633
8.05801
8.0597
8.06139
8.06308
8.06477
8.06646
8.06816
8.06985
8.07155
8.07326
8.07496
8.07667
8.07837
8.08009
8.0818
8.08351
8.08523
8.08695
8.08867
8.09039
8.09212
8.09384
8.09557
8.0973
8.09904
8.10077
8.10251
8.10425
8.10599
8.10773
8.10948
8.11123
8.11298
8.11473
8.11648
8.11824
8.12
8.12176
8.12352
8.12528
8.12705
8.12882
8.13059
8.13236
8.13414
8.13592
8.1377
8.13948
8.14126
8.14305
8.14483
8.14661
8.14838
8.15015
8.15192
8.15368
8.15543
8.15719
8.15894
8.16068
8.16242
8.16416
8.1659
8.16763
8.16936
8.17109
8.17281
8.17454
8.17627
8.178
8.17973
8.18146
8.1832
8.18493
8.18667
8.18841
8.19015
8.1919
8.19364
8.19538
8.19713
8.19887
8.20062
8.20236
8.20411
8.20585
8.2076
8.20934
8.21108
8.21282
8.21456
8.2163
8.21804
8.21978
8.22151
8.22324
8.22497
8.2267
8.22843
8.23016
8.23188
8.23361
8.23533
8.23705
8.23878
8.2405
8.24222
8.24394
8.24566
8.24739
8.24911
8.25083
8.25254
8.25425
8.25596
8.25766
8.25936
8.26105
8.26274
8.26442
8.2661
8.26778
8.26945
8.27112
8.27278
8.27444
8.2761
8.27775
8.27941
8.28105
8.2827
8.28435
8.28599
8.28763
8.28927
8.2909
8.29254
8.29417
8.2958
8.29742
8.29905
8.30067
8.30228
8.3039
8.3055
8.30711
8.30871
8.3103
8.3119
8.31348
8.31506
8.31664
8.31821
8.31977
8.32132
8.32287
8.3244
8.32593
8.32745
8.32896
8.33046
8.33196
8.33345
8.33494
8.33642
8.33789
8.33936
8.34082
8.34228
8.34374
8.34518
8.34663
8.34807
8.34951
8.35094
8.35237
8.35379
8.35522
8.35664
8.35805
8.35946
8.36087
8.36228
8.36368
8.36508
8.36648
8.36787
8.36926
8.37065
8.37203
8.37341
8.37479
8.37616
8.37753
8.3789
8.38026
8.38162
8.38298
8.38433
8.38567
8.38702
8.38836
8.38969
8.39102
8.39235
8.39368
8.395
8.39631
8.39763
8.39894
8.40025
8.40155
8.40285
8.40415
8.40544
8.40673
8.40802
8.40931
8.41059
8.41187
8.41315
8.41442
8.41569
8.41696
8.41823
8.4195
8.42076
8.42202
8.42328
8.42453
8.42578
8.42704
8.42828
8.42953
8.43077
8.43202
8.43326
8.4345
8.43573
8.43696
8.4382
8.43943
8.44065
8.44188
8.4431
8.44433
8.44555
8.44677
8.44798
8.4492
8.45041
8.45162
8.45283
8.45404
8.45525
8.45645
8.45766
8.45886
8.46006
8.46126
8.46246
8.46365
8.46485
8.46604
8.46723
8.46842
8.46961
8.4708
8.47199
8.47317
8.47436
8.47554
8.47673
8.47791
8.47909
8.48027
8.48144
8.48262
8.4838
8.48497
8.48615
8.48732
8.48849
8.48967
8.49084
8.49201
8.49318
8.49435
8.49551
8.49668
8.49785
8.49901
8.50018
8.50134
8.5025
8.50367
8.50483
8.50599
8.50715
8.50831
8.50947
8.51063
8.51179
8.51295
8.5141
8.51526
8.51642
8.51757
8.51873
8.51989
8.52104
8.5222
8.52335
8.5245
8.52566
8.52681
8.52797
8.52912
8.53027
8.53143
8.53258
8.53373
8.53489
8.53604
8.53719
8.53835
8.5395
8.54066
8.54181
8.54296
8.54412
8.54527
8.54643
8.54758
8.54874
8.54989
8.55105
8.5522
8.55336
8.55452
8.55567
8.55683
8.55799
8.55915
8.56031
8.56146
8.56262
8.56378
8.56494
8.5661
8.56727
8.56843
8.56959
8.57075
8.57191
8.57308
8.57424
8.5754
8.57657
8.57773
8.5789
8.58006
8.58123
8.58239
8.58356
8.58472
8.58588
8.58703
8.58818
8.58933
8.59048
8.59162
8.59276
8.59391
8.59505
8.59619
8.59733
8.59847
8.59961
8.60075
8.60189
8.60303
8.60417
8.60531
8.60645
8.60759
8.60872
8.60986
8.611
8.61213
8.61327
8.6144
8.61553
8.61667
8.6178
8.61893
8.62006
8.6212
8.62233
8.62346
8.62459
8.62573
8.62686
8.628
8.62913
8.63027
8.63141
8.63255
8.63369
8.63483
8.63597
8.63712
8.63826
8.63941
8.64056
8.64171
8.64286
8.64401
8.64516
8.6463
8.64743
8.64856
8.64969
8.6508
8.65192
8.65304
8.65415
8.65527
8.65639
8.65751
8.65863
8.65975
8.66088
8.662
8.66313
8.66425
8.66538
8.66651
8.66764
8.66877
8.6699
8.67103
8.67216
8.6733
8.67443
8.67557
8.67671
8.67785
8.67899
8.68013
8.68127
8.68241
8.68356
8.6847
8.68585
8.687
8.68814
8.68929
8.69044
8.69159
8.69274
8.69389
8.69505
8.6962
8.69735
8.6985
8.69966
8.70081
8.70197
8.70312
8.70428
8.70543
8.70659
8.70775
8.7089
8.71006
8.71122
8.71238
8.71354
8.7147
8.71587
8.71703
8.71819
8.71936
8.72052
8.72169
8.72285
8.72402
8.72519
8.72636
8.72753
8.7287
8.72987
8.73104
8.73222
8.73339
8.73457
8.73574
8.73692
8.7381
8.73927
8.74045
8.74163
8.74281
8.74399
8.74517
8.74636
8.74754
8.74872
8.74991
8.75109
8.75228
8.75346
8.75465
8.75584
8.75703
8.75821
8.7594
8.76059
8.76178
8.76297
8.76416
8.76535
8.76655
8.76774
8.76893
8.77013
8.77132
8.77252
8.77371
8.77491
8.7761
8.7773
8.7785
8.7797
8.7809
8.7821
8.7833
8.7845
8.78571
8.78691
8.78812
8.78932
8.79053
8.79173
8.79294
8.79415
8.79536
8.79657
8.79779
8.799
8.80021
8.80143
8.80265
8.80387
8.80508
8.80631
8.80753
8.80875
8.80997
8.8112
8.81242
8.81365
8.81488
8.81611
8.81734
8.81857
8.81981
8.82104
8.82228
8.82351
8.82475
8.82599
8.82723
8.82848
8.82972
8.83096
8.83221
8.83346
8.83471
8.83596
8.83721
8.83846
8.83972
8.84097
8.84223
8.84349
8.84475
8.84601
8.84728
8.84854
8.84981
8.85108
8.85235
8.85362
8.85489
8.85616
8.85744
8.85871
8.85999
8.86127
8.86255
8.86383
8.86512
8.8664
8.86769
8.86898
8.87027
8.87156
8.87286
8.87415
8.87545
8.87675
8.87805
8.87935
8.88065
8.88195
8.88326
8.88457
8.88588
8.88719
8.8885
8.88982
8.89113
8.89245
8.89377
8.89509
8.89641
8.89773
8.89906
8.90039
8.90171
8.90304
8.90438
8.90571
8.90705
8.90838
8.90972
8.91106
8.91241
8.91375
8.9151
8.91645
8.9178
8.91915
8.9205
8.92185
8.92321
8.92457
8.92593
8.92729
8.92866
8.93002
8.93139
8.93276
8.93413
8.9355
8.93688
8.93825
8.93963
8.94101
8.94239
8.94378
8.94516
8.94655
8.94794
8.94933
8.95072
8.95212
8.95352
8.95491
8.95631
8.95772
8.95912
8.96053
8.96193
8.96334
8.96476
8.96617
8.96758
8.969
8.97042
8.97184
8.97326
8.97469
8.97612
8.97755
8.97898
8.98041
8.98184
8.98328
8.98472
8.98616
8.9876
8.98904
8.99049
8.99194
8.99339
8.99484
8.99629
8.99775
8.99921
9.00067
9.00213
9.00359
9.00506
9.00653
9.00799
9.00947
9.01094
9.01241
9.01389
9.01537
9.01685
9.01834
9.01982
9.02131
9.0228
9.02429
9.02578
9.02728
9.02877
9.03027
9.03177
9.03328
9.03478
9.03629
9.0378
9.03931
9.04082
9.04234
9.04385
9.04537
9.04689
9.04842
9.04994
9.05147
9.053
9.05453
9.05606
9.0576
9.05913
9.06067
9.06221
9.06376
9.0653
9.06685
9.0684
9.06995
9.0715
9.07306
9.07462
9.07618
9.07774
9.0793
9.08087
9.08244
9.08401
9.08558
9.08715
9.08873
9.09031
9.09189
9.09347
9.09504
9.09662
9.09819
9.09977
9.10134
9.10291
9.10448
9.10604
9.10761
9.10917
9.11074
9.1123
9.11386
9.11542
9.11698
9.11854
9.1201
9.12167
9.12323
9.12479
9.12635
9.12792
9.12948
9.13105
9.13262
9.13419
9.13576
9.13734
9.13891
9.14049
9.14207
9.14365
9.14524
9.14682
9.14841
9.14999
9.15158
9.15316
9.15475
9.15634
9.15792
9.15951
9.16109
9.16268
9.16426
9.16585
9.16742
9.169
9.17058
9.17215
9.17371
9.17528
9.17683
9.17839
9.17994
9.18149
9.18303
9.18457
9.18611
9.18764
9.18917
9.1907
9.19222
9.19374
9.19525
9.19677
9.19828
9.19978
9.20129
9.20279
9.20429
9.20578
9.20728
9.20877
9.21026
9.21175
9.21323
9.21471
9.21619
9.21767
9.21915
9.22062
9.22209
9.22356
9.22502
9.22648
9.22794
9.22939
9.23085
9.2323
9.23374
9.23518
9.23662
9.23806
9.23949
9.24091
9.24234
9.24376
9.24517
9.24658
9.24799
9.24939
9.25079
9.25219
9.25358
9.25496
9.25635
9.25772
9.2591
9.26047
9.26184
9.2632
9.26456
9.26592
9.26727
9.26862
9.26997
9.27131
9.27265
9.27399
9.27532
9.27665
9.27798
9.2793
9.28062
9.28194
9.28325
9.28456
9.28587
9.28718
9.28848
9.28977
9.29107
9.29236
9.29365
9.29493
9.29622
9.2975
9.29878
9.30005
9.30132
9.30259
9.30386
9.30513
9.30639
9.30765
9.30891
9.31017
9.31142
9.31267
9.31392
9.31517
9.31641
9.31766
9.3189
9.32013
9.32137
9.32261
9.32384
9.32507
9.3263
9.32752
9.32875
9.32997
9.33119
9.33241
9.33363
9.33485
9.33607
9.33728
9.33849
9.33971
9.34092
9.34213
9.34334
9.34454
9.34575
9.34696
9.34816
9.34937
9.35057
9.35177
9.35297
9.35418
9.35538
9.35658
9.35778
9.35897
9.36017
9.36137
9.36257
9.36376
9.36496
9.36616
9.36735
9.36855
9.36974
9.37093
9.37213
9.37332
9.37451
9.3757
9.37689
9.37808
9.37927
9.38046
9.38165
9.38284
9.38402
9.38521
9.3864
9.38758
9.38877
9.38996
9.39114
9.39233
9.39351
9.3947
9.39588
9.39707
9.39825
9.39944
9.40062
9.40181
9.40299
9.40417
9.40536
9.40654
9.40773
9.40891
9.4101
9.41128
9.41247
9.41365
9.41484
9.41602
9.41721
9.41839
9.41958
9.42077
9.42195
9.42314
9.42433
9.42552
9.4267
9.42789
9.42908
9.43027
9.43146
9.43265
9.43385
9.43504
9.43623
9.43743
9.43862
9.43981
9.44101
9.44221
9.4434
9.4446
9.4458
9.447
9.4482
9.4494
9.4506
9.45181
9.45301
9.45422
9.45543
9.45663
9.45784
9.45906
9.46027
9.46148
9.4627
9.46392
9.46513
9.46635
9.46757
9.4688
9.47002
9.47125
9.47247
9.4737
9.47493
9.47616
9.47739
9.47862
9.47985
9.48109
9.48232
9.48356
9.4848
9.48604
9.48728
9.48852
9.48976
9.49101
9.49225
9.4935
9.49475
9.49599
9.49724
9.49849
9.49975
9.501
9.50225
9.50351
9.50476
9.50602
9.50728
9.50854
9.5098
9.51106
9.51232
9.51359
9.51485
9.51612
9.51739
9.51866
9.51993
9.5212
9.52247
9.52374
9.52502
9.52629
9.52757
9.52884
9.53012
9.5314
9.53268
9.53396
9.53524
9.53653
9.53781
9.53909
9.54038
9.54167
9.54295
9.54424
9.54553
9.54682
9.54811
9.5494
9.5507
9.55199
9.55328
9.55458
9.55588
9.55718
9.55848
9.55978
9.56108
9.56238
9.56368
9.56499
9.5663
9.5676
9.56891
9.57022
9.57153
9.57285
9.57416
9.57547
9.57679
9.57811
9.57943
9.58075
9.58207
9.58339
9.58472
9.58604
9.58737
9.5887
9.59003
9.59136
9.59269
9.59403
9.59536
9.5967
9.59804
9.59938
9.60072
9.60207
9.60341
9.60476
9.60611
9.60746
9.60881
9.61016
9.61152
9.61287
9.61423
9.61559
9.61695
9.61832
9.61968
9.62105
9.62242
9.62379
9.62516
9.62654
9.62791
9.62929
9.63067
9.63206
9.63344
9.63482
9.63621
9.6376
9.63899
9.64039
9.64178
9.64318
9.64458
9.64598
9.64738
9.64879
9.65019
9.6516
9.65301
9.65442
9.65584
9.65725
9.65867
9.66009
9.66151
9.66294
9.66436
9.66579
9.66722
9.66865
9.67007
9.6715
9.67292
9.67433
9.67574
9.67714
9.67855
9.67996
9.68137
9.68278
9.68419
9.68561
9.68702
9.68844
9.68986
9.69129
9.69271
9.69414
9.69557
9.697
9.69843
9.69987
9.7013
9.70274
9.70418
9.70562
9.70707
9.70851
9.70996
9.7114
9.71285
9.7143
9.71576
9.71721
9.71867
9.72012
9.72158
9.72304
9.7245
9.72597
9.72743
9.7289
9.73037
9.73183
9.73331
9.73478
9.73625
9.73773
9.73921
9.74069
9.74217
9.74365
9.74513
9.74662
9.7481
9.74959
9.75108
9.75258
9.75407
9.75557
9.75706
9.75856
9.76006
9.76157
9.76307
9.76458
9.76608
9.76759
9.76911
9.77062
9.77213
9.77365
9.77517
9.77669
9.77821
9.77973
9.78126
9.78279
9.78431
9.78584
9.78736
9.78888
9.79039
9.79191
9.79342
9.79493
9.79644
9.79795
9.79945
9.80096
9.80247
9.80397
9.80548
9.80699
9.8085
9.81
9.81152
9.81303
9.81454
9.81606
9.81758
9.81911
9.82063
9.82216
9.8237
9.82523
9.82677
9.82832
9.82986
9.8314
9.83295
9.8345
9.83605
9.8376
9.83916
9.84071
9.84226
9.84382
9.84537
9.84693
9.84848
9.85004
9.85159
9.85315
9.8547
9.85625
9.85781
9.85936
9.86091
9.86246
9.86401
9.86555
9.8671
9.86864
9.87018
9.87172
9.87326
9.87479
9.87632
9.87784
9.87937
9.88089
9.8824
9.88392
9.88543
9.88694
9.88845
9.88995
9.89145
9.89295
9.89445
9.89595
9.89744
9.89894
9.90043
9.90192
9.9034
9.90489
9.90637
9.90786
9.90934
9.91082
9.9123
9.91378
9.91525
9.91673
9.9182
9.91967
9.92114
9.92261
9.92407
9.92554
9.927
9.92846
9.92991
9.93137
9.93282
9.93427
9.93571
9.93715
9.93859
9.94003
9.94146
9.94289
9.94431
9.94574
9.94715
9.94856
9.94997
9.95138
9.95277
9.95417
9.95556
9.95695
9.95833
9.95971
9.96108
9.96245
9.96381
9.96517
9.96653
9.96788
9.96923
9.97057
9.97191
9.97325
9.97458
9.97591
9.97723
9.97855
9.97987
9.98118
9.9825
9.9838
9.9851
9.9864
9.9877
9.98899
9.99028
9.99157
9.99285
9.99413
9.9954
9.99667
9.99794
9.9992
10.0005
10.0017
10.003
10.0042
10.0055
10.0067
10.008
10.0092
10.0104
10.0117
10.0129
10.0141
10.0153
10.0165
10.0178
10.019
10.0202
10.0214
10.0226
10.0238
10.025
10.0262
10.0274
10.0285
10.0297
10.0309
10.0321
10.0332
10.0344
10.0356
10.0367
10.0379
10.0391
10.0402
10.0414
10.0425
10.0437
10.0448
10.046
10.0471
10.0483
10.0494
10.0505
10.0517
10.0528
10.0539
10.055
10.0562
10.0573
10.0584
10.0595
10.0606
10.0617
10.0629
10.064
10.0651
10.0662
10.0673
10.0684
10.0695
10.0706
10.0717
10.0728
10.0739
10.075
10.0761
10.0771
10.0782
10.0793
10.0804
10.0815
10.0825
10.0836
10.0847
10.0858
10.0868
10.0879
10.089
10.0901
10.0911
10.0922
10.0932
10.0943
10.0954
10.0964
10.0975
10.0985
10.0996
10.1006
10.1017
10.1028
10.1038
10.1049
10.1059
10.1069
10.108
10.109
10.1101
10.1111
10.1122
10.1132
10.1143
10.1153
10.1163
10.1174
10.1184
10.1195
10.1205
10.1215
10.1226
10.1236
10.1246
10.1257
10.1267
10.1277
10.1288
10.1298
10.1308
10.1319
10.1329
10.134
10.135
10.136
10.1371
10.1381
10.1391
10.1402
10.1412
10.1422
10.1433
10.1443
10.1453
10.1464
10.1474
10.1485
10.1495
10.1505
10.1516
10.1526
10.1537
10.1547
10.1557
10.1568
10.1578
10.1589
10.1599
10.161
10.162
10.1631
10.1641
10.1651
10.1662
10.1672
10.1683
10.1693
10.1704
10.1714
10.1725
10.1735
10.1746
10.1756
10.1767
10.1777
10.1788
10.1798
10.1809
10.182
10.183
10.1841
10.1851
10.1862
10.1872
10.1883
10.1894
10.1904
10.1915
10.1925
10.1936
10.1947
10.1957
10.1968
10.1978
10.1989
10.2
10.201
10.2021
10.2032
10.2042
10.2053
10.2064
10.2075
10.2085
10.2096
10.2107
10.2118
10.2128
10.2139
10.215
10.2161
10.2171
10.2182
10.2193
10.2204
10.2215
10.2225
10.2236
10.2247
10.2258
10.2269
10.228
10.229
10.2301
10.2312
10.2323
10.2334
10.2345
10.2356
10.2367
10.2377
10.2388
10.2399
10.241
10.2421
10.2432
10.2443
10.2454
10.2465
10.2476
10.2487
10.2498
10.2509
10.252
10.2531
10.2542
10.2553
10.2564
10.2575
10.2586
10.2597
10.2608
10.2619
10.263
10.2641
10.2653
10.2664
10.2675
10.2686
10.2697
10.2708
10.2719
10.273
10.2741
10.2753
10.2764
10.2775
10.2786
10.2797
10.2808
10.2819
10.2831
10.2842
10.2853
10.2864
10.2875
10.2886
10.2898
10.2909
10.292
10.2931
10.2942
10.2954
10.2965
10.2976
10.2987
10.2999
10.301
10.3021
10.3032
10.3043
10.3055
10.3066
10.3077
10.3088
10.31
10.3111
10.3122
10.3133
10.3145
10.3156
10.3167
10.3178
10.3189
10.32
10.3211
10.3222
10.3233
10.3244
10.3255
10.3266
10.3277
10.3287
10.3298
10.3309
10.332
10.3331
10.3342
10.3353
10.3364
10.3375
10.3385
10.3396
10.3407
10.3418
10.3429
10.344
10.345
10.3461
10.3472
10.3483
10.3494
10.3504
10.3515
10.3526
10.3537
10.3548
10.3558
10.3569
10.358
10.3591
10.3601
10.3612
10.3623
10.3633
10.3644
10.3655
10.3666
10.3676
10.3687
10.3698
10.3708
10.3719
10.373
10.374
10.3751
10.3761
10.3772
10.3783
10.3793
10.3804
10.3815
10.3825
10.3836
10.3846
10.3857
10.3868
10.3878
10.3889
10.39
10.391
10.3921
10.3931
10.3942
10.3953
10.3963
10.3974
10.3984
10.3995
10.4005
10.4016
10.4026
10.4037
10.4047
10.4058
10.4068
10.4079
10.4089
10.41
10.411
10.4121
10.4131
10.4142
10.4152
10.4163
10.4173
10.4184
10.4195
10.4205
10.4216
10.4226
10.4237
10.4248
10.4258
10.4269
10.428
10.4291
10.4302
10.4312
10.4323
10.4334
10.4345
10.4356
10.4367
10.4377
10.4388
10.4399
10.441
10.4421
10.4432
10.4443
10.4454
10.4465
10.4475
10.4486
10.4497
10.4508
10.4519
10.453
10.4541
10.4552
10.4563
10.4574
10.4584
10.4595
10.4606
10.4617
10.4628
10.4639
10.465
10.466
10.4671
10.4682
10.4693
10.4704
10.4715
10.4725
10.4736
10.4747
10.4758
10.4769
10.4779
10.479
10.4801
10.4812
10.4823
10.4833
10.4844
10.4855
10.4866
10.4876
10.4887
10.4898
10.4909
10.4919
10.493
10.4941
10.4952
10.4962
10.4973
10.4984
10.4994
10.5005
10.5016
10.5026
10.5037
10.5048
10.5058
10.5069
10.508
10.509
10.5101
10.5111
10.5122
10.5132
10.5143
10.5154
10.5164
10.5175
10.5185
10.5196
10.5206
10.5217
10.5227
10.5238
10.5248
10.5259
10.5269
10.528
10.529
10.5301
10.5311
10.5321
10.5332
10.5342
10.5352
10.5363
10.5373
10.5383
10.5393
10.5404
10.5414
10.5424
10.5434
10.5444
10.5454
10.5464
10.5475
10.5485
10.5495
10.5505
10.5515
10.5525
10.5535
10.5544
10.5554
10.5564
10.5574
10.5584
10.5594
10.5604
10.5613
10.5623
10.5633
10.5643
10.5652
10.5662
10.5672
10.5681
10.5691
10.5701
10.571
10.572
10.5729
10.5739
10.5748
10.5758
10.5767
10.5777
10.5786
10.5796
10.5805
10.5814
10.5824
10.5833
10.5842
10.5852
10.5861
10.587
10.5879
10.5889
10.5898
10.5907
10.5916
10.5925
10.5935
10.5944
10.5953
10.5962
10.5971
10.598
10.5989
10.5998
10.6007
10.6016
10.6025
10.6034
10.6043
10.6052
10.6061
10.607
10.6079
10.6088
10.6097
10.6106
10.6115
10.6123
10.6132
10.6141
10.615
10.6158
10.6167
10.6176
10.6185
10.6193
10.6202
10.6211
10.6219
10.6228
10.6237
10.6245
10.6254
10.6262
10.6271
10.628
10.6288
10.6297
10.6305
10.6314
10.6322
10.633
10.6339
10.6347
10.6356
10.6364
10.6372
10.6381
10.6389
10.6397
10.6406
10.6414
10.6422
10.6431
10.6439
10.6447
10.6455
10.6463
10.6472
10.648
10.6488
10.6496
10.6504
10.6512
10.652
10.6529
10.6537
10.6545
10.6553
10.6561
10.6569
10.6577
10.6585
10.6593
10.6601
10.6609
10.6617
10.6625
10.6632
10.664
10.6648
10.6656
10.6664
10.6672
10.668
10.6688
10.6696
10.6703
10.6711
10.6719
10.6727
10.6735
10.6743
10.675
10.6758
10.6766
10.6774
10.6782
10.6789
10.6797
10.6805
10.6813
10.6821
10.6829
10.6836
10.6844
10.6852
10.686
10.6868
10.6876
10.6884
10.6891
10.6899
10.6907
10.6915
10.6923
10.6931
10.6939
10.6947
10.6955
10.6963
10.697
10.6978
10.6986
10.6994
10.7002
10.701
10.7018
10.7026
10.7034
10.7042
10.705
10.7058
10.7066
10.7075
10.7083
10.7091
10.7099
10.7107
10.7115
10.7123
10.7131
10.7139
10.7147
10.7155
10.7164
10.7172
10.718
10.7188
10.7196
10.7204
10.7212
10.7221
10.7229
10.7237
10.7245
10.7253
10.7262
10.727
10.7278
10.7286
10.7295
10.7303
10.7311
10.732
10.7328
10.7336
10.7345
10.7353
10.7361
10.737
10.7378
10.7386
10.7395
10.7403
10.7411
10.742
10.7428
10.7437
10.7445
10.7453
10.7462
10.747
10.7479
10.7487
10.7496
10.7504
10.7513
10.7521
10.753
10.7538
10.7546
10.7555
10.7563
10.7572
10.758
10.7589
10.7598
10.7606
10.7615
10.7623
10.7632
10.764
10.7649
10.7657
10.7666
10.7674
10.7683
10.7691
10.77
10.7708
10.7717
10.7726
10.7734
10.7743
10.7751
10.776
10.7768
10.7777
10.7785
10.7794
10.7803
10.7811
10.782
10.7828
10.7837
10.7845
10.7854
10.7862
10.7871
10.7879
10.7888
10.7896
10.7905
10.7913
10.7922
10.793
10.7939
10.7948
10.7956
10.7965
10.7973
10.7982
10.799
10.7999
10.8007
10.8015
10.8024
10.8032
10.8041
10.8049
10.8058
10.8066
10.8075
10.8083
10.8092
10.81
10.8108
10.8117
10.8125
10.8134
10.8142
10.815
10.8159
10.8167
10.8175
10.8184
10.8192
10.82
10.8208
10.8217
10.8225
10.8233
10.8242
10.825
10.8258
10.8267
10.8275
10.8283
10.8291
10.83
10.8308
10.8316
10.8325
10.8333
10.8341
10.8349
10.8358
10.8366
10.8374
10.8383
10.8391
10.8399
10.8408
10.8416
10.8424
10.8432
10.8441
10.8449
10.8457
10.8466
10.8474
10.8482
10.8491
10.8499
10.8507
10.8516
10.8524
10.8532
10.8541
10.8549
10.8557
10.8566
10.8574
10.8582
10.8591
10.8599
10.8608
10.8616
10.8624
10.8633
10.8641
10.865
10.8658
10.8666
10.8675
10.8683
10.8692
10.87
10.8709
10.8717
10.8725
10.8734
10.8742
10.8751
10.8759
10.8767
10.8776
10.8784
10.8793
10.8801
10.8809
10.8818
10.8826
10.8834
10.8843
10.8851
10.8859
10.8868
10.8876
10.8884
10.8893
10.8901
10.8909
10.8917
10.8926
10.8934
10.8942
10.895
10.8958
10.8967
10.8975
10.8983
10.8991
10.8999
10.9007
10.9015
10.9023
10.9031
10.9039
10.9047
10.9055
10.9063
10.9071
10.9079
10.9087
10.9095
10.9103
10.9111
10.9119
10.9126
10.9134
10.9142
10.9149
10.9157
10.9164
10.9172
10.918
10.9187
10.9194
10.9202
10.9209
10.9217
10.9224
10.9231
10.9239
10.9246
10.9253
10.926
10.9267
10.9274
10.9282
10.9289
10.9296
10.9303
10.931
10.9317
10.9324
10.9331
10.9338
10.9345
10.9352
10.9358
10.9365
10.9372
10.9379
10.9386
10.9393
10.94
10.9406
10.9413
10.942
10.9427
10.9433
10.944
10.9447
10.9453
10.946
10.9467
10.9473
10.948
10.9486
10.9493
10.9499
10.9506
10.9512
10.9518
10.9525
10.9531
10.9538
10.9544
10.955
10.9557
10.9563
10.9569
10.9576
10.9582
10.9589
10.9595
10.9601
10.9608
10.9614
10.962
10.9627
10.9633
10.964
10.9646
10.9652
10.9659
10.9665
10.9672
10.9678
10.9685
10.9691
10.9698
10.9704
10.9711
10.9717
10.9724
10.973
10.9737
10.9743
10.975
10.9757
10.9763
10.977
10.9776
10.9783
10.979
10.9796
10.9803
10.981
10.9816
10.9823
10.983
10.9836
10.9843
10.985
10.9857
10.9863
10.987
10.9877
10.9884
10.989
10.9897
10.9904
10.9911
10.9918
10.9924
10.9931
10.9938
10.9945
10.9952
10.9959
10.9965
10.9972
10.9979
10.9986
10.9993
11
11.0006
11.0013
11.002
11.0027
11.0034
11.004
11.0047
11.0054
11.0061
11.0068
11.0075
11.0081
11.0088
11.0095
11.0102
11.0109
11.0116
11.0122
11.0129
11.0136
11.0143
11.015
11.0157
11.0163
11.017
11.0177
11.0184
11.0191
11.0198
11.0205
11.0211
11.0218
11.0225
11.0232
11.0239
11.0246
11.0253
11.026
11.0267
11.0274
11.0281
11.0287
11.0294
11.0301
11.0308
11.0315
11.0322
11.0329
11.0336
11.0343
11.035
11.0357
11.0364
11.0371
11.0378
11.0385
11.0392
11.0399
11.0406
11.0413
11.042
11.0427
11.0434
11.0441
11.0448
11.0455
11.0463
11.047
11.0477
11.0484
11.0491
11.0498
11.0505
11.0512
11.0519
11.0527
11.0534
11.0541
11.0548
11.0555
11.0563
11.057
11.0577
11.0584
11.0591
11.0599
11.0606
11.0613
11.0621
11.0628
11.0635
11.0642
11.065
11.0657
11.0665
11.0672
11.0679
11.0687
11.0694
11.0701
11.0709
11.0716
11.0724
11.0731
11.0739
11.0746
11.0754
11.0761
11.0769
11.0776
11.0784
11.0791
11.0799
11.0806
11.0814
11.0822
11.0829
11.0837
11.0844
11.0852
11.086
11.0867
11.0875
11.0883
11.089
11.0898
11.0906
11.0913
11.0921
11.0929
11.0937
11.0944
11.0952
11.096
11.0968
11.0975
11.0983
11.0991
11.0999
11.1006
11.1014
11.1022
11.1029
11.1037
11.1045
11.1052
11.106
11.1067
11.1075
11.1082
11.109
11.1098
11.1105
11.1113
11.1121
11.1128
11.1136
11.1144
11.1152
11.1159
11.1167
11.1175
11.1183
11.1191
11.1199
11.1206
11.1214
11.1222
11.123
11.1238
11.1246
11.1254
11.1262
11.127
11.1278
11.1286
11.1294
11.1302
11.131
11.1317
11.1325
11.1333
11.1341
11.1349
11.1357
11.1365
11.1373
11.1381
11.1389
11.1397
11.1405
11.1413
11.1421
11.1429
11.1436
11.1444
11.1452
11.146
11.1468
11.1476
11.1484
11.1492
11.15
11.1508
11.1516
11.1523
11.1531
11.1539
11.1547
11.1555
11.1563
11.1571
11.1578
11.1586
11.1594
11.1602
11.161
11.1617
11.1625
11.1633
11.1641
11.1649
11.1656
11.1664
11.1672
11.1679
11.1687
11.1695
11.1702
11.171
11.1718
11.1725
11.1733
11.174
11.1748
11.1756
11.1763
11.1771
11.1778
11.1786
11.1793
11.1801
11.1808
11.1815
11.1823
11.183
11.1837
11.1845
11.1852
11.1859
11.1867
11.1874
11.1881
11.1889
11.1896
11.1903
11.191
11.1917
11.1924
11.1932
11.1939
11.1946
11.1953
11.196
11.1967
11.1974
11.1981
11.1988
11.1995
11.2002
11.2009
11.2016
11.2022
11.2029
11.2036
11.2043
11.205
11.2057
11.2063
11.207
11.2077
11.2083
11.209
11.2096
11.2103
11.2109
11.2116
11.2122
11.2129
11.2135
11.2141
11.2148
11.2154
11.216
11.2167
11.2173
11.2179
11.2185
11.2192
11.2198
11.2204
11.221
11.2216
11.2222
11.2229
11.2235
11.2241
11.2247
11.2253
11.2259
11.2266
11.2272
11.2278
11.2284
11.229
11.2296
11.2302
11.2309
11.2315
11.2321
11.2327
11.2333
11.2339
11.2345
11.2351
11.2357
11.2364
11.237
11.2376
11.2382
11.2388
11.2394
11.24
11.2407
11.2413
11.2419
11.2425
11.2431
11.2438
11.2444
11.245
11.2456
11.2463
11.2469
11.2475
11.2482
11.2488
11.2494
11.25
11.2507
11.2513
11.2519
11.2526
11.2532
11.2538
11.2545
11.2551
11.2558
11.2564
11.257
11.2577
11.2583
11.259
11.2596
11.2603
11.2609
11.2616
11.2622
11.2629
11.2636
11.2642
11.2649
11.2656
11.2662
11.2669
11.2676
11.2682
11.2689
11.2696
11.2702
11.2709
11.2716
11.2723
11.273
11.2736
11.2743
11.275
11.2757
11.2764
11.277
11.2777
11.2784
11.2791
11.2798
11.2805
11.2812
11.2818
11.2825
11.2832
11.2839
11.2846
11.2853
11.286
11.2866
11.2873
11.288
11.2887
11.2894
11.2901
11.2908
11.2915
11.2921
11.2928
11.2935
11.2942
11.2949
11.2956
11.2963
11.297
11.2977
11.2984
11.299
11.2997
11.3004
11.3011
11.3018
11.3025
11.3032
11.3039
11.3046
11.3053
11.306
11.3067
11.3074
11.308
11.3087
11.3094
11.3101
11.3108
11.3115
11.3122
11.3129
11.3136
11.3143
11.315
11.3157
11.3165
11.3172
11.3179
11.3186
11.3193
11.32
11.3207
11.3214
11.3221
11.3229
11.3236
11.3243
11.325
11.3257
11.3265
11.3272
11.3279
11.3286
11.3294
11.3301
11.3308
11.3316
11.3323
11.333
11.3338
11.3345
11.3353
11.336
11.3367
11.3375
11.3382
11.339
11.3397
11.3405
11.3412
11.342
11.3428
11.3435
11.3443
11.345
11.3458
11.3466
11.3473
11.3481
11.3489
11.3496
11.3504
11.3512
11.352
11.3527
11.3535
11.3543
11.3551
11.3558
11.3566
11.3574
11.3582
11.359
11.3598
11.3606
11.3614
11.3621
11.3629
11.3637
11.3645
11.3653
11.3661
11.3669
11.3677
11.3685
11.3693
11.3701
11.3709
11.3717
11.3725
11.3733
11.374
11.3748
11.3756
11.3764
11.3772
11.378
11.3787
11.3795
11.3803
11.3811
11.3819
11.3827
11.3835
11.3843
11.3851
11.3859
11.3868
11.3876
11.3884
11.3892
11.39
11.3909
11.3917
11.3925
11.3933
11.3942
11.395
11.3958
11.3967
11.3975
11.3983
11.3992
11.4
11.4008
11.4017
11.4025
11.4034
11.4042
11.405
11.4059
11.4067
11.4076
11.4084
11.4092
11.4101
11.4109
11.4118
11.4126
11.4135
11.4143
11.4152
11.416
11.4168
11.4177
11.4185
11.4194
11.4202
11.4211
11.4219
11.4228
11.4236
11.4244
11.4253
11.4261
11.427
11.4278
11.4287
11.4295
11.4303
11.4312
11.432
11.4329
11.4337
11.4345
11.4354
11.4362
11.437
11.4379
11.4387
11.4395
11.4403
11.4412
11.442
11.4428
11.4436
11.4445
11.4453
11.4461
11.4469
11.4477
11.4485
11.4493
11.4501
11.4509
11.4517
11.4525
11.4533
11.4541
11.4549
11.4557
11.4565
11.4573
11.4581
11.4589
11.4597
11.4604
11.4612
11.462
11.4628
11.4635
11.4643
11.4651
11.4658
11.4666
11.4674
11.4681
11.4689
11.4696
11.4704
11.4711
11.4719
11.4726
11.4734
11.4741
11.4749
11.4756
11.4763
11.4771
11.4778
11.4785
11.4793
11.48
11.4807
11.4814
11.4822
11.4829
11.4836
11.4843
11.485
11.4858
11.4865
11.4872
11.4879
11.4886
11.4893
11.49
11.4907
11.4914
11.4921
11.4928
11.4935
11.4942
11.4949
11.4956
11.4963
11.497
11.4977
11.4984
11.4991
11.4997
11.5004
11.5011
11.5018
11.5025
11.5032
11.5039
11.5045
11.5052
11.5059
11.5066
11.5073
11.508
11.5086
11.5093
11.51
11.5107
11.5114
11.5121
11.5127
11.5134
11.5141
11.5148
11.5155
11.5162
11.5168
11.5175
11.5182
11.5189
11.5196
11.5203
11.521
11.5216
11.5223
11.523
11.5237
11.5244
11.5251
11.5257
11.5264
11.5271
11.5278
11.5285
11.5292
11.5299
11.5305
11.5312
11.5319
11.5326
11.5333
11.534
11.5347
11.5354
11.5361
11.5368
11.5375
11.5382
11.5389
11.5396
11.5403
11.541
11.5417
11.5424
11.5431
11.5438
11.5445
11.5452
11.5459
11.5466
11.5473
11.548
11.5487
11.5494
11.5502
11.5509
11.5516
11.5523
11.553
11.5537
11.5545
11.5552
11.5559
11.5566
11.5573
11.5581
11.5588
11.5595
11.5602
11.561
11.5617
11.5624
11.5631
11.5639
11.5646
11.5653
11.5661
11.5668
11.5675
11.5683
11.569
11.5697
11.5705
11.5712
11.5719
11.5727
11.5734
11.5741
11.5749
11.5756
11.5763
11.5771
11.5778
11.5786
11.5793
11.58
11.5808
11.5815
11.5823
11.583
11.5838
11.5845
11.5853
11.586
11.5867
11.5875
11.5882
11.589
11.5897
11.5905
11.5912
11.592
11.5927
11.5935
11.5943
11.595
11.5958
11.5965
11.5973
11.598
11.5988
11.5996
11.6003
11.6011
11.6019
11.6026
11.6034
11.6041
11.6049
11.6057
11.6065
11.6072
11.608
11.6088
11.6096
11.6103
11.6111
11.6119
11.6127
11.6134
11.6142
11.615
11.6158
11.6166
11.6174
11.6182
11.619
11.6197
11.6205
11.6213
11.6221
11.6229
11.6237
11.6245
11.6253
11.6261
11.6269
11.6277
11.6285
11.6294
11.6302
11.631
11.6318
11.6326
11.6334
11.6342
11.6351
11.6359
11.6367
11.6375
11.6383
11.6392
11.64
11.6408
11.6417
11.6425
11.6433
11.6442
11.645
11.6458
11.6467
11.6475
11.6484
11.6492
11.65
11.6509
11.6517
11.6526
11.6534
11.6543
11.6552
11.656
11.6569
11.6577
11.6586
11.6595
11.6603
11.6612
11.662
11.6629
11.6638
11.6647
11.6655
11.6664
11.6673
11.6681
11.669
11.6698
11.6707
11.6715
11.6724
11.6732
11.6741
11.675
11.6758
11.6767
11.6775
11.6784
11.6793
11.6801
11.681
11.6819
11.6828
11.6837
11.6845
11.6854
11.6863
11.6872
11.6881
11.689
11.6899
11.6908
11.6917
11.6926
11.6935
11.6944
11.6953
11.6962
11.6971
11.698
11.6989
11.6998
11.7007
11.7016
11.7025
11.7034
11.7044
11.7053
11.7062
11.7071
11.708
11.7089
11.7098
11.7108
11.7117
11.7126
11.7135
11.7144
11.7153
11.7163
11.7172
11.7181
11.719
11.7199
11.7209
11.7218
11.7227
11.7236
11.7245
11.7254
11.7264
11.7273
11.7282
11.7291
11.73
11.7309
11.7319
11.7328
11.7337
11.7346
11.7355
11.7364
11.7373
11.7382
11.7391
11.74
11.7409
11.7418
11.7427
11.7436
11.7445
11.7454
11.7463
11.7472
11.7481
11.749
11.7499
11.7508
11.7517
11.7525
11.7534
11.7543
11.7552
11.7561
11.7569
11.7578
11.7587
11.7595
11.7604
11.7613
11.7621
11.763
11.7638
11.7647
11.7655
11.7664
11.7672
11.7681
11.7689
11.7698
11.7706
11.7714
11.7723
11.7731
11.7739
11.7747
11.7756
11.7764
11.7772
11.778
11.7788
11.7797
11.7805
11.7813
11.7821
11.7829
11.7837
11.7845
11.7853
11.7861
11.7869
11.7877
11.7885
11.7893
11.7901
11.7908
11.7916
11.7924
11.7932
11.794
11.7948
11.7955
11.7963
11.7971
11.7979
11.7986
11.7994
11.8002
11.8009
11.8017
11.8025
11.8033
11.804
11.8048
11.8055
11.8063
11.8071
11.8078
11.8086
11.8094
11.8101
11.8109
11.8116
11.8124
11.8132
11.8139
11.8147
11.8154
11.8162
11.817
11.8177
11.8185
11.8192
11.82
11.8208
11.8215
11.8223
11.823
11.8238
11.8246
11.8253
11.8261
11.8268
11.8276
11.8284
11.8291
11.8299
11.8306
11.8314
11.8322
11.8329
11.8337
11.8345
11.8352
11.836
11.8368
11.8375
11.8383
11.8391
11.8398
11.8406
11.8414
11.8422
11.8429
11.8437
11.8445
11.8453
11.846
11.8468
11.8476
11.8484
11.8492
11.8499
11.8507
11.8515
11.8523
11.8531
11.8539
11.8546
11.8554
11.8562
11.857
11.8578
11.8586
11.8594
11.8602
11.861
11.8618
11.8626
11.8634
11.8642
11.865
11.8658
11.8666
11.8674
11.8682
11.869
11.8698
11.8707
11.8715
11.8723
11.8731
11.8739
11.8747
11.8756
11.8764
11.8772
11.878
11.8788
11.8796
11.8805
11.8813
11.8821
11.8829
11.8837
11.8845
11.8854
11.8862
11.887
11.8878
11.8886
11.8894
11.8902
11.891
11.8919
11.8927
11.8935
11.8943
11.8951
11.8959
11.8967
11.8975
11.8984
11.8992
11.9
11.9008
11.9016
11.9024
11.9032
11.9041
11.9049
11.9057
11.9065
11.9073
11.9081
11.909
11.9098
11.9106
11.9114
11.9122
11.9131
11.9139
11.9147
11.9155
11.9164
11.9172
11.918
11.9189
11.9197
11.9205
11.9214
11.9222
11.923
11.9239
11.9247
11.9256
11.9264
11.9272
11.9281
11.9289
11.9298
11.9306
11.9315
11.9323
11.9332
11.934
11.9349
11.9358
11.9366
11.9375
11.9383
11.9392
11.9401
11.9409
11.9418
11.9427
11.9435
11.9444
11.9453
11.9462
11.947
11.9479
11.9488
11.9497
11.9506
11.9514
11.9523
11.9532
11.9541
11.955
11.9559
11.9568
11.9577
11.9586
11.9595
11.9604
11.9613
11.9622
11.9631
11.964
11.9649
11.9658
11.9667
11.9676
11.9685
11.9694
11.9703
11.9713
11.9722
11.9731
11.974
11.9749
11.9759
11.9768
11.9777
11.9786
11.9796
11.9805
11.9814
11.9824
11.9833
11.9842
11.9852
11.9861
11.987
11.988
11.9889
11.9899
11.9908
11.9918
11.9927
11.9937
11.9946
11.9956
11.9965
11.9975
11.9984
11.9993
12.0003
12.0012
12.0022
12.0031
12.0041
12.005
12.0059
12.0069
12.0079
12.0088
12.0098
12.0107
12.0117
12.0127
12.0136
12.0146
12.0156
12.0166
12.0175
12.0185
12.0195
12.0205
12.0215
12.0225
12.0234
12.0244
12.0254
12.0264
12.0274
12.0284
12.0294
12.0304
12.0314
12.0324
12.0335
12.0345
12.0355
12.0365
12.0375
12.0385
12.0395
12.0405
12.0416
12.0426
12.0436
12.0446
12.0456
12.0467
12.0477
12.0487
12.0497
12.0508
12.0518
12.0528
12.0538
12.0549
12.0559
12.0569
12.0579
12.059
12.06
12.061
12.0621
12.0631
12.0641
12.0651
12.0662
12.0672
12.0682
12.0692
12.0703
12.0713
12.0723
12.0733
12.0744
12.0754
12.0764
12.0774
12.0784
12.0794
12.0805
12.0815
12.0825
12.0835
12.0845
12.0855
12.0865
12.0875
12.0885
12.0895
12.0905
12.0915
12.0925
12.0935
12.0945
12.0955
12.0965
12.0975
12.0985
12.0995
12.1005
12.1015
12.1024
12.1034
12.1044
12.1054
12.1063
12.1073
12.1083
12.1093
12.1102
12.1112
12.1122
12.1131
12.1141
12.115
12.116
12.1169
12.1179
12.1188
12.1198
12.1207
12.1217
12.1226
12.1236
12.1245
12.1255
12.1264
12.1273
12.1283
12.1292
12.1301
12.1311
12.132
12.1329
12.1338
12.1348
12.1357
12.1366
12.1375
12.1384
12.1394
12.1403
12.1412
12.1421
12.143
12.1439
12.1448
12.1457
12.1467
12.1476
12.1485
12.1494
12.1503
12.1512
12.1521
12.153
12.1539
12.1548
12.1557
12.1566
12.1575
12.1584
12.1593
12.1602
12.1611
12.162
12.1628
12.1637
12.1646
12.1655
12.1664
12.1673
12.1682
12.1691
12.17
12.1709
12.1718
12.1727
12.1736
12.1745
12.1754
12.1763
12.1771
12.178
12.1789
12.1798
12.1807
12.1816
12.1825
12.1834
12.1843
12.1852
12.1861
12.187
12.1879
12.1888
12.1897
12.1906
12.1915
12.1924
12.1933
12.1942
12.1951
12.196
12.1969
12.1978
12.1987
12.1996
12.2005
12.2014
12.2023
12.2032
12.2041
12.2051
12.206
12.2069
12.2078
12.2087
12.2096
12.2105
12.2115
12.2124
12.2133
12.2142
12.2151
12.2161
12.217
12.2179
12.2188
12.2198
12.2207
12.2216
12.2225
12.2235
12.2244
12.2253
12.2263
12.2272
12.2282
12.2291
12.23
12.231
12.2319
12.2329
12.2338
12.2347
12.2357
12.2366
12.2375
12.2385
12.2394
12.2403
12.2413
12.2422
12.2431
12.2441
12.245
12.2459
12.2469
12.2478
12.2487
12.2496
12.2506
12.2515
12.2524
12.2534
12.2543
12.2552
12.2562
12.2571
12.258
12.2589
12.2599
12.2608
12.2617
12.2627
12.2636
12.2645
12.2655
12.2664
12.2673
12.2683
12.2692
12.2702
12.2711
12.272
12.273
12.2739
12.2749
12.2758
12.2768
12.2777
12.2787
12.2796
12.2805
12.2815
12.2825
12.2834
12.2844
12.2853
12.2863
12.2872
12.2882
12.2892
12.2901
12.2911
12.292
12.293
12.294
12.2949
12.2959
12.2969
12.2979
12.2988
12.2998
12.3008
12.3018
12.3028
12.3037
12.3047
12.3057
12.3067
12.3077
12.3087
12.3097
12.3106
12.3116
12.3126
12.3136
12.3146
12.3156
12.3166
12.3176
12.3186
12.3196
12.3206
12.3216
12.3226
12.3237
12.3247
12.3257
12.3267
12.3277
12.3287
12.3297
12.3308
12.3318
12.3328
12.3338
12.3348
12.3359
12.3369
12.3379
12.339
12.34
12.341
12.3421
12.3431
12.3441
12.3452
12.3462
12.3473
12.3483
12.3493
12.3504
12.3514
12.3525
12.3535
12.3546
12.3557
12.3567
12.3578
12.3588
12.3599
12.361
12.362
12.3631
12.3642
12.3652
12.3663
12.3674
12.3685
12.3696
12.3706
12.3717
12.3728
12.3739
12.375
12.3761
12.3772
12.3783
12.3794
12.3805
12.3816
12.3827
12.3838
12.3849
12.386
12.3871
12.3882
12.3893
12.3904
12.3915
12.3926
12.3937
12.3948
12.3959
12.3971
12.3982
12.3993
12.4004
12.4016
12.4027
12.4038
12.405
12.4061
12.4073
12.4084
12.4096
12.4107
12.4119
12.413
12.4142
12.4154
12.4165
12.4177
12.4189
12.4201
12.4212
12.4224
12.4236
12.4248
12.426
12.4271
12.4283
12.4295
12.4307
12.4319
12.4331
12.4343
12.4355
12.4367
12.4379
12.4391
12.4403
12.4416
12.4428
12.444
12.4452
12.4464
12.4476
12.4489
12.4501
12.4513
12.4525
12.4538
12.455
12.4562
12.4574
12.4587
12.4599
12.4611
12.4624
12.4636
12.4648
12.4661
12.4673
12.4685
12.4698
12.471
12.4722
12.4735
12.4747
12.4759
12.4772
12.4784
12.4796
12.4809
12.4821
12.4833
12.4846
12.4858
12.487
12.4882
12.4895
12.4907
12.4919
12.4931
12.4944
12.4956
12.4968
12.498
12.4992
12.5005
12.5017
12.5029
12.5041
12.5053
12.5065
12.5077
12.5089
12.5102
12.5114
12.5126
12.5138
12.515
12.5162
12.5174
12.5186
12.5198
12.521
12.5222
12.5234
12.5245
12.5257
12.5269
12.5281
12.5293
12.5305
12.5317
12.5329
12.534
12.5352
12.5364
12.5376
12.5388
12.5399
12.5411
12.5423
12.5435
12.5446
12.5458
12.547
12.5482
12.5493
12.5505
12.5517
12.5528
12.554
12.5552
12.5563
12.5575
12.5587
12.5598
12.561
12.5621
12.5633
12.5645
12.5656
12.5668
12.568
12.5691
12.5703
12.5714
12.5726
12.5738
12.5749
12.5761
12.5773
12.5784
12.5796
12.5807
12.5819
12.5831
12.5842
12.5854
12.5866
12.5877
12.5889
12.59
12.5912
12.5924
12.5935
12.5947
12.5959
12.5971
12.5982
12.5994
12.6006
12.6017
12.6029
12.6041
12.6052
12.6064
12.6076
12.6088
12.6099
12.6111
12.6123
12.6135
12.6146
12.6158
12.617
12.6182
12.6194
12.6205
12.6217
12.6229
12.6241
12.6253
12.6265
12.6277
12.6288
12.63
12.6312
12.6324
12.6336
12.6348
12.636
12.6372
12.6384
12.6396
12.6408
12.642
12.6432
12.6444
12.6456
12.6468
12.648
12.6492
12.6504
12.6516
12.6528
12.654
12.6552
12.6564
12.6577
12.6589
12.6601
12.6613
12.6625
12.6637
12.665
12.6662
12.6674
12.6686
12.6698
12.6711
12.6723
12.6735
12.6748
12.676
12.6772
12.6784
12.6797
12.6809
12.6821
12.6834
12.6846
12.6858
12.6871
12.6883
12.6896
12.6908
12.692
12.6933
12.6945
12.6958
12.697
12.6982
12.6995
12.7007
12.702
12.7032
12.7045
12.7057
12.7069
12.7082
12.7094
12.7106
12.7118
12.7131
12.7143
12.7155
12.7167
12.7179
12.7191
12.7203
12.7215
12.7227
12.7239
12.7251
12.7263
12.7275
12.7287
12.7299
12.7312
12.7324
12.7336
12.7348
12.736
12.7372
12.7384
12.7396
12.7408
12.742
12.7432
12.7445
12.7457
12.7469
12.7481
12.7493
12.7505
12.7518
12.753
12.7542
12.7554
12.7566
12.7579
12.7591
12.7603
12.7615
12.7628
12.764
12.7652
12.7664
12.7677
12.7689
12.7701
12.7714
12.7726
12.7739
12.7751
12.7763
12.7776
12.7788
12.7801
12.7813
12.7826
12.7838
12.7851
12.7863
12.7876
12.7888
12.7901
12.7913
12.7926
12.7939
12.7951
12.7964
12.7977
12.7989
12.8002
12.8015
12.8027
12.804
12.8053
12.8066
12.8079
12.8091
12.8104
12.8117
12.813
12.8143
12.8156
12.8169
12.8182
12.8195
12.8208
12.8221
12.8234
12.8247
12.826
12.8273
12.8287
12.83
12.8313
12.8326
12.8339
12.8353
12.8366
12.8379
12.8393
12.8406
12.842
12.8433
12.8446
12.846
12.8473
12.8487
12.85
12.8514
12.8528
12.8541
12.8555
12.8569
12.8582
12.8596
12.861
12.8623
12.8637
12.8651
12.8665
12.8679
12.8693
12.8707
12.8721
12.8735
12.8749
12.8763
12.8777
12.8791
12.8806
12.882
12.8834
12.8848
12.8863
12.8877
12.8892
12.8906
12.8921
12.8935
12.895
12.8965
12.8979
12.8994
12.9009
12.9023
12.9038
12.9053
12.9068
12.9083
12.9098
12.9113
12.9128
12.9143
12.9159
12.9174
12.9189
12.9204
12.922
12.9235
12.9251
12.9266
12.9282
12.9297
12.9313
12.9328
12.9344
12.936
12.9376
12.9391
12.9407
12.9423
12.9439
12.9455
12.9471
12.9487
12.9503
12.9519
12.9535
12.9551
12.9567
12.9583
12.9599
12.9615
12.9631
12.9647
12.9664
12.968
12.9696
12.9712
12.9728
12.9745
12.9761
12.9777
12.9794
12.981
12.9826
12.9843
12.9859
12.9875
12.9892
12.9908
12.9925
12.9941
12.9957
12.9974
12.999
13.0007
13.0023
13.004
13.0056
13.0073
13.0089
13.0106
13.0122
13.0139
13.0155
13.0171
13.0188
13.0204
13.0221
13.0237
13.0254
13.027
13.0287
13.0303
13.032
13.0336
13.0353
13.0369
13.0385
13.0402
13.0418
13.0435
13.0451
13.0468
13.0484
13.05
13.0517
13.0533
13.0549
13.0566
13.0582
13.0598
13.0615
13.0631
13.0647
13.0664
13.068
13.0696
13.0713
13.0729
13.0745
13.0761
13.0778
13.0794
13.081
13.0826
13.0842
13.0859
13.0875
13.0891
13.0907
13.0923
13.094
13.0956
13.0972
13.0988
13.1004
13.102
13.1036
13.1053
13.1069
13.1085
13.1101
13.1117
13.1133
13.1149
13.1165
13.1182
13.1198
13.1214
13.123
13.1246
13.1262
13.1279
13.1295
13.1311
13.1327
13.1343
13.1359
13.1376
13.1392
13.1408
13.1424
13.1441
13.1457
13.1473
13.1489
13.1506
13.1522
13.1538
13.1555
13.1571
13.1587
13.1604
13.162
13.1636
13.1653
13.1669
13.1686
13.1702
13.1719
13.1735
13.1751
13.1768
13.1785
13.1801
13.1818
13.1834
13.1851
13.1868
13.1884
13.1901
13.1918
13.1934
13.1951
13.1968
13.1985
13.2001
13.2018
13.2035
13.2052
13.2069
13.2086
13.2103
13.212
13.2137
13.2154
13.2171
13.2188
13.2205
13.2222
13.224
13.2257
13.2274
13.2291
13.2309
13.2326
13.2344
13.2361
13.2378
13.2396
13.2413
13.2431
13.2449
13.2466
13.2484
13.2502
13.2519
13.2537
13.2555
13.2573
13.259
13.2608
13.2626
13.2644
13.2662
13.268
13.2698
13.2717
13.2735
13.2753
13.2771
13.2789
13.2808
13.2826
13.2844
13.2863
13.2881
13.29
13.2918
13.2937
13.2955
13.2974
13.2993
13.3011
13.303
13.3049
13.3068
13.3087
13.3106
13.3125
13.3144
13.3163
13.3182
13.3201
13.322
13.3239
13.3258
13.3278
13.3297
13.3316
13.3336
13.3355
13.3375
13.3394
13.3414
13.3434
13.3453
13.3473
13.3493
13.3513
13.3532
13.3552
13.3572
13.3592
13.3612
13.3632
13.3652
13.3673
13.3693
13.3713
13.3733
13.3753
13.3773
13.3793
13.3813
13.3833
13.3854
13.3874
13.3894
13.3914
13.3934
13.3954
13.3974
13.3994
13.4015
13.4035
13.4055
13.4075
13.4095
13.4115
13.4134
13.4154
13.4174
13.4193
13.4213
13.4233
13.4252
13.4272
13.4292
13.4311
13.4331
13.4351
13.437
13.439
13.4409
13.4429
13.4449
13.4468
13.4488
13.4508
13.4527
13.4547
13.4566
13.4586
13.4606
13.4625
13.4645
13.4664
13.4684
13.4704
13.4723
13.4743
13.4763
13.4782
13.4802
13.4821
13.4841
13.4861
13.488
13.49
13.492
13.494
13.4959
13.4979
13.4999
13.5018
13.5038
13.5058
13.5077
13.5097
13.5117
13.5137
13.5156
13.5176
13.5196
13.5216
13.5236
13.5255
13.5275
13.5295
13.5315
13.5335
13.5354
13.5374
13.5394
13.5414
13.5434
13.5454
13.5473
13.5493
13.5513
13.5533
13.5553
13.5573
13.5592
13.5612
13.5632
13.5652
13.5672
13.5692
13.5712
13.5732
13.5752
13.5772
13.5792
13.5812
13.5832
13.5852
13.5872
13.5892
13.5912
13.5932
13.5952
13.5972
13.5993
13.6013
13.6033
13.6053
13.6073
13.6093
13.6114
13.6134
13.6154
13.6174
13.6195
13.6215
13.6235
13.6256
13.6276
13.6296
13.6317
13.6337
13.6357
13.6378
13.6398
13.6419
13.6439
13.646
13.648
13.6501
13.6521
13.6542
13.6562
13.6583
13.6603
13.6624
13.6644
13.6665
13.6686
13.6706
13.6727
13.6748
13.6768
13.6789
13.681
13.6831
13.6851
13.6872
13.6893
13.6914
13.6934
13.6955
13.6976
13.6997
13.7018
13.7039
13.706
13.708
13.7101
13.7122
13.7143
13.7164
13.7185
13.7206
13.7227
13.7248
13.7269
13.729
13.7311
13.7333
13.7354
13.7375
13.7396
13.7417
13.7438
13.7459
13.7481
13.7502
13.7523
13.7544
13.7566
13.7587
13.7608
13.7629
13.7651
13.7672
13.7693
13.7714
13.7736
13.7757
13.7778
13.7799
13.7821
13.7842
13.7863
13.7884
13.7906
13.7927
13.7948
13.797
13.7991
13.8012
13.8034
13.8055
13.8077
13.8098
13.812
13.8141
13.8163
13.8184
13.8206
13.8227
13.8249
13.827
13.8292
13.8314
13.8335
13.8357
13.8379
13.8401
13.8422
13.8444
13.8466
13.8488
13.851
13.8532
13.8553
13.8575
13.8597
13.8619
13.8641
13.8663
13.8686
13.8708
13.873
13.8752
13.8774
13.8796
13.8819
13.8841
13.8863
13.8886
13.8908
13.893
13.8953
13.8975
13.8998
13.902
13.9043
13.9066
13.9088
13.9111
13.9134
13.9157
13.9179
13.9202
13.9225
13.9248
13.9271
13.9294
13.9317
13.934
13.9363
13.9386
13.9409
13.9432
13.9455
13.9478
13.9501
13.9525
13.9548
13.9571
13.9595
13.9618
13.9642
13.9665
13.9689
13.9713
13.9736
13.976
13.9784
13.9808
13.9832
13.9856
13.988
13.9904
13.9928
13.9952
13.9976
14
14.0024
14.0049
14.0073
14.0097
14.0122
14.0146
14.0171
14.0196
14.022
14.0245
14.027
14.0294
14.0319
14.0344
14.0369
14.0394
14.0419
14.0444
14.0469
14.0494
14.052
14.0545
14.057
14.0595
14.0621
14.0646
14.0672
14.0697
14.0723
14.0748
14.0774
14.08
14.0825
14.0851
14.0877
14.0903
14.0929
14.0955
14.0981
14.1007
14.1033
14.1059
14.1085
14.1112
14.1138
14.1164
14.1191
14.1217
14.1244
14.127
14.1297
14.1324
14.135
14.1377
14.1404
14.1431
14.1457
14.1484
14.1511
14.1538
14.1565
14.1592
14.162
14.1647
14.1674
14.1701
14.1728
14.1756
14.1783
14.1811
14.1838
14.1866
14.1893
14.1921
14.1949
14.1976
14.2004
14.2032
14.206
14.2088
14.2116
14.2144
14.2172
14.22
14.2229
14.2257
14.2285
14.2314
14.2342
14.2371
14.2399
14.2428
14.2457
14.2486
14.2514
14.2543
14.2572
14.2601
14.263
14.266
14.2689
14.2718
14.2748
14.2777
14.2806
14.2836
14.2866
14.2895
14.2925
14.2955
14.2985
14.3015
14.3045
14.3075
14.3105
14.3135
14.3165
14.3196
14.3226
14.3256
14.3287
14.3317
14.3348
14.3379
14.3409
14.344
14.3471
14.3502
14.3533
14.3564
14.3595
14.3626
14.3657
14.3688
14.3719
14.375
14.3782
14.3813
14.3844
14.3876
14.3907
14.3939
14.397
14.4002
14.4033
14.4065
14.4096
14.4128
14.416
14.4191
14.4223
14.4255
14.4286
14.4318
14.435
14.4381
14.4413
14.4445
14.4477
14.4508
14.454
14.4572
14.4603
14.4635
14.4667
14.4698
14.473
14.4762
14.4793
14.4825
14.4856
14.4888
14.4919
14.4951
14.4982
14.5014
14.5045
14.5076
14.5107
14.5138
14.5169
14.52
14.5231
14.5262
14.5293
14.5324
14.5354
14.5385
14.5416
14.5446
14.5477
14.5508
14.5538
14.5569
14.5599
14.563
14.5661
14.5691
14.5722
14.5752
14.5783
14.5813
14.5844
14.5874
14.5905
14.5935
14.5966
14.5996
14.6027
14.6057
14.6088
14.6118
14.6149
14.6179
14.6209
14.624
14.627
14.6301
14.6331
14.6361
14.6392
14.6422
14.6452
14.6483
14.6513
14.6543
14.6574
14.6604
14.6634
14.6664
14.6695
14.6725
14.6755
14.6786
14.6816
14.6846
14.6877
14.6907
14.6937
14.6968
14.6998
14.7028
14.7059
14.7089
14.712
14.715
14.718
14.7211
14.7241
14.7272
14.7302
14.7333
14.7363
14.7394
14.7424
14.7455
14.7485
14.7516
14.7546
14.7577
14.7607
14.7638
14.7668
14.7699
14.7729
14.776
14.7791
14.7821
14.7852
14.7882
14.7913
14.7943
14.7974
14.8004
14.8035
14.8065
14.8096
14.8126
14.8157
14.8187
14.8218
14.8248
14.8279
14.8309
14.834
14.837
14.8401
14.8431
14.8462
14.8492
14.8523
14.8554
14.8584
14.8615
14.8646
14.8677
14.8708
14.8739
14.877
14.8801
14.8832
14.8863
14.8894
