distance
0
-1.08216e-07
-4.10136e-07
-7.64601e-07
-1.28871e-06
-1.94394e-06
-2.80363e-06
-3.82713e-06
-5.08728e-06
-6.54542e-06
-8.27056e-06
-1.02259e-05
-1.24749e-05
-1.49834e-05
-1.78089e-05
-2.09308e-05
-2.44041e-05
-2.82071e-05
-3.23847e-05
-3.69201e-05
-4.18495e-05
-4.71271e-05
-5.28469e-05
-5.90395e-05
-6.57704e-05
-7.3045e-05
-8.09133e-05
-8.93567e-05
-9.84367e-05
-0.00010817
-0.000118595
-0.000129704
-0.000141542
-0.000154074
-0.000167181
-0.000180734
-0.000194479
-0.000208614
-0.000222997
-0.000237387
-0.000252087
-0.000266893
-0.000281595
-0.000296363
-0.000311129
-0.000325741
-0.000340472
-0.000355118
-0.00036954
-0.000384003
-0.000398338
-0.000412405
-0.000426055
-0.000439616
-0.000452971
-0.000465859
-0.000478218
-0.000490363
-0.000502171
-0.000513447
-0.000524216
-0.000534823
-0.000545
-0.000554566
-0.000563394
-0.000571844
-0.000579715
-0.000586992
-0.000593366
-0.000598662
-0.000603116
-0.0006065
-0.000609176
-0.000610993
-0.000611712
-0.000611595
-0.000610368
-0.000608137
-0.000604571
-0.000599439
-0.000593132
-0.00058552
-0.000576346
-0.00056542
-0.000552521
-0.000538155
-0.000522148
-0.000504281
-0.000484349
-0.000462137
-0.000438141
-0.000412198
-0.000384089
-0.000353538
-0.000320377
-0.000285149
-0.000247619
-0.00020755
-0.000164675
-0.00011881
-7.00479e-05
-1.81361e-05
3.68299e-05
9.5036e-05
0.000156621
0.000221615
0.000290103
0.00036202
0.000437556
0.000516801
0.000599715
0.000686471
0.00077712
0.000871525
0.000969812
0.00107121
0.00117591
0.00128408
0.00139585
0.00151049
0.0016282
0.00174905
0.00187254
0.00199877
0.00212733
0.00225832
0.00239173
0.00252724
0.00266485
0.00280283
0.00294217
0.00308328
0.00322598
0.00336978
0.00351488
0.00366133
0.00380892
0.00395778
0.0041082
0.00425995
0.00441328
0.00456838
0.00472527
0.00488416
0.00504534
0.00520881
0.00537494
0.00554386
0.00571544
0.00588968
0.00606662
0.00624613
0.00642801
0.00661227
0.00679898
0.00698809
0.0071795
0.0073733
0.00756963
0.00776848
0.0079698
0.00817368
0.00838027
0.00858957
0.00880152
0.00901623
0.00923382
0.00945431
0.00967769
0.00990403
0.0101334
0.0103659
0.0106015
0.0108401
0.0110821
0.0113274
0.0115759
0.0118277
0.012083
0.0123417
0.0126039
0.0128697
0.0131391
0.013412
0.0136886
0.0139689
0.0142529
0.0145406
0.0148322
0.0151275
0.0154268
0.0157299
0.016037
0.016348
0.0166632
0.0169823
0.0173056
0.017633
0.0179645
0.0183002
0.0186399
0.0189838
0.0193318
0.019684
0.0200404
0.0204008
0.0207654
0.0211342
0.021507
0.021884
0.0222653
0.0226508
0.0230407
0.0234349
0.0238335
0.0242365
0.0246439
0.025056
0.0254727
0.025894
0.0263202
0.0267511
0.0271868
0.0276274
0.0280728
0.0285231
0.0289783
0.0294386
0.0299037
0.0303737
0.0308487
0.0313287
0.0318136
0.0323033
0.032798
0.0332975
0.0338019
0.0343111
0.034825
0.0353438
0.0358672
0.0363954
0.0369282
0.0374656
0.0380075
0.038554
0.039105
0.0396604
0.04022
0.040784
0.0413523
0.0419247
0.0425011
0.0430815
0.0436659
0.0442542
0.0448462
0.0454419
0.0460412
0.0466441
0.0472504
0.04786
0.048473
0.0490891
0.0497083
0.0503304
0.0509555
0.0515834
0.052214
0.0528473
0.0534829
0.054121
0.0547613
0.0554038
0.0560484
0.0566949
0.0573432
0.0579932
0.0586448
0.0592979
0.0599523
0.060608
0.0612648
0.0619228
0.0625818
0.0632419
0.0639029
0.0645647
0.0652274
0.065891
0.0665552
0.0672202
0.0678858
0.0685521
0.069219
0.0698865
0.0705545
0.0712231
0.0718922
0.0725617
0.0732318
0.0739024
0.0745734
0.0752448
0.0759167
0.0765891
0.0772618
0.077935
0.0786086
0.0792808
0.07995
0.0806152
0.0812761
0.0819326
0.0825851
0.0832343
0.0838805
0.0845245
0.0851666
0.0858073
0.0864473
0.0870869
0.0877264
0.0883663
0.0890067
0.0896479
0.09029
0.0909332
0.0915775
0.0922229
0.0928694
0.093517
0.0941656
0.0948154
0.0954663
0.0961184
0.0967715
0.0974257
0.098081
0.0987374
0.099395
0.100054
0.100713
0.101374
0.102036
0.102699
0.103363
0.104028
0.104695
0.105362
0.10603
0.1067
0.10737
0.108042
0.108715
0.109389
0.110064
0.11074
0.111417
0.112095
0.112774
0.113455
0.114136
0.114819
0.115503
0.116188
0.116874
0.117561
0.118249
0.118938
0.119629
0.120321
0.121013
0.121707
0.122403
0.123099
0.123796
0.124495
0.125195
0.125896
0.126598
0.127302
0.128007
0.128713
0.12942
0.130128
0.130838
0.131547
0.132257
0.132968
0.133681
0.134394
0.135109
0.135825
0.136543
0.137261
0.137981
0.138701
0.139423
0.140146
0.140871
0.141596
0.142323
0.143051
0.14378
0.14451
0.145242
0.145975
0.14671
0.147445
0.148183
0.148921
0.149661
0.150402
0.151145
0.151889
0.152634
0.153381
0.154129
0.154879
0.155629
0.156381
0.157134
0.157889
0.158645
0.159402
0.160161
0.160921
0.161683
0.162447
0.163211
0.163978
0.164744
0.165509
0.166276
0.167044
0.167814
0.168585
0.169357
0.17013
0.170905
0.171682
0.17246
0.17324
0.17402
0.174803
0.175587
0.176371
0.177158
0.177945
0.178733
0.179522
0.180311
0.181102
0.181893
0.182685
0.183478
0.184271
0.185064
0.185857
0.186651
0.187445
0.188239
0.189033
0.189827
0.190621
0.191414
0.192208
0.193001
0.193794
0.194586
0.195378
0.19617
0.196961
0.197752
0.198542
0.199331
0.20012
0.200908
0.201695
0.202482
0.203268
0.204054
0.204838
0.205622
0.206406
0.207188
0.20797
0.208751
0.209531
0.210311
0.21109
0.211869
0.212647
0.213424
0.214201
0.214977
0.215752
0.216527
0.217302
0.218076
0.21885
0.219624
0.220397
0.22117
0.221942
0.222715
0.223487
0.224259
0.22503
0.225802
0.226573
0.227345
0.228116
0.228888
0.229659
0.230431
0.231202
0.231974
0.232746
0.233518
0.23429
0.235063
0.235836
0.23661
0.237384
0.238158
0.238933
0.239709
0.240485
0.241262
0.242039
0.242818
0.243597
0.244377
0.245157
0.245939
0.246722
0.247506
0.248291
0.249077
0.249864
0.250652
0.251442
0.252233
0.253025
0.253819
0.254614
0.255411
0.256209
0.257008
0.257809
0.258612
0.259416
0.260222
0.26103
0.26184
0.262651
0.263464
0.264279
0.265097
0.265916
0.266737
0.26756
0.268386
0.269213
0.270043
0.270875
0.27171
0.272546
0.273386
0.274227
0.275071
0.275918
0.276767
0.277618
0.278472
0.279329
0.280188
0.28105
0.281915
0.282782
0.283652
0.284525
0.2854
0.286279
0.28716
0.288044
0.288931
0.28982
0.290713
0.291608
0.292507
0.293408
0.294313
0.29522
0.29613
0.297044
0.29796
0.298879
0.299802
0.300727
0.301656
0.302587
0.303522
0.30446
0.305401
0.306345
0.307291
0.308242
0.309195
0.310151
0.31111
0.312073
0.313038
0.314007
0.314979
0.315954
0.316932
0.317913
0.318898
0.319885
0.320876
0.32187
0.322867
0.323867
0.32487
0.325877
0.326887
0.327899
0.328915
0.329935
0.330957
0.331982
0.333011
0.334043
0.335077
0.336115
0.337156
0.338201
0.339248
0.340298
0.341351
0.342408
0.343467
0.344529
0.345595
0.346663
0.347734
0.348808
0.349885
0.350965
0.352047
0.353133
0.354221
0.355311
0.356404
0.3575
0.358599
0.3597
0.360803
0.361909
0.363017
0.364128
0.36524
0.366355
0.367472
0.368591
0.369712
0.370835
0.37196
0.373086
0.374215
0.375345
0.376476
0.377609
0.378743
0.379879
0.381016
0.382154
0.383293
0.384434
0.385576
0.386718
0.387862
0.389006
0.390152
0.391298
0.392445
0.393593
0.394742
0.395891
0.397041
0.398191
0.399342
0.400493
0.401645
0.402798
0.403951
0.405104
0.406256
0.407408
0.408561
0.409714
0.410863
0.412007
0.413145
0.414277
0.415403
0.416526
0.417646
0.418764
0.419881
0.420997
0.422114
0.42323
0.424347
0.425464
0.426582
0.427701
0.42882
0.429939
0.43106
0.432181
0.433302
0.434425
0.435548
0.436672
0.437796
0.438921
0.440047
0.441173
0.4423
0.443427
0.444555
0.445684
0.446814
0.447944
0.449075
0.450207
0.45134
0.452474
0.453609
0.454744
0.455879
0.457016
0.458153
0.459291
0.460429
0.461568
0.462708
0.463848
0.464989
0.46613
0.467272
0.468415
0.469558
0.470702
0.471847
0.472993
0.47414
0.475288
0.476435
0.477584
0.478734
0.479885
0.481036
0.482188
0.483341
0.484495
0.48565
0.486802
0.487952
0.489097
0.490239
0.491378
0.492515
0.493651
0.494786
0.495921
0.497057
0.498193
0.49933
0.500468
0.501607
0.502747
0.503889
0.505032
0.506176
0.507322
0.508468
0.509617
0.510766
0.511917
0.513069
0.514223
0.515379
0.516535
0.517694
0.518853
0.520014
0.521177
0.522341
0.523506
0.524673
0.525841
0.527011
0.528181
0.529354
0.530527
0.531702
0.532878
0.534055
0.535233
0.536413
0.537593
0.538775
0.539959
0.541143
0.542328
0.543515
0.544703
0.545892
0.547082
0.548273
0.549466
0.55066
0.551854
0.553051
0.554248
0.555446
0.556646
0.557846
0.559048
0.560251
0.561456
0.562661
0.563868
0.565076
0.566285
0.567495
0.568706
0.569919
0.571132
0.572347
0.573563
0.574781
0.575999
0.577219
0.57844
0.579662
0.580885
0.58211
0.583336
0.584563
0.585791
0.587021
0.588252
0.589484
0.590718
0.591951
0.593183
0.594413
0.595641
0.596868
0.598092
0.599314
0.600534
0.601753
0.602969
0.604184
0.605398
0.606611
0.607824
0.609037
0.610246
0.611452
0.612655
0.613855
0.61505
0.616242
0.617429
0.618613
0.619795
0.620975
0.622154
0.623333
0.624511
0.625689
0.626867
0.628045
0.629225
0.630404
0.631585
0.632766
0.633948
0.635131
0.636314
0.637497
0.638681
0.639864
0.641048
0.642231
0.643415
0.644597
0.645779
0.646961
0.648141
0.649321
0.650499
0.651675
0.652849
0.654021
0.655191
0.656358
0.657522
0.658683
0.659841
0.660996
0.662147
0.663294
0.664438
0.665579
0.666716
0.667849
0.668979
0.670106
0.671229
0.672349
0.673466
0.67458
0.67569
0.676798
0.677903
0.679005
0.680104
0.6812
0.682294
0.683386
0.684475
0.685562
0.686647
0.687729
0.688809
0.689888
0.690964
0.692038
0.69311
0.694181
0.69525
0.696316
0.697381
0.698445
0.699506
0.700566
0.701624
0.70268
0.703734
0.704787
0.705838
0.706888
0.707935
0.708982
0.710026
0.711069
0.71211
0.713149
0.714187
0.715224
0.716258
0.717292
0.718323
0.719353
0.720382
0.72141
0.722435
0.72346
0.724483
0.725505
0.726525
0.727544
0.728562
0.729578
0.730593
0.731607
0.73262
0.733631
0.734641
0.73565
0.736658
0.737664
0.738669
0.739674
0.740676
0.741678
0.742679
0.743678
0.744676
0.745674
0.74667
0.747665
0.748658
0.749651
0.750642
0.751633
0.752622
0.75361
0.754598
0.755584
0.756568
0.757552
0.758535
0.759517
0.760497
0.761477
0.762455
0.763432
0.764408
0.765383
0.766357
0.76733
0.768301
0.769272
0.770241
0.771209
0.772176
0.773141
0.774105
0.775068
0.77603
0.776991
0.77795
0.778908
0.779864
0.780819
0.781774
0.782726
0.783678
0.784628
0.785577
0.786525
0.787472
0.788417
0.789362
0.790305
0.791247
0.792187
0.793127
0.794066
0.795003
0.79594
0.796875
0.79781
0.798743
0.799676
0.800607
0.801538
0.802467
0.803396
0.804324
0.805251
0.806177
0.807102
0.808026
0.80895
0.809873
0.810795
0.811716
0.812637
0.813557
0.814476
0.815395
0.816313
0.81723
0.818147
0.819063
0.819979
0.820894
0.821808
0.822722
0.823636
0.824549
0.825462
0.826375
0.827287
0.828198
0.82911
0.830021
0.830932
0.831843
0.832753
0.833663
0.834573
0.835483
0.836393
0.837302
0.838212
0.839121
0.84003
0.84094
0.841849
0.842758
0.843667
0.844576
0.845486
0.846395
0.847304
0.848214
0.849123
0.850033
0.850943
0.851853
0.852763
0.853673
0.854584
0.855494
0.856405
0.857316
0.858228
0.859139
0.860051
0.860963
0.861876
0.862788
0.863702
0.864615
0.865529
0.866443
0.867357
0.868272
0.869187
0.870103
0.871019
0.871935
0.872852
0.873769
0.874687
0.875605
0.876523
0.877442
0.878362
0.879282
0.880202
0.881122
0.882044
0.882965
0.883887
0.88481
0.885733
0.886656
0.88758
0.888505
0.88943
0.890355
0.89128
0.892205
0.89313
0.894054
0.894978
0.895901
0.896824
0.897746
0.898667
0.899588
0.900508
0.901428
0.902348
0.903268
0.904187
0.905107
0.906026
0.906946
0.907865
0.908786
0.909706
0.910627
0.911548
0.91247
0.913393
0.914316
0.915239
0.916164
0.917089
0.918015
0.918941
0.919869
0.920797
0.921726
0.922656
0.923587
0.924519
0.925452
0.926385
0.92732
0.928255
0.929192
0.93013
0.931068
0.932008
0.932949
0.93389
0.934833
0.935777
0.936722
0.937668
0.938615
0.939563
0.940512
0.941463
0.942414
0.943367
0.944321
0.945276
0.946232
0.947189
0.948147
0.949107
0.950067
0.951029
0.951992
0.952956
0.953921
0.954887
0.955854
0.956822
0.957791
0.958762
0.959733
0.960705
0.961679
0.962653
0.963628
0.964605
0.965582
0.966561
0.96754
0.96852
0.969501
0.970484
0.971467
0.972451
0.973436
0.974422
0.975408
0.976396
0.977384
0.978374
0.979364
0.980355
0.981347
0.98234
0.983333
0.984328
0.985323
0.986319
0.987316
0.988314
0.989313
0.990312
0.991312
0.992313
0.993315
0.994318
0.995319
0.996316
0.997306
0.99829
0.999269
1.00024
1.00122
1.00219
1.00316
1.00414
1.00511
1.00608
1.00706
1.00803
1.00901
1.00999
1.01097
1.01195
1.01293
1.01391
1.01489
1.01588
1.01686
1.01784
1.01883
1.01982
1.0208
1.02179
1.02278
1.02377
1.02476
1.02575
1.02674
1.02773
1.02873
1.02972
1.03072
1.03171
1.03271
1.0337
1.0347
1.0357
1.0367
1.0377
1.0387
1.0397
1.0407
1.0417
1.04271
1.04371
1.04471
1.04572
1.04672
1.04773
1.04873
1.04974
1.05075
1.05176
1.05277
1.05378
1.05479
1.0558
1.05681
1.05783
1.05884
1.05985
1.06087
1.06189
1.0629
1.06392
1.06494
1.06596
1.06698
1.068
1.06903
1.07005
1.07108
1.0721
1.07313
1.07416
1.07518
1.07621
1.07725
1.07828
1.07931
1.08034
1.08138
1.08242
1.08345
1.08449
1.08553
1.08657
1.08761
1.08866
1.0897
1.09075
1.0918
1.09284
1.09389
1.09494
1.096
1.09705
1.09811
1.09916
1.10022
1.10128
1.10234
1.1034
1.10446
1.10553
1.10659
1.10766
1.10873
1.1098
1.11087
1.11194
1.11302
1.11409
1.11517
1.11625
1.11733
1.11841
1.11949
1.12057
1.12166
1.12275
1.12383
1.12492
1.12602
1.12711
1.1282
1.1293
1.1304
1.13149
1.13259
1.1337
1.1348
1.1359
1.13701
1.13812
1.13922
1.14033
1.14145
1.14256
1.14367
1.14479
1.14591
1.14703
1.14815
1.14927
1.15039
1.15152
1.15264
1.15377
1.1549
1.15603
1.15716
1.1583
1.15943
1.16057
1.16171
1.16285
1.16399
1.16513
1.16628
1.16742
1.16857
1.16972
1.17087
1.17202
1.17318
1.17433
1.17549
1.17665
1.17781
1.17897
1.18013
1.18129
1.18246
1.18363
1.18479
1.18596
1.18714
1.18831
1.18948
1.19066
1.19184
1.19302
1.1942
1.19538
1.19656
1.19775
1.19893
1.20012
1.20131
1.2025
1.20369
1.20488
1.20608
1.20727
1.20847
1.20967
1.21087
1.21207
1.21327
1.21448
1.21568
1.21689
1.2181
1.21931
1.22052
1.22173
1.22295
1.22416
1.22538
1.2266
1.22782
1.22904
1.23026
1.23148
1.23271
1.23393
1.23516
1.23639
1.23762
1.23885
1.24009
1.24132
1.24256
1.24379
1.24503
1.24627
1.24751
1.24875
1.24999
1.25122
1.25246
1.2537
1.25494
1.25618
1.25741
1.25865
1.25989
1.26112
1.26236
1.2636
1.26483
1.26607
1.26731
1.26854
1.26978
1.27102
1.27225
1.27349
1.27473
1.27596
1.2772
1.27843
1.27966
1.2809
1.28213
1.28336
1.28459
1.28582
1.28705
1.28829
1.28952
1.29075
1.29198
1.29321
1.29443
1.29566
1.29689
1.29812
1.29935
1.30057
1.3018
1.30302
1.30425
1.30547
1.30669
1.30791
1.30913
1.31035
1.31157
1.31279
1.314
1.31521
1.31642
1.31763
1.31884
1.32005
1.32125
1.32246
1.32366
1.32486
1.32605
1.32725
1.32844
1.32963
1.33082
1.33201
1.33319
1.33438
1.33556
1.33674
1.33791
1.33909
1.34026
1.34143
1.3426
1.34376
1.34493
1.34609
1.34725
1.34841
1.34957
1.35072
1.35188
1.35303
1.35418
1.35533
1.35647
1.35762
1.35876
1.35991
1.36105
1.36219
1.36332
1.36446
1.3656
1.36673
1.36786
1.36899
1.37012
1.37125
1.37238
1.37351
1.37463
1.37575
1.37688
1.378
1.37912
1.38023
1.38135
1.38247
1.38358
1.38469
1.3858
1.38691
1.38802
1.38912
1.39022
1.39132
1.39242
1.39352
1.39462
1.39571
1.39681
1.3979
1.39899
1.40008
1.40116
1.40225
1.40333
1.40442
1.4055
1.40658
1.40766
1.40874
1.40981
1.41089
1.41196
1.41304
1.41411
1.41519
1.41626
1.41733
1.4184
1.41947
1.42054
1.42162
1.42269
1.42375
1.42482
1.42589
1.42696
1.42803
1.4291
1.43017
1.43124
1.43231
1.43338
1.43445
1.43552
1.43659
1.43766
1.43873
1.4398
1.44087
1.44194
1.44301
1.44408
1.44515
1.44622
1.4473
1.44837
1.44944
1.45052
1.45159
1.45267
1.45374
1.45482
1.45589
1.45697
1.45805
1.45912
1.4602
1.46128
1.46236
1.46344
1.46452
1.4656
1.46668
1.46776
1.46884
1.46993
1.47101
1.4721
1.47318
1.47427
1.47535
1.47644
1.47753
1.47861
1.4797
1.48079
1.48188
1.48297
1.48407
1.48516
1.48625
1.48734
1.48844
1.48953
1.49063
1.49173
1.49282
1.49392
1.49502
1.49612
1.49722
1.49832
1.49942
1.50053
1.50163
1.50273
1.50384
1.50494
1.50605
1.50716
1.50827
1.50938
1.51048
1.5116
1.51271
1.51382
1.51493
1.51604
1.51716
1.51827
1.51939
1.5205
1.52162
1.52274
1.52386
1.52498
1.5261
1.52722
1.52834
1.52946
1.53058
1.53171
1.53283
1.53395
1.53508
1.53621
1.53733
1.53846
1.53959
1.54072
1.54185
1.54298
1.54411
1.54524
1.54637
1.54751
1.54864
1.54977
1.55091
1.55204
1.55318
1.55432
1.55546
1.5566
1.55774
1.55888
1.56002
1.56116
1.5623
1.56345
1.56459
1.56574
1.56688
1.56803
1.56918
1.57033
1.57148
1.57263
1.57378
1.57493
1.57609
1.57724
1.5784
1.57955
1.58071
1.58187
1.58303
1.58419
1.58535
1.58652
1.58768
1.58885
1.59001
1.59118
1.59235
1.59352
1.59469
1.59586
1.59703
1.59821
1.59938
1.60056
1.60174
1.60292
1.6041
1.60528
1.60646
1.60765
1.60883
1.61002
1.61121
1.6124
1.61359
1.61478
1.61598
1.61717
1.61837
1.61957
1.62077
1.62197
1.62317
1.62437
1.62558
1.62679
1.62799
1.62921
1.63042
1.63163
1.63284
1.63406
1.63528
1.6365
1.63772
1.63894
1.64017
1.64139
1.64262
1.64385
1.64508
1.64631
1.64754
1.64878
1.65002
1.65126
1.6525
1.65374
1.65498
1.65623
1.65747
1.65872
1.65997
1.66122
1.66248
1.66373
1.66499
1.66624
1.6675
1.66876
1.67003
1.67129
1.67256
1.67382
1.67509
1.67636
1.67763
1.67891
1.68018
1.68146
1.68274
1.68401
1.68528
1.68655
1.68781
1.68907
1.69032
1.69157
1.69282
1.69407
1.69533
1.69658
1.69784
1.69909
1.70035
1.70162
1.70288
1.70414
1.70541
1.70668
1.70795
1.70922
1.71049
1.71177
1.71304
1.71432
1.7156
1.71688
1.71817
1.71945
1.72074
1.72202
1.72331
1.7246
1.72589
1.72719
1.72848
1.72978
1.73108
1.73238
1.73368
1.73498
1.73628
1.73759
1.73889
1.7402
1.74151
1.74282
1.74413
1.74545
1.74676
1.74808
1.7494
1.75072
1.75204
1.75336
1.75468
1.75601
1.75734
1.75867
1.75999
1.76132
1.76266
1.76399
1.76532
1.76666
1.76799
1.76933
1.77067
1.77201
1.77335
1.7747
1.77605
1.77739
1.77874
1.7801
1.78145
1.78281
1.78417
1.78553
1.78689
1.78825
1.78962
1.79098
1.79235
1.79372
1.79508
1.79645
1.79782
1.79918
1.80055
1.80192
1.80329
1.80466
1.80603
1.80741
1.80878
1.81016
1.81153
1.81291
1.81429
1.81567
1.81705
1.81844
1.81982
1.82121
1.8226
1.82398
1.82537
1.82676
1.82816
1.82955
1.83094
1.83234
1.83373
1.83513
1.83653
1.83792
1.83932
1.84072
1.84212
1.84352
1.84492
1.84632
1.84772
1.84912
1.85052
1.85192
1.85332
1.85472
1.85611
1.85751
1.8589
1.8603
1.86169
1.86308
1.86447
1.86586
1.86725
1.86863
1.87002
1.8714
1.87278
1.87417
1.87555
1.87693
1.8783
1.87968
1.88106
1.88243
1.8838
1.88517
1.88655
1.88792
1.88928
1.89065
1.89202
1.89338
1.89475
1.89611
1.89747
1.89883
1.90019
1.90155
1.90291
1.90426
1.90562
1.90697
1.90833
1.90968
1.91103
1.91237
1.91372
1.91507
1.91641
1.91775
1.91909
1.92043
1.92177
1.9231
1.92444
1.92577
1.9271
1.92843
1.92976
1.93109
1.93241
1.93373
1.93505
1.93637
1.93769
1.93901
1.94032
1.94164
1.94295
1.94426
1.94557
1.94687
1.94818
1.94948
1.95079
1.95209
1.95339
1.95469
1.95598
1.95728
1.95857
1.95986
1.96115
1.96244
1.96373
1.96502
1.96631
1.96759
1.96887
1.97015
1.97143
1.97271
1.97399
1.97527
1.97654
1.97781
1.97909
1.98036
1.98163
1.9829
1.98416
1.98543
1.98669
1.98796
1.98922
1.99048
1.99174
1.993
1.99426
1.99552
1.99677
1.99803
1.99928
2.00054
2.00179
2.00304
2.00429
2.00554
2.00679
2.00804
2.00929
2.01054
2.01178
2.01303
2.01428
2.01552
2.01677
2.01801
2.01926
2.0205
2.02175
2.02299
2.02424
2.02548
2.02673
2.02797
2.02921
2.03046
2.0317
2.03295
2.03419
2.03544
2.03668
2.03792
2.03917
2.04041
2.04166
2.04291
2.04415
2.0454
2.04664
2.04789
2.04914
2.05039
2.05163
2.05288
2.05413
2.05538
2.05663
2.05788
2.05913
2.06038
2.06163
2.06288
2.06414
2.06539
2.06664
2.0679
2.06915
2.07041
2.07166
2.07292
2.07418
2.07543
2.07669
2.07795
2.07921
2.08047
2.08173
2.08299
2.08425
2.08552
2.08678
2.08804
2.0893
2.09056
2.09182
2.09309
2.09435
2.09561
2.09687
2.09813
2.09939
2.10065
2.10191
2.10318
2.10444
2.1057
2.10696
2.10822
2.10949
2.11075
2.11202
2.11328
2.11455
2.11581
2.11708
2.11834
2.11961
2.12088
2.12215
2.12342
2.12469
2.12596
2.12724
2.12851
2.12978
2.13106
2.13233
2.13361
2.13489
2.13617
2.13744
2.13872
2.14
2.14129
2.14257
2.14385
2.14514
2.14642
2.14771
2.149
2.15028
2.15157
2.15286
2.15416
2.15545
2.15674
2.15804
2.15933
2.16063
2.16192
2.16322
2.16452
2.16582
2.16712
2.16843
2.16973
2.17104
2.17234
2.17365
2.17496
2.17627
2.17758
2.17889
2.1802
2.18151
2.18283
2.18415
2.18546
2.18678
2.1881
2.18942
2.19074
2.19207
2.19339
2.19472
2.19605
2.19737
2.1987
2.20004
2.20137
2.2027
2.20404
2.20537
2.20671
2.20805
2.20939
2.21073
2.21208
2.21342
2.21477
2.21612
2.21747
2.21882
2.22017
2.22152
2.22288
2.22423
2.22559
2.22695
2.22831
2.22968
2.23104
2.23241
2.23377
2.23514
2.23651
2.23788
2.23926
2.24063
2.24201
2.24338
2.24476
2.24614
2.24752
2.24891
2.25029
2.25168
2.25307
2.25446
2.25585
2.25724
2.25863
2.26003
2.26143
2.26283
2.26423
2.26563
2.26703
2.26843
2.26984
2.27125
2.27265
2.27406
2.27547
2.27687
2.27827
2.27966
2.28105
2.28244
2.28382
2.28521
2.28659
2.28798
2.28936
2.29075
2.29214
2.29353
2.29493
2.29632
2.29772
2.29912
2.30052
2.30192
2.30333
2.30473
2.30614
2.30755
2.30896
2.31037
2.31179
2.3132
2.31462
2.31604
2.31746
2.31888
2.3203
2.32172
2.32315
2.32458
2.32601
2.32744
2.32887
2.3303
2.33173
2.33317
2.33461
2.33605
2.33749
2.33893
2.34037
2.34182
2.34326
2.34471
2.34616
2.34761
2.34906
2.35052
2.35197
2.35343
2.35489
2.35635
2.35781
2.35927
2.36074
2.3622
2.36367
2.36514
2.36661
2.36809
2.36956
2.37104
2.37252
2.374
2.37548
2.37697
2.37846
2.37994
2.38143
2.38293
2.38442
2.38592
2.38741
2.38891
2.39041
2.39192
2.39342
2.39493
2.39644
2.39795
2.39946
2.40098
2.40249
2.40401
2.40552
2.40704
2.40856
2.41008
2.4116
2.41312
2.41464
2.41616
2.41768
2.4192
2.42072
2.42225
2.42377
2.4253
2.42683
2.42836
2.42989
2.43142
2.43295
2.43448
2.43601
2.43754
2.43907
2.44059
2.44212
2.44364
2.44516
2.44668
2.4482
2.44972
2.45124
2.45276
2.45428
2.45579
2.45731
2.45883
2.46035
2.46187
2.46339
2.46491
2.46643
2.46795
2.46947
2.47099
2.47251
2.47403
2.47555
2.47707
2.47859
2.48011
2.48163
2.48315
2.48467
2.48619
2.48771
2.48922
2.49074
2.49225
2.49376
2.49527
2.49678
2.49828
2.49978
2.50128
2.50278
2.50427
2.50576
2.50725
2.50874
2.51022
2.5117
2.51318
2.51466
2.51613
2.5176
2.51906
2.52053
2.52199
2.52345
2.52491
2.52636
2.52781
2.52926
2.53071
2.53216
2.5336
2.53504
2.53649
2.53792
2.53936
2.5408
2.54223
2.54366
2.5451
2.54653
2.54795
2.54938
2.55081
2.55223
2.55365
2.55507
2.55649
2.55791
2.55933
2.56074
2.56216
2.56357
2.56498
2.56639
2.5678
2.5692
2.57061
2.57201
2.57341
2.57481
2.57621
2.5776
2.579
2.58039
2.58178
2.58317
2.58456
2.58595
2.58733
2.58872
2.5901
2.59148
2.59286
2.59424
2.59562
2.59699
2.59837
2.59974
2.60111
2.60248
2.60385
2.60522
2.60658
2.60795
2.60931
2.61067
2.61204
2.6134
2.61476
2.61611
2.61747
2.61883
2.62018
2.62154
2.62289
2.62424
2.6256
2.62695
2.6283
2.62965
2.631
2.63234
2.63369
2.63504
2.63638
2.63773
2.63908
2.64042
2.64176
2.64311
2.64445
2.64579
2.64714
2.64848
2.64982
2.65116
2.65251
2.65385
2.65519
2.65653
2.65787
2.65922
2.66056
2.6619
2.66324
2.66458
2.66592
2.66727
2.66861
2.66995
2.67129
2.67263
2.67398
2.67532
2.67666
2.67801
2.67935
2.68069
2.68204
2.68338
2.68473
2.68607
2.68742
2.68876
2.69011
2.69146
2.69281
2.69415
2.6955
2.69685
2.6982
2.69955
2.7009
2.70225
2.7036
2.70495
2.7063
2.70766
2.70901
2.71036
2.71172
2.71307
2.71443
2.71578
2.71714
2.71849
2.71985
2.72121
2.72257
2.72393
2.72529
2.72665
2.72801
2.72937
2.73073
2.73209
2.73345
2.73482
2.73618
2.73754
2.73891
2.74027
2.74164
2.74301
2.74437
2.74574
2.74711
2.74848
2.74985
2.75122
2.75259
2.75396
2.75533
2.7567
2.75808
2.75945
2.76082
2.7622
2.76357
2.76495
2.76633
2.7677
2.76908
2.77045
2.77183
2.7732
2.77458
2.77595
2.77732
2.7787
2.78007
2.78144
2.78281
2.78418
2.78555
2.78692
2.78829
2.78967
2.79104
2.79241
2.79378
2.79515
2.79653
2.7979
2.79927
2.80065
2.80202
2.8034
2.80478
2.80615
2.80753
2.80891
2.81029
2.81167
2.81305
2.81444
2.81582
2.8172
2.81859
2.81998
2.82136
2.82275
2.82414
2.82553
2.82692
2.82831
2.8297
2.8311
2.83249
2.83389
2.83528
2.83668
2.83808
2.83948
2.84088
2.84228
2.84368
2.84508
2.84648
2.84789
2.84929
2.8507
2.85211
2.85352
2.85492
2.85634
2.85775
2.85916
2.86057
2.86199
2.86341
2.86482
2.86624
2.86766
2.86908
2.8705
2.87193
2.87335
2.87478
2.87621
2.87763
2.87906
2.88049
2.88193
2.88336
2.8848
2.88623
2.88767
2.88911
2.89055
2.89199
2.89344
2.89488
2.89633
2.89777
2.89922
2.90067
2.90212
2.90358
2.90503
2.90649
2.90795
2.9094
2.91087
2.91233
2.91379
2.91525
2.91672
2.91819
2.91966
2.92113
2.9226
2.92407
2.92555
2.92702
2.9285
2.92998
2.93146
2.93294
2.93442
2.93591
2.93739
2.93886
2.94033
2.9418
2.94326
2.94472
2.94618
2.94764
2.9491
2.95056
2.95202
2.95348
2.95495
2.95641
2.95788
2.95935
2.96082
2.9623
2.96377
2.96525
2.96673
2.96821
2.96969
2.97117
2.97266
2.97415
2.97564
2.97713
2.97862
2.98011
2.98161
2.9831
2.9846
2.9861
2.9876
2.9891
2.99061
2.99211
2.99362
2.99513
2.99664
2.99815
2.99966
3.00118
3.00269
3.00421
3.00573
3.00725
3.00877
3.0103
3.01182
3.01335
3.01488
3.01641
3.01794
3.01947
3.02101
3.02255
3.02408
3.02562
3.02717
3.02871
3.03026
3.0318
3.03335
3.0349
3.03646
3.03801
3.03957
3.04113
3.04269
3.04425
3.04582
3.04738
3.04895
3.05052
3.0521
3.05367
3.05525
3.05683
3.05841
3.05999
3.06157
3.06315
3.06473
3.06631
3.06789
3.06948
3.07106
3.07264
3.07423
3.07582
3.07741
3.079
3.08059
3.08218
3.08378
3.08538
3.08698
3.08857
3.09017
3.09177
3.09337
3.09497
3.09656
3.09816
3.09975
3.10135
3.10294
3.10452
3.10611
3.1077
3.10929
3.11088
3.11246
3.11405
3.11564
3.11722
3.11881
3.1204
3.12198
3.12357
3.12516
3.12675
3.12834
3.12993
3.13152
3.13311
3.1347
3.13629
3.13788
3.13948
3.14107
3.14266
3.14425
3.14584
3.14743
3.14902
3.1506
3.15219
3.15377
3.15535
3.15693
3.15851
3.16008
3.16165
3.16322
3.16479
3.16635
3.16791
3.16947
3.17102
3.17258
3.17413
3.17567
3.17722
3.17876
3.1803
3.18183
3.18336
3.18489
3.18642
3.18795
3.18947
3.19099
3.19251
3.19403
3.19555
3.19706
3.19857
3.20008
3.20159
3.2031
3.20461
3.20611
3.20762
3.20912
3.21062
3.21212
3.21362
3.21511
3.21661
3.2181
3.21959
3.22108
3.22257
3.22406
3.22555
3.22703
3.22852
3.23
3.23148
3.23296
3.23443
3.23591
3.23738
3.23886
3.24033
3.2418
3.24326
3.24473
3.2462
3.24766
3.24912
3.25058
3.25204
3.2535
3.25495
3.25641
3.25786
3.25931
3.26076
3.26221
3.26366
3.2651
3.26655
3.26799
3.26944
3.27088
3.27232
3.27376
3.2752
3.27663
3.27807
3.2795
3.28094
3.28237
3.2838
3.28523
3.28666
3.28809
3.28951
3.29094
3.29237
3.29379
3.29521
3.29664
3.29806
3.29948
3.3009
3.30232
3.30374
3.30516
3.30657
3.30799
3.30941
3.31082
3.31224
3.31365
3.31507
3.31648
3.3179
3.31931
3.32072
3.32214
3.32355
3.32496
3.32638
3.32779
3.3292
3.33061
3.33202
3.33344
3.33485
3.33626
3.33767
3.33908
3.3405
3.34191
3.34332
3.34473
3.34615
3.34756
3.34897
3.35039
3.3518
3.35321
3.35463
3.35604
3.35746
3.35887
3.36029
3.3617
3.36312
3.36453
3.36595
3.36737
3.36878
3.3702
3.37162
3.37304
3.37446
3.37588
3.3773
3.37872
3.38014
3.38156
3.38298
3.3844
3.38583
3.38725
3.38867
3.3901
3.39152
3.39295
3.39437
3.3958
3.39723
3.39865
3.40008
3.40151
3.40294
3.40437
3.4058
3.40723
3.40866
3.41009
3.41152
3.41295
3.41438
3.41582
3.41725
3.41869
3.42012
3.42156
3.42299
3.42443
3.42587
3.4273
3.42874
3.43018
3.43162
3.43306
3.4345
3.43594
3.43738
3.43882
3.44027
3.44171
3.44315
3.44459
3.44603
3.44746
3.4489
3.45034
3.45177
3.4532
3.45464
3.45607
3.4575
3.45893
3.46036
3.46179
3.46322
3.46466
3.46609
3.46752
3.46895
3.47039
3.47182
3.47325
3.47469
3.47612
3.47756
3.479
3.48043
3.48187
3.48331
3.48475
3.48619
3.48763
3.48908
3.49052
3.49196
3.49341
3.49485
3.4963
3.49775
3.4992
3.50064
3.50209
3.50355
3.505
3.50645
3.5079
3.50936
3.51081
3.51227
3.51372
3.51518
3.51664
3.5181
3.51956
3.52102
3.52248
3.52394
3.52541
3.52687
3.52834
3.52981
3.53127
3.53274
3.53421
3.53568
3.53716
3.53863
3.5401
3.54158
3.54306
3.54453
3.54601
3.54749
3.54897
3.55046
3.55194
3.55342
3.55491
3.5564
3.55789
3.55938
3.56087
3.56236
3.56385
3.56535
3.56685
3.56834
3.56984
3.57134
3.57284
3.57435
3.57585
3.57736
3.57886
3.58037
3.58188
3.58339
3.58491
3.58642
3.58794
3.58945
3.59097
3.59249
3.59401
3.59553
3.59705
3.59858
3.60011
3.60163
3.60316
3.60469
3.60622
3.60776
3.60929
3.61083
3.61236
3.6139
3.61544
3.61697
3.6185
3.62003
3.62155
3.62306
3.62457
3.62609
3.6276
3.62911
3.63063
3.63215
3.63366
3.63518
3.6367
3.63823
3.63975
3.64128
3.64281
3.64433
3.64587
3.6474
3.64893
3.65047
3.65201
3.65355
3.65509
3.65663
3.65818
3.65973
3.66128
3.66283
3.66438
3.66594
3.6675
3.66906
3.67062
3.67218
3.67375
3.67531
3.67688
3.67845
3.68002
3.68159
3.68317
3.68475
3.68632
3.6879
3.68948
3.69107
3.69265
3.69424
3.69583
3.69742
3.69901
3.7006
3.70219
3.70379
3.70539
3.70699
3.70859
3.7102
3.7118
3.71341
3.71502
3.71663
3.71825
3.71986
3.72148
3.7231
3.72472
3.72635
3.72797
3.7296
3.73123
3.73286
3.7345
3.73613
3.73777
3.73941
3.74105
3.7427
3.74434
3.74599
3.74763
3.74928
3.75093
3.75257
3.75422
3.75587
3.75752
3.75917
3.76082
3.76247
3.76413
3.76578
3.76744
3.7691
3.77076
3.77242
3.77408
3.77575
3.77741
3.77907
3.78073
3.7824
3.78406
3.78572
3.78738
3.78904
3.79069
3.79235
3.794
3.79565
3.7973
3.79895
3.8006
3.80226
3.80391
3.80556
3.80721
3.80886
3.81051
3.81216
3.81381
3.81546
3.81712
3.81877
3.82042
3.82208
3.82373
3.82538
3.82704
3.82869
3.83035
3.832
3.83365
3.8353
3.83695
3.8386
3.84024
3.84188
3.84352
3.84516
3.84679
3.84842
3.85005
3.85167
3.85329
3.85491
3.85652
3.85813
3.85974
3.86134
3.86294
3.86453
3.86612
3.86771
3.86929
3.87087
3.87245
3.87402
3.87559
3.87715
3.87872
3.88028
3.88183
3.88339
3.88494
3.88649
3.88803
3.88958
3.89112
3.89266
3.89419
3.89573
3.89726
3.89879
3.90031
3.90184
3.90336
3.90488
3.9064
3.90791
3.90942
3.91093
3.91244
3.91394
3.91545
3.91694
3.91844
3.91993
3.92143
3.92291
3.9244
3.92588
3.92736
3.92884
3.93032
3.93179
3.93326
3.93473
3.93619
3.93765
3.93911
3.94057
3.94203
3.94348
3.94493
3.94638
3.94782
3.94926
3.9507
3.95214
3.95358
3.95501
3.95645
3.95788
3.95931
3.96073
3.96216
3.96358
3.965
3.96642
3.96784
3.96926
3.97067
3.97209
3.9735
3.97491
3.97632
3.97773
3.97913
3.98054
3.98195
3.98335
3.98475
3.98616
3.98756
3.98896
3.99036
3.99176
3.99316
3.99456
3.99595
3.99735
3.99874
4.00012
4.00151
4.00289
4.00427
4.00565
4.00702
4.0084
4.00977
4.01113
4.0125
4.01387
4.01523
4.0166
4.01796
4.01932
4.02068
4.02204
4.0234
4.02476
4.02612
4.02748
4.02884
4.0302
4.03156
4.03292
4.03429
4.03565
4.03701
4.03837
4.03973
4.0411
4.04246
4.04382
4.04519
4.04655
4.04791
4.04928
4.05065
4.05201
4.05338
4.05474
4.05611
4.05748
4.05885
4.06022
4.06159
4.06296
4.06433
4.0657
4.06707
4.06845
4.06982
4.0712
4.07257
4.07395
4.07533
4.0767
4.07808
4.07946
4.08084
4.08222
4.08361
4.08499
4.08637
4.08776
4.08914
4.09053
4.09191
4.0933
4.09469
4.09608
4.09747
4.09886
4.10025
4.10165
4.10304
4.10443
4.10583
4.10723
4.10862
4.11002
4.11142
4.11282
4.11422
4.11562
4.11703
4.11843
4.11984
4.12124
4.12265
4.12406
4.12547
4.12688
4.12829
4.1297
4.13111
4.13253
4.13394
4.13536
4.13678
4.1382
4.13961
4.14104
4.14246
4.14388
4.1453
4.14673
4.14815
4.14958
4.15101
4.15244
4.15387
4.1553
4.15674
4.15817
4.15961
4.16104
4.16248
4.16392
4.16536
4.1668
4.16824
4.16969
4.17113
4.17258
4.17403
4.17548
4.17693
4.17838
4.17983
4.18129
4.18274
4.1842
4.18566
4.18712
4.18858
4.19004
4.19151
4.19297
4.19444
4.19591
4.19738
4.19885
4.20032
4.20179
4.20327
4.20474
4.20622
4.2077
4.20918
4.21066
4.21215
4.21363
4.21512
4.2166
4.21809
4.21958
4.22107
4.22257
4.22406
4.22556
4.22705
4.22855
4.23005
4.23155
4.23305
4.23456
4.23606
4.23757
4.23908
4.24059
4.2421
4.24361
4.24512
4.24663
4.24815
4.24967
4.25119
4.25271
4.25423
4.25575
4.25727
4.2588
4.26032
4.26185
4.26338
4.26491
4.26644
4.26797
4.2695
4.27104
4.27257
4.27411
4.27565
4.27719
4.27873
4.28027
4.28181
4.28335
4.2849
4.28645
4.28799
4.28954
4.29109
4.29264
4.2942
4.29575
4.2973
4.29886
4.30042
4.30198
4.30354
4.3051
4.30666
4.30822
4.30978
4.31135
4.31291
4.31448
4.31605
4.31762
4.31919
4.32076
4.32233
4.32391
4.32548
4.32706
4.32862
4.33019
4.33175
4.33331
4.33486
4.33642
4.33797
4.33952
4.34108
4.34264
4.3442
4.34576
4.34732
4.34888
4.35044
4.35201
4.35358
4.35515
4.35672
4.35829
4.35986
4.36143
4.36301
4.36459
4.36617
4.36775
4.36933
4.37091
4.3725
4.37409
4.37568
4.37727
4.37886
4.38045
4.38205
4.38365
4.38525
4.38685
4.38845
4.39005
4.39166
4.39327
4.39488
4.39649
4.3981
4.39972
4.40133
4.40295
4.40457
4.40619
4.40782
4.40944
4.41107
4.4127
4.41433
4.41596
4.41759
4.41923
4.42087
4.42251
4.42415
4.42579
4.42744
4.42909
4.43074
4.43239
4.43404
4.4357
4.43735
4.43901
4.44067
4.44234
4.444
4.44567
4.44734
4.44901
4.45068
4.45235
4.45403
4.45571
4.45739
4.45907
4.46076
4.46244
4.46413
4.46581
4.46749
4.46917
4.47084
4.47251
4.47418
4.47585
4.47752
4.47918
4.48084
4.48249
4.48415
4.4858
4.48745
4.4891
4.49074
4.49239
4.49403
4.49567
4.49731
4.49895
4.50059
4.50224
4.50388
4.50553
4.50717
4.50882
4.51046
4.51211
4.51375
4.5154
4.51705
4.51869
4.52034
4.52198
4.52362
4.52527
4.52691
4.52855
4.53019
4.53182
4.53346
4.53509
4.53672
4.53835
4.53998
4.54161
4.54324
4.54486
4.54648
4.5481
4.54972
4.55134
4.55295
4.55456
4.55617
4.55778
4.55938
4.56098
4.56258
4.56417
4.56576
4.56735
4.56893
4.57051
4.57208
4.57365
4.57522
4.57679
4.57835
4.57991
4.58146
4.58302
4.58457
4.58612
4.58766
4.5892
4.59075
4.59229
4.59382
4.59535
4.59687
4.5984
4.59991
4.60143
4.60294
4.60445
4.60595
4.60745
4.60895
4.61044
4.61194
4.61342
4.61491
4.61639
4.61787
4.61935
4.62082
4.6223
4.62376
4.62523
4.62669
4.62816
4.62962
4.63107
4.63253
4.63398
4.63543
4.63688
4.63832
4.63976
4.6412
4.64264
4.64407
4.64551
4.64694
4.64836
4.64978
4.6512
4.65262
4.65403
4.65544
4.65685
4.65825
4.65965
4.66105
4.66244
4.66383
4.66521
4.66659
4.66797
4.66934
4.67071
4.67208
4.67344
4.6748
4.67615
4.67751
4.67886
4.6802
4.68154
4.68288
4.68422
4.68555
4.68688
4.6882
4.68953
4.69085
4.69216
4.69348
4.69479
4.6961
4.6974
4.69871
4.70001
4.7013
4.7026
4.70389
4.70518
4.70647
4.70775
4.70904
4.71032
4.7116
4.71287
4.71415
4.71542
4.71669
4.71796
4.71923
4.7205
4.72177
4.72303
4.7243
4.72556
4.72682
4.72808
4.72934
4.7306
4.73186
4.73312
4.73438
4.73564
4.73689
4.73815
4.73941
4.74066
4.74192
4.74317
4.74443
4.74568
4.74694
4.7482
4.74945
4.75071
4.75196
4.75322
4.75448
4.75573
4.75699
4.75825
4.75951
4.76077
4.76203
4.76329
4.76455
4.76581
4.76707
4.76833
4.76959
4.77086
4.77212
4.77339
4.77465
4.77592
4.77718
4.77845
4.77972
4.78098
4.78225
4.78352
4.78479
4.78606
4.78733
4.78861
4.78988
4.79115
4.79242
4.7937
4.79497
4.79625
4.79752
4.7988
4.80008
4.80135
4.80263
4.80391
4.80519
4.80647
4.80775
4.80903
4.81031
4.81159
4.81287
4.81416
4.81544
4.81672
4.81801
4.81929
4.82058
4.82186
4.82315
4.82444
4.82572
4.82701
4.8283
4.82959
4.83088
4.83217
4.83346
4.83475
4.83604
4.83733
4.83862
4.83992
4.84121
4.84251
4.8438
4.8451
4.84639
4.84769
4.84898
4.85028
4.85158
4.85288
4.85418
4.85548
4.85678
4.85808
4.85938
4.86069
4.86199
4.86329
4.8646
4.8659
4.86721
4.86852
4.86983
4.87113
4.87244
4.87375
4.87506
4.87638
4.87769
4.879
4.88032
4.88163
4.88295
4.88426
4.88558
4.8869
4.88822
4.88954
4.89086
4.89218
4.8935
4.89482
4.89615
4.89747
4.8988
4.90012
4.90145
4.90278
4.90411
4.90544
4.90677
4.9081
4.90943
4.91077
4.9121
4.91344
4.91477
4.91611
4.91745
4.91879
4.92013
4.92147
4.92281
4.92415
4.92549
4.92684
4.92818
4.92953
4.93088
4.93222
4.93357
4.93492
4.93627
4.93762
4.93897
4.94032
4.94168
4.94303
4.94439
4.94574
4.9471
4.94845
4.94981
4.95117
4.95253
4.95389
4.95525
4.95662
4.95798
4.95934
4.96071
4.96207
4.96344
4.96481
4.96617
4.96754
4.96891
4.97028
4.97165
4.97302
4.9744
4.97577
4.97715
4.97852
4.9799
4.98127
4.98265
4.98403
4.98541
4.98679
4.98817
4.98955
4.99093
4.9923
4.99367
4.99504
4.9964
4.99775
4.99911
5.00046
5.00182
5.00317
5.00453
5.00589
5.00724
5.0086
5.00996
5.01133
5.01269
5.01405
5.01542
5.01678
5.01815
5.01951
5.02088
5.02225
5.02362
5.02499
5.02637
5.02774
5.02912
5.03049
5.03187
5.03325
5.03463
5.03601
5.03739
5.03877
5.04016
5.04154
5.04293
5.04431
5.0457
5.04709
5.04848
5.04987
5.05127
5.05266
5.05406
5.05545
5.05685
5.05825
5.05965
5.06105
5.06245
5.06386
5.06526
5.06667
5.06807
5.06948
5.07089
5.0723
5.07371
5.07512
5.07654
5.07795
5.07937
5.08079
5.08221
5.08363
5.08505
5.08647
5.08789
5.08932
5.09075
5.09217
5.0936
5.09503
5.09646
5.0979
5.09933
5.10077
5.1022
5.10364
5.10508
5.10652
5.10796
5.10941
5.11085
5.1123
5.11375
5.11519
5.11665
5.1181
5.11955
5.12101
5.12246
5.12392
5.12538
5.12684
5.1283
5.12977
5.13123
5.1327
5.13417
5.13564
5.13711
5.13858
5.14006
5.14153
5.14301
5.14449
5.14597
5.14745
5.14894
5.15042
5.15191
5.15339
5.15488
5.15638
5.15787
5.15936
5.16086
5.16236
5.16386
5.16536
5.16686
5.16836
5.16987
5.17138
5.17288
5.17439
5.17591
5.17742
5.17893
5.18045
5.18197
5.18349
5.18501
5.18653
5.18806
5.18958
5.19111
5.19264
5.19417
5.1957
5.19724
5.19877
5.20031
5.20185
5.20339
5.20493
5.20648
5.20802
5.20956
5.2111
5.21265
5.21419
5.21572
5.21726
5.2188
5.22033
5.22187
5.2234
5.22493
5.22646
5.22798
5.22951
5.23103
5.23256
5.23408
5.2356
5.23712
5.23864
5.24016
5.24168
5.2432
5.24471
5.24623
5.24775
5.24926
5.25078
5.25229
5.25381
5.25532
5.25684
5.25836
5.25987
5.26138
5.2629
5.26441
5.26592
5.26743
5.26894
5.27044
5.27195
5.27345
5.27495
5.27645
5.27795
5.27944
5.28093
5.28242
5.28391
5.2854
5.28688
5.28836
5.28984
5.29132
5.2928
5.29427
5.29574
5.2972
5.29866
5.30012
5.30158
5.30303
5.30448
5.30592
5.30736
5.3088
5.31024
5.31167
5.3131
5.31452
5.31595
5.31737
5.31878
5.3202
5.32161
5.32301
5.32442
5.32582
5.32722
5.32861
5.33001
5.3314
5.33279
5.33417
5.33556
5.33694
5.33832
5.3397
5.34108
5.34245
5.34382
5.34519
5.34656
5.34793
5.3493
5.35066
5.35202
5.35339
5.35474
5.3561
5.35746
5.35881
5.36016
5.36151
5.36286
5.3642
5.36554
5.36688
5.36822
5.36956
5.37089
5.37222
5.37355
5.37488
5.3762
5.37753
5.37885
5.38016
5.38148
5.38279
5.3841
5.38541
5.38672
5.38802
5.38932
5.39063
5.39192
5.39322
5.39452
5.39581
5.39711
5.3984
5.39969
5.40098
5.40227
5.40355
5.40484
5.40612
5.4074
5.40868
5.40996
5.41124
5.41252
5.4138
5.41507
5.41634
5.41762
5.41889
5.42016
5.42143
5.4227
5.42397
5.42524
5.4265
5.42777
5.42903
5.43029
5.43155
5.43281
5.43407
5.43533
5.43658
5.43783
5.43908
5.44034
5.44158
5.44283
5.44408
5.44532
5.44657
5.44781
5.44905
5.4503
5.45154
5.45278
5.45402
5.45525
5.45649
5.45773
5.45897
5.4602
5.46144
5.46267
5.46391
5.46514
5.46638
5.46761
5.46885
5.47009
5.47132
5.47256
5.47379
5.47503
5.47626
5.4775
5.47874
5.47998
5.48121
5.48245
5.48369
5.48493
5.48617
5.48741
5.48866
5.4899
5.49114
5.49239
5.49363
5.49488
5.49613
5.49738
5.49863
5.49988
5.50113
5.50238
5.50363
5.50489
5.50614
5.5074
5.50866
5.50991
5.51117
5.51243
5.5137
5.51496
5.51622
5.51749
5.51875
5.52002
5.52128
5.52255
5.52382
5.52509
5.52636
5.52763
5.52891
5.53018
5.53146
5.53273
5.53401
5.53529
5.53657
5.53785
5.53913
5.54041
5.54169
5.54298
5.54426
5.54555
5.54683
5.54812
5.54941
5.5507
5.55199
5.55328
5.55457
5.55586
5.55716
5.55845
5.55975
5.56105
5.56234
5.56364
5.56494
5.56624
5.56754
5.56885
5.57015
5.57145
5.57276
5.57407
5.57537
5.57668
5.57799
5.5793
5.58061
5.58192
5.58323
5.58455
5.58586
5.58718
5.58849
5.58981
5.59113
5.59244
5.59376
5.59509
5.59641
5.59773
5.59905
5.60038
5.6017
5.60303
5.60436
5.60569
5.60702
5.60835
5.60968
5.61101
5.61235
5.61368
5.61502
5.61635
5.61769
5.61903
5.62037
5.62171
5.62306
5.6244
5.62574
5.62709
5.62844
5.62978
5.63113
5.63248
5.63383
5.63518
5.63654
5.63789
5.63925
5.6406
5.64196
5.64332
5.64468
5.64604
5.6474
5.64877
5.65013
5.65149
5.65286
5.65423
5.6556
5.65697
5.65834
5.65971
5.66108
5.66246
5.66383
5.66521
5.66659
5.66797
5.66935
5.67073
5.67211
5.67349
5.67488
5.67626
5.67765
5.67904
5.68043
5.68182
5.68321
5.6846
5.686
5.68739
5.68879
5.69018
5.69158
5.69298
5.69438
5.69578
5.69719
5.69859
5.7
5.7014
5.70281
5.70422
5.70563
5.70704
5.70845
5.70986
5.71128
5.71269
5.71411
5.71553
5.71695
5.71837
5.71979
5.72121
5.72264
5.72406
5.72549
5.72691
5.72834
5.72977
5.7312
5.73263
5.73407
5.7355
5.73694
5.73837
5.73981
5.74125
5.74269
5.74413
5.74557
5.74702
5.74846
5.7499
5.75133
5.75277
5.75419
5.75562
5.75704
5.75847
5.75989
5.76132
5.76275
5.76417
5.7656
5.76704
5.76847
5.7699
5.77134
5.77278
5.77422
5.77566
5.7771
5.77854
5.77999
5.78143
5.78288
5.78433
5.78578
5.78724
5.78869
5.79015
5.79161
5.79307
5.79453
5.79599
5.79746
5.79892
5.80039
5.80186
5.80333
5.80481
5.80628
5.80776
5.80924
5.81072
5.8122
5.81369
5.81517
5.81666
5.81815
5.81965
5.82114
5.82263
5.82413
5.82563
5.82713
5.82864
5.83014
5.83165
5.83316
5.83467
5.83618
5.83769
5.83921
5.84073
5.84225
5.84377
5.84529
5.84682
5.84834
5.84986
5.85138
5.85291
5.85443
5.85595
5.85747
5.85899
5.8605
5.86202
5.86354
5.86505
5.86657
5.86808
5.8696
5.87111
5.87262
5.87414
5.87565
5.87717
5.87868
5.8802
5.88172
5.88324
5.88476
5.88628
5.88781
5.88933
5.89086
5.89239
5.89392
5.89545
5.89698
5.89851
5.90004
5.90158
5.90311
5.90464
5.90618
5.90771
5.90924
5.91077
5.9123
5.91384
5.91537
5.9169
5.91842
5.91995
5.92148
5.92301
5.92453
5.92605
5.92758
5.9291
5.93062
5.93214
5.93366
5.93518
5.9367
5.93822
5.93973
5.94125
5.94277
5.94428
5.9458
5.94732
5.94883
5.95034
5.95185
5.95336
5.95487
5.95638
5.95789
5.95939
5.96089
5.96239
5.96389
5.96539
5.96688
5.96837
5.96987
5.97136
5.97284
5.97433
5.97582
5.9773
5.97878
5.98026
5.98174
5.98322
5.9847
5.98617
5.98765
5.98912
5.99058
5.99205
5.99351
5.99497
5.99643
5.99788
5.99934
6.00079
6.00224
6.00369
6.00513
6.00658
6.00802
6.00946
6.01089
6.01233
6.01376
6.01519
6.01662
6.01805
6.01947
6.0209
6.02232
6.02374
6.02516
6.02657
6.02798
6.0294
6.0308
6.03221
6.03361
6.03501
6.03641
6.03781
6.0392
6.04059
6.04197
6.04336
6.04473
6.04611
6.04748
6.04885
6.05022
6.05158
6.05294
6.0543
6.05565
6.057
6.05834
6.05969
6.06103
6.06237
6.0637
6.06503
6.06636
6.06769
6.06901
6.07033
6.07165
6.07296
6.07427
6.07558
6.07689
6.07819
6.07949
6.08079
6.08209
6.08338
6.08467
6.08596
6.08725
6.08853
6.08981
6.09109
6.09237
6.09365
6.09492
6.09619
6.09746
6.09873
6.09999
6.10125
6.10251
6.10377
6.10503
6.10628
6.10754
6.10879
6.11004
6.11129
6.11254
6.11378
6.11503
6.11628
6.11752
6.11876
6.12001
6.12125
6.12249
6.12373
6.12497
6.12621
6.12745
6.12869
6.12992
6.13116
6.1324
6.13364
6.13488
6.13611
6.13735
6.13859
6.13983
6.14106
6.1423
6.14354
6.14478
6.14602
6.14726
6.1485
6.14974
6.15098
6.15222
6.15346
6.1547
6.15594
6.15719
6.15843
6.15968
6.16092
6.16217
6.16342
6.16466
6.16591
6.16716
6.16841
6.16966
6.17092
6.17217
6.17342
6.17468
6.17593
6.17719
6.17845
6.17971
6.18096
6.18222
6.18348
6.18475
6.18601
6.18727
6.18853
6.1898
6.19106
6.19233
6.1936
6.19487
6.19614
6.1974
6.19868
6.19995
6.20122
6.20249
6.20377
6.20504
6.20632
6.20759
6.20887
6.21015
6.21142
6.2127
6.21398
6.21527
6.21655
6.21783
6.21912
6.2204
6.22169
6.22297
6.22426
6.22555
6.22684
6.22813
6.22942
6.23071
6.232
6.2333
6.23459
6.23589
6.23718
6.23848
6.23978
6.24108
6.24238
6.24368
6.24498
6.24629
6.24759
6.2489
6.2502
6.25151
6.25282
6.25413
6.25544
6.25675
6.25806
6.25938
6.26069
6.26201
6.26332
6.26464
6.26596
6.26728
6.2686
6.26992
6.27125
6.27257
6.2739
6.27522
6.27655
6.27788
6.27921
6.28054
6.28187
6.28321
6.28454
6.28587
6.28721
6.28855
6.28989
6.29123
6.29257
6.29391
6.29525
6.29659
6.29794
6.29928
6.30063
6.30198
6.30332
6.30467
6.30602
6.30738
6.30873
6.31008
6.31144
6.31279
6.31415
6.3155
6.31686
6.31822
6.31958
6.32094
6.32231
6.32367
6.32503
6.3264
6.32776
6.32913
6.3305
6.33187
6.33323
6.33461
6.33598
6.33735
6.33872
6.34009
6.34147
6.34284
6.34422
6.3456
6.34698
6.34835
6.34973
6.35111
6.35249
6.35388
6.35526
6.35664
6.35803
6.35941
6.3608
6.36218
6.36357
6.36496
6.36635
6.36774
6.36913
6.37052
6.37192
6.37331
6.3747
6.3761
6.37749
6.37889
6.38029
6.38169
6.38309
6.38449
6.38589
6.38729
6.38869
6.3901
6.3915
6.39291
6.39432
6.39572
6.39713
6.39853
6.39993
6.40132
6.40272
6.40411
6.4055
6.40689
6.40828
6.40967
6.41107
6.41246
6.41386
6.41525
6.41665
6.41805
6.41945
6.42085
6.42226
6.42366
6.42507
6.42648
6.42788
6.42929
6.43071
6.43212
6.43353
6.43495
6.43637
6.43779
6.43921
6.44063
6.44206
6.44348
6.44491
6.44634
6.44777
6.4492
6.45064
6.45207
6.45351
6.45495
6.45639
6.45783
6.45927
6.46072
6.46217
6.46361
6.46507
6.46652
6.46797
6.46943
6.47088
6.47234
6.4738
6.47526
6.47673
6.47819
6.47966
6.48113
6.4826
6.48407
6.48555
6.48702
6.4885
6.48998
6.49146
6.49294
6.49443
6.49592
6.4974
6.49889
6.50039
6.50188
6.50337
6.50487
6.50637
6.50787
6.50937
6.51088
6.51238
6.51389
6.5154
6.51691
6.51843
6.51994
6.52146
6.52298
6.5245
6.52602
6.52755
6.52907
6.5306
6.53213
6.53366
6.5352
6.53674
6.53827
6.53981
6.54136
6.5429
6.54445
6.54599
6.54754
6.54909
6.55065
6.5522
6.55376
6.55532
6.55688
6.55844
6.56001
6.56157
6.56313
6.56469
6.56625
6.56781
6.56936
6.57092
6.57247
6.57402
6.57557
6.57712
6.57867
6.58022
6.58176
6.58331
6.58485
6.58639
6.58793
6.58947
6.59101
6.59255
6.59409
6.59563
6.59717
6.59872
6.60026
6.6018
6.60334
6.60489
6.60643
6.60797
6.60952
6.61106
6.61261
6.61415
6.61569
6.61723
6.61877
6.62031
6.62185
6.62339
6.62492
6.62646
6.62799
6.62952
6.63105
6.63258
6.6341
6.63563
6.63715
6.63867
6.64018
6.6417
6.64321
6.64472
6.64624
6.64774
6.64925
6.65075
6.65225
6.65375
6.65524
6.65673
6.65822
6.65971
6.66119
6.66267
6.66414
6.66562
6.66709
6.66855
6.67002
6.67148
6.67294
6.67439
6.67585
6.6773
6.67875
6.68019
6.68163
6.68307
6.68451
6.68595
6.68738
6.68882
6.69025
6.69168
6.6931
6.69453
6.69595
6.69737
6.69879
6.70021
6.70162
6.70303
6.70444
6.70585
6.70725
6.70865
6.71005
6.71145
6.71284
6.71424
6.71563
6.71702
6.7184
6.71979
6.72117
6.72255
6.72393
6.72531
6.72668
6.72806
6.72943
6.7308
6.73216
6.73353
6.73489
6.73625
6.73761
6.73896
6.74031
6.74166
6.74301
6.74435
6.74569
6.74703
6.74836
6.7497
6.75102
6.75235
6.75367
6.75499
6.75631
6.75762
6.75893
6.76024
6.76154
6.76284
6.76414
6.76543
6.76673
6.76802
6.7693
6.77058
6.77186
6.77314
6.77442
6.77569
6.77696
6.77823
6.77949
6.78075
6.78201
6.78327
6.78452
6.78578
6.78703
6.78827
6.78952
6.79076
6.79201
6.79325
6.79448
6.79572
6.79696
6.79819
6.79942
6.80065
6.80188
6.80311
6.80434
6.80557
6.80679
6.80802
6.80924
6.81047
6.81169
6.81291
6.81414
6.81536
6.81658
6.8178
6.81902
6.82024
6.82147
6.82269
6.82391
6.82513
6.82635
6.82757
6.8288
6.83002
6.83124
6.83246
6.83369
6.83491
6.83614
6.83736
6.83859
6.83981
6.84104
6.84227
6.8435
6.84473
6.84596
6.84719
6.84842
6.84965
6.85089
6.85212
6.85336
6.85459
6.85583
6.85707
6.85831
6.85955
6.86079
6.86203
6.86327
6.86452
6.86576
6.86701
6.86825
6.8695
6.87075
6.87199
6.87324
6.87449
6.87574
6.87699
6.87825
6.8795
6.88075
6.88201
6.88326
6.88452
6.88578
6.88703
6.88829
6.88955
6.89081
6.89207
6.89333
6.8946
6.89586
6.89712
6.89839
6.89965
6.90092
6.90218
6.90345
6.90472
6.90599
6.90726
6.90852
6.9098
6.91107
6.91234
6.91361
6.91488
6.91616
6.91743
6.91871
6.91998
6.92126
6.92254
6.92382
6.9251
6.92638
6.92766
6.92894
6.93022
6.9315
6.93278
6.93407
6.93535
6.93664
6.93792
6.93921
6.9405
6.94179
6.94308
6.94437
6.94566
6.94695
6.94824
6.94953
6.95083
6.95212
6.95342
6.95471
6.95601
6.95731
6.95861
6.95991
6.96121
6.96251
6.96382
6.96512
6.96642
6.96773
6.96904
6.97034
6.97165
6.97296
6.97427
6.97558
6.9769
6.97821
6.97952
6.98084
6.98216
6.98347
6.98479
6.98611
6.98743
6.98875
6.99007
6.9914
6.99272
6.99405
6.99537
6.9967
6.99803
6.99936
7.00069
7.00202
7.00335
7.00469
7.00602
7.00736
7.00869
7.01003
7.01137
7.01271
7.01405
7.01539
7.01673
7.01808
7.01942
7.02077
7.02212
7.02346
7.02481
7.02616
7.02751
7.02887
7.03022
7.03157
7.03293
7.03428
7.03564
7.037
7.03836
7.03972
7.04108
7.04244
7.0438
7.04516
7.04653
7.04789
7.04926
7.05063
7.052
7.05336
7.05473
7.05611
7.05748
7.05885
7.06022
7.0616
7.06298
7.06435
7.06573
7.06711
7.06849
7.06987
7.07125
7.07263
7.07402
7.0754
7.07679
7.07818
7.07956
7.08095
7.08234
7.08373
7.08512
7.08652
7.08791
7.08931
7.0907
7.0921
7.09349
7.09488
7.09626
7.09764
7.09902
7.10039
7.10177
7.10314
7.10452
7.1059
7.10728
7.10866
7.11004
7.11142
7.1128
7.11419
7.11557
7.11696
7.11835
7.11974
7.12113
7.12252
7.12391
7.12531
7.12671
7.1281
7.1295
7.1309
7.13231
7.13371
7.13511
7.13652
7.13793
7.13934
7.14075
7.14216
7.14358
7.14499
7.14641
7.14783
7.14925
7.15067
7.1521
7.15352
7.15495
7.15638
7.15781
7.15924
7.16067
7.1621
7.16354
7.16498
7.16642
7.16786
7.1693
7.17074
7.17219
7.17364
7.17509
7.17654
7.17799
7.17944
7.1809
7.18236
7.18382
7.18528
7.18674
7.1882
7.18967
7.19114
7.19261
7.19408
7.19555
7.19703
7.1985
7.19998
7.20146
7.20294
7.20442
7.20591
7.20739
7.20888
7.21037
7.21186
7.21335
7.21485
7.21635
7.21784
7.21934
7.22085
7.22235
7.22385
7.22536
7.22687
7.22838
7.22989
7.23141
7.23292
7.23444
7.23596
7.23748
7.23901
7.24053
7.24206
7.24359
7.24511
7.24664
7.24817
7.2497
7.25122
7.25275
7.25427
7.25579
7.25731
7.25884
7.26036
7.26187
7.26339
7.26491
7.26642
7.26794
7.26945
7.27097
7.27248
7.274
7.27551
7.27702
7.27854
7.28005
7.28157
7.28308
7.2846
7.28612
7.28763
7.28915
7.29067
7.29219
7.29372
7.29524
7.29676
7.29828
7.2998
7.30132
7.30284
7.30436
7.30588
7.3074
7.30892
7.31043
7.31195
7.31346
7.31497
7.31648
7.31799
7.3195
7.321
7.3225
7.32401
7.32551
7.327
7.3285
7.33
7.33149
7.33298
7.33448
7.33597
7.33746
7.33894
7.34043
7.34191
7.34339
7.34487
7.34634
7.34782
7.34929
7.35075
7.35222
7.35368
7.35514
7.3566
7.35806
7.35951
7.36096
7.36241
7.36386
7.3653
7.36674
7.36818
7.36962
7.37106
7.37249
7.37392
7.37535
7.37678
7.37821
7.37963
7.38105
7.38247
7.38389
7.38531
7.38673
7.38814
7.38955
7.39096
7.39237
7.39377
7.39517
7.39657
7.39797
7.39936
7.40076
7.40215
7.40354
7.40493
7.40631
7.4077
7.40908
7.41046
7.41184
7.41322
7.41459
7.41596
7.41734
7.41871
7.42007
7.42144
7.4228
7.42416
7.42552
7.42688
7.42823
7.42958
7.43093
7.43227
7.43362
7.43496
7.43629
7.43763
7.43896
7.44029
7.44161
7.44294
7.44426
7.44558
7.44689
7.4482
7.44951
7.45081
7.45212
7.45342
7.45471
7.45601
7.4573
7.45859
7.45987
7.46116
7.46244
7.46372
7.46499
7.46626
7.46753
7.4688
7.47007
7.47133
7.47259
7.47385
7.4751
7.47636
7.47761
7.47886
7.48011
7.48135
7.4826
7.48384
7.48508
7.48632
7.48756
7.48879
7.49003
7.49126
7.4925
7.49373
7.49496
7.49619
7.49742
7.49865
7.49988
7.5011
7.50233
7.50356
7.50478
7.50601
7.50723
7.50846
7.50969
7.51091
7.51214
7.51336
7.51459
7.51582
7.51704
7.51827
7.5195
7.52072
7.52195
7.52318
7.52441
7.52564
7.52687
7.5281
7.52933
7.53057
7.5318
7.53303
7.53427
7.5355
7.53674
7.53798
7.53922
7.54046
7.5417
7.54294
7.54418
7.54542
7.54667
7.54791
7.54916
7.55041
7.55165
7.5529
7.55415
7.5554
7.55665
7.55791
7.55916
7.56041
7.56167
7.56293
7.56418
7.56544
7.5667
7.56796
7.56922
7.57048
7.57174
7.57301
7.57427
7.57553
7.5768
7.57807
7.57933
7.5806
7.58187
7.58314
7.58441
7.58568
7.58695
7.58823
7.5895
7.59078
7.59205
7.59333
7.5946
7.59588
7.59716
7.59844
7.59972
7.601
7.60228
7.60357
7.60485
7.60613
7.60742
7.6087
7.60999
7.61128
7.61257
7.61385
7.61514
7.61644
7.61773
7.61902
7.62031
7.62161
7.6229
7.6242
7.62549
7.62679
7.62809
7.62939
7.63069
7.63199
7.63329
7.63459
7.6359
7.6372
7.63851
7.63981
7.64112
7.64243
7.64374
7.64505
7.64636
7.64767
7.64898
7.6503
7.65161
7.65293
7.65425
7.65557
7.65688
7.6582
7.65953
7.66085
7.66217
7.6635
7.66482
7.66615
7.66748
7.66881
7.67013
7.67147
7.6728
7.67413
7.67547
7.6768
7.67814
7.67947
7.68081
7.68215
7.68349
7.68483
7.68618
7.68752
7.68887
7.69021
7.69156
7.69291
7.69426
7.69561
7.69696
7.69831
7.69966
7.70102
7.70238
7.70373
7.70509
7.70645
7.70781
7.70917
7.71053
7.7119
7.71326
7.71463
7.71599
7.71736
7.71873
7.7201
7.72147
7.72284
7.72422
7.72559
7.72696
7.72834
7.72972
7.7311
7.73247
7.73385
7.73524
7.73662
7.738
7.73938
7.74077
7.74216
7.74354
7.74493
7.74632
7.74771
7.7491
7.75049
7.75189
7.75328
7.75468
7.75607
7.75747
7.75887
7.76027
7.76167
7.76307
7.76447
7.76588
7.76728
7.76869
7.77009
7.7715
7.77291
7.77432
7.77573
7.77714
7.77855
7.77997
7.78138
7.7828
7.78421
7.78562
7.78703
7.78843
7.78983
7.79123
7.79263
7.79403
7.79543
7.79682
7.79823
7.79963
7.80103
7.80243
7.80384
7.80525
7.80665
7.80806
7.80948
7.81089
7.8123
7.81372
7.81513
7.81655
7.81797
7.81939
7.82082
7.82224
7.82367
7.8251
7.82653
7.82796
7.82939
7.83083
7.83226
7.8337
7.83514
7.83658
7.83802
7.83947
7.84092
7.84236
7.84381
7.84526
7.84672
7.84817
7.84963
7.85109
7.85255
7.85401
7.85547
7.85694
7.8584
7.85987
7.86134
7.86281
7.86429
7.86576
7.86724
7.86872
7.8702
7.87168
7.87316
7.87465
7.87613
7.87762
7.87911
7.88061
7.8821
7.8836
7.8851
7.8866
7.8881
7.8896
7.89111
7.89261
7.89412
7.89563
7.89714
7.89866
7.90017
7.90169
7.90321
7.90473
7.90626
7.90778
7.90931
7.91084
7.91237
7.9139
7.91544
7.91697
7.91851
7.92005
7.92159
7.92314
7.92468
7.92622
7.92776
7.9293
7.93084
7.93238
7.93392
7.93546
7.93699
7.93853
7.94006
7.94159
7.94312
7.94466
7.94619
7.94771
7.94924
7.95077
7.9523
7.95383
7.95535
7.95688
7.95841
7.95994
7.96147
7.963
7.96453
7.96606
7.9676
7.96913
7.97067
7.9722
7.97374
7.97528
7.97681
7.97835
7.97988
7.98142
7.98295
7.98449
7.98602
7.98755
7.98908
7.99061
7.99214
7.99367
7.9952
7.99672
7.99824
7.99976
8.00128
8.0028
8.00432
8.00583
8.00735
8.00886
8.01037
8.01188
8.01339
8.01489
8.0164
8.0179
8.0194
8.0209
8.02239
8.02389
8.02538
8.02687
8.02835
8.02983
8.03131
8.03279
8.03427
8.03574
8.03721
8.03868
8.04014
8.04161
8.04307
8.04453
8.04598
8.04744
8.04889
8.05034
8.05179
8.05323
8.05468
8.05612
8.05756
8.059
8.06044
8.06188
8.06331
8.06474
8.06617
8.0676
8.06902
8.07045
8.07186
8.07328
8.0747
8.07611
8.07752
8.07892
8.08033
8.08173
8.08314
8.08453
8.08593
8.08733
8.08872
8.09011
8.0915
8.09289
8.09427
8.09566
8.09704
8.09842
8.09979
8.10117
8.10254
8.10391
8.10527
8.10664
8.108
8.10936
8.11071
8.11206
8.11341
8.11476
8.1161
8.11744
8.11878
8.12011
8.12145
8.12277
8.1241
8.12542
8.12674
8.12805
8.12937
8.13068
8.13198
8.13329
8.13459
8.13588
8.13718
8.13847
8.13976
8.14105
8.14233
8.14361
8.14489
8.14616
8.14744
8.14871
8.14997
8.15124
8.1525
8.15376
8.15502
8.15627
8.15753
8.15878
8.16003
8.16127
8.16252
8.16376
8.165
8.16624
8.16748
8.16871
8.16995
8.17118
8.17241
8.17364
8.17487
8.1761
8.17733
8.17855
8.17978
8.181
8.18223
8.18345
8.18468
8.1859
8.18712
8.18834
8.18956
8.19079
8.19201
8.19323
8.19445
8.19567
8.19689
8.19812
8.19934
8.20056
8.20178
8.20301
8.20423
8.20545
8.20668
8.2079
8.20913
8.21036
8.21158
8.21281
8.21404
8.21527
8.2165
8.21773
8.21896
8.2202
8.22143
8.22266
8.2239
8.22513
8.22637
8.22761
8.22885
8.23009
8.23133
8.23257
8.23381
8.23505
8.2363
8.23754
8.23879
8.24003
8.24128
8.24253
8.24378
8.24503
8.24628
8.24753
8.24878
8.25003
8.25128
8.25254
8.25379
8.25505
8.25631
8.25756
8.25882
8.26008
8.26134
8.2626
8.26386
8.26512
8.26638
8.26765
8.26891
8.27017
8.27144
8.27271
8.27397
8.27524
8.27651
8.27778
8.27905
8.28032
8.28159
8.28286
8.28413
8.28541
8.28668
8.28795
8.28923
8.29051
8.29178
8.29306
8.29434
8.29562
8.2969
8.29818
8.29946
8.30074
8.30202
8.30331
8.30459
8.30588
8.30717
8.30845
8.30974
8.31103
8.31232
8.31361
8.3149
8.31619
8.31749
8.31878
8.32007
8.32137
8.32267
8.32397
8.32526
8.32656
8.32786
8.32917
8.33047
8.33177
8.33308
8.33438
8.33569
8.337
8.3383
8.33961
8.34093
8.34224
8.34355
8.34486
8.34618
8.34749
8.34881
8.35013
8.35145
8.35277
8.35409
8.35541
8.35673
8.35806
8.35938
8.36071
8.36204
8.36336
8.36469
8.36602
8.36736
8.36869
8.37002
8.37136
8.37269
8.37403
8.37537
8.37671
8.37805
8.37939
8.38073
8.38207
8.38342
8.38476
8.38611
8.38746
8.3888
8.39015
8.3915
8.39285
8.39421
8.39556
8.39692
8.39827
8.39963
8.40098
8.40234
8.4037
8.40506
8.40642
8.40779
8.40915
8.41051
8.41188
8.41324
8.41461
8.41598
8.41735
8.41872
8.42009
8.42146
8.42283
8.42421
8.42558
8.42696
8.42833
8.42971
8.43109
8.43247
8.43385
8.43523
8.43661
8.438
8.43938
8.44077
8.44215
8.44354
8.44493
8.44632
8.44771
8.4491
8.45049
8.45188
8.45328
8.45467
8.45607
8.45746
8.45886
8.46026
8.46165
8.46304
8.46442
8.4658
8.46718
8.46856
8.46994
8.47131
8.47269
8.47407
8.47545
8.47684
8.47822
8.4796
8.48099
8.48238
8.48377
8.48516
8.48655
8.48794
8.48934
8.49073
8.49213
8.49353
8.49493
8.49633
8.49773
8.49914
8.50054
8.50195
8.50336
8.50477
8.50618
8.5076
8.50901
8.51043
8.51185
8.51327
8.51469
8.51611
8.51754
8.51896
8.52039
8.52182
8.52325
8.52468
8.52612
8.52755
8.52899
8.53043
8.53187
8.53331
8.53476
8.5362
8.53765
8.5391
8.54055
8.542
8.54345
8.54491
8.54636
8.54782
8.54928
8.55075
8.55221
8.55367
8.55514
8.55661
8.55808
8.55955
8.56102
8.5625
8.56398
8.56545
8.56693
8.56842
8.5699
8.57139
8.57287
8.57436
8.57585
8.57734
8.57884
8.58033
8.58183
8.58333
8.58483
8.58633
8.58784
8.58934
8.59085
8.59236
8.59387
8.59539
8.5969
8.59842
8.59994
8.60146
8.60298
8.60451
8.60603
8.60756
8.60909
8.61062
8.61216
8.61369
8.61523
8.61677
8.6183
8.61984
8.62138
8.62291
8.62444
8.62597
8.62751
8.62904
8.63056
8.63209
8.63362
8.63514
8.63667
8.63819
8.63971
8.64123
8.64275
8.64427
8.64579
8.64731
8.64883
8.65034
8.65186
8.65338
8.6549
8.65642
8.65794
8.65946
8.66098
8.6625
8.66403
8.66555
8.66707
8.66859
8.67012
8.67164
8.67316
8.67468
8.6762
8.67772
8.67923
8.68075
8.68226
8.68378
8.68529
8.6868
8.68831
8.68981
8.69132
8.69282
8.69432
8.69582
8.69732
8.69882
8.70031
8.7018
8.70329
8.70478
8.70627
8.70776
8.70924
8.71072
8.7122
8.71367
8.71514
8.71661
8.71808
8.71955
8.72101
8.72247
8.72392
8.72538
8.72683
8.72827
8.72972
8.73116
8.7326
8.73404
8.73548
8.73691
8.73834
8.73977
8.7412
8.74262
8.74405
8.74547
8.74688
8.7483
8.74972
8.75113
8.75254
8.75395
8.75536
8.75676
8.75817
8.75957
8.76097
8.76237
8.76377
8.76516
8.76655
8.76794
8.76933
8.77071
8.7721
8.77348
8.77485
8.77623
8.7776
8.77898
8.78035
8.78171
8.78308
8.78444
8.78581
8.78717
8.78853
8.78988
8.79124
8.79259
8.79394
8.79529
8.79664
8.79798
8.79933
8.80067
8.80201
8.80334
8.80468
8.80601
8.80734
8.80866
8.80998
8.8113
8.81262
8.81394
8.81525
8.81656
8.81787
8.81917
8.82047
8.82177
8.82307
8.82436
8.82565
8.82693
8.82822
8.8295
8.83078
8.83205
8.83333
8.8346
8.83586
8.83713
8.83839
8.83965
8.84091
8.84216
8.84342
8.84467
8.84591
8.84716
8.8484
8.84965
8.85089
8.85212
8.85336
8.8546
8.85583
8.85706
8.85829
8.85952
8.86075
8.86198
8.86321
8.86443
8.86566
8.86688
8.8681
8.86933
8.87055
8.87177
8.87299
8.87421
8.87543
8.87665
8.87787
8.87909
8.88032
8.88154
8.88276
8.88398
8.8852
8.88642
8.88764
8.88886
8.89009
8.89131
8.89253
8.89376
8.89498
8.89621
8.89744
8.89866
8.89989
8.90112
8.90235
8.90358
8.90481
8.90604
8.90728
8.90851
8.90974
8.91098
8.91222
8.91346
8.91469
8.91593
8.91717
8.91842
8.91966
8.9209
8.92215
8.92339
8.92464
8.92589
8.92713
8.92838
8.92963
8.93088
8.93214
8.93339
8.93464
8.9359
8.93715
8.93841
8.93966
8.94092
8.94218
8.94344
8.9447
8.94596
8.94722
8.94849
8.94975
8.95101
8.95228
8.95355
8.95481
8.95608
8.95735
8.95862
8.95989
8.96116
8.96243
8.9637
8.96497
8.96625
8.96752
8.9688
8.97007
8.97135
8.97263
8.97391
8.97519
8.97647
8.97775
8.97903
8.98031
8.98159
8.98288
8.98416
8.98545
8.98673
8.98802
8.98931
8.9906
8.99189
8.99318
8.99447
8.99576
8.99705
8.99835
8.99964
9.00094
9.00223
9.00353
9.00483
9.00613
9.00743
9.00873
9.01003
9.01133
9.01264
9.01394
9.01525
9.01655
9.01786
9.01917
9.02048
9.02179
9.0231
9.02442
9.02573
9.02704
9.02836
9.02968
9.03099
9.03231
9.03363
9.03495
9.03628
9.0376
9.03892
9.04025
9.04158
9.0429
9.04423
9.04556
9.04689
9.04822
9.04956
9.05089
9.05222
9.05356
9.0549
9.05623
9.05757
9.05891
9.06025
9.0616
9.06294
9.06429
9.06563
9.06698
9.06832
9.06967
9.07102
9.07237
9.07373
9.07508
9.07643
9.07779
9.07914
9.0805
9.08186
9.08322
9.08458
9.08594
9.0873
9.08867
9.09003
9.0914
9.09276
9.09413
9.0955
9.09687
9.09824
9.09961
9.10099
9.10236
9.10373
9.10511
9.10649
9.10786
9.10924
9.11062
9.112
9.11338
9.11477
9.11615
9.11753
9.11892
9.12031
9.12169
9.12308
9.12447
9.12586
9.12725
9.12865
9.13004
9.13143
9.13283
9.13423
9.13562
9.13702
9.13842
9.13982
9.14123
9.14263
9.14403
9.14544
9.14684
9.14825
9.14965
9.15105
9.15244
9.15383
9.15522
9.15661
9.15799
9.15938
9.16077
9.16216
9.16355
9.16494
9.16633
9.16772
9.16912
9.17052
9.17191
9.17331
9.17471
9.17612
9.17752
9.17892
9.18033
9.18174
9.18315
9.18456
9.18597
9.18739
9.1888
9.19022
9.19164
9.19306
9.19448
9.1959
9.19733
9.19875
9.20018
9.20161
9.20304
9.20448
9.20591
9.20735
9.20879
9.21023
9.21167
9.21311
9.21456
9.216
9.21745
9.2189
9.22035
9.22181
9.22326
9.22472
9.22617
9.22763
9.2291
9.23056
9.23202
9.23349
9.23496
9.23643
9.2379
9.23937
9.24085
9.24233
9.2438
9.24528
9.24677
9.24825
9.24974
9.25122
9.25271
9.2542
9.25569
9.25719
9.25868
9.26018
9.26168
9.26318
9.26469
9.26619
9.2677
9.26921
9.27072
9.27223
9.27374
9.27526
9.27678
9.27829
9.27982
9.28134
9.28286
9.28439
9.28592
9.28745
9.28898
9.29052
9.29205
9.29359
9.29513
9.29667
9.2982
9.29974
9.30127
9.30281
9.30434
9.30587
9.3074
9.30893
9.31046
9.31199
9.31352
9.31504
9.31657
9.31809
9.31961
9.32113
9.32266
9.32418
9.3257
9.32722
9.32874
9.33026
9.33179
9.33331
9.33483
9.33636
9.33788
9.33941
9.34094
9.34247
9.344
9.34552
9.34705
9.34858
9.35011
9.35164
9.35317
9.35469
9.35622
9.35774
9.35927
9.36079
9.36231
9.36383
9.36535
9.36687
9.36838
9.3699
9.37141
9.37292
9.37443
9.37594
9.37744
9.37895
9.38045
9.38195
9.38345
9.38495
9.38645
9.38795
9.38944
9.39093
9.39242
9.39391
9.39539
9.39688
9.39836
9.39983
9.40131
9.40278
9.40425
9.40572
9.40718
9.40865
9.41011
9.41156
9.41302
9.41447
9.41592
9.41737
9.41882
9.42026
9.4217
9.42314
9.42458
9.42602
9.42745
9.42889
9.43032
9.43175
9.43317
9.4346
9.43602
9.43745
9.43887
9.44028
9.4417
9.44312
9.44453
9.44594
9.44734
9.44875
9.45015
9.45155
9.45294
9.45434
9.45573
9.45712
9.45851
9.4599
9.46128
9.46267
9.46405
9.46543
9.4668
9.46818
9.46955
9.47093
9.47229
9.47366
9.47503
9.47639
9.47775
9.47911
9.48046
9.48181
9.48316
9.48451
9.48585
9.48719
9.48853
9.48987
9.4912
9.49253
9.49386
9.49518
9.4965
9.49782
9.49913
9.50044
9.50175
9.50306
9.50436
9.50566
9.50696
9.50825
9.50954
9.51083
9.51212
9.5134
9.51468
9.51596
9.51723
9.5185
9.51977
9.52104
9.5223
9.52357
9.52483
9.52608
9.52734
9.52859
9.52984
9.53109
9.53233
9.53358
9.53482
9.53606
9.5373
9.53854
9.53977
9.541
9.54224
9.54347
9.5447
9.54593
9.54716
9.54838
9.54961
9.55084
9.55206
9.55329
9.55451
9.55573
9.55696
9.55818
9.5594
9.56062
9.56185
9.56307
9.56429
9.56551
9.56673
9.56796
9.56918
9.5704
9.57163
9.57285
9.57408
9.5753
9.57653
9.57775
9.57898
9.58021
9.58144
9.58266
9.58389
9.58512
9.58636
9.58759
9.58882
9.59006
9.59129
9.59253
9.59376
9.595
9.59624
9.59748
9.59872
9.59996
9.6012
9.60245
9.60369
9.60494
9.60618
9.60743
9.60868
9.60993
9.61118
9.61243
9.61368
9.61493
9.61618
9.61744
9.61869
9.61995
9.6212
9.62246
9.62372
9.62498
9.62624
9.6275
9.62876
9.63002
9.63129
9.63255
9.63381
9.63508
9.63635
9.63761
9.63888
9.64015
9.64142
9.64269
9.64396
9.64523
9.6465
9.64778
9.64905
9.65033
9.6516
9.65288
9.65415
9.65543
9.65671
9.65799
9.65927
9.66055
9.66183
9.66311
9.6644
9.66568
9.66697
9.66825
9.66954
9.67082
9.67211
9.6734
9.67469
9.67598
9.67727
9.67856
9.67986
9.68115
9.68244
9.68374
9.68504
9.68633
9.68763
9.68893
9.69023
9.69153
9.69283
9.69413
9.69544
9.69674
9.69805
9.69935
9.70066
9.70197
9.70328
9.70459
9.7059
9.70721
9.70852
9.70984
9.71115
9.71247
9.71378
9.7151
9.71642
9.71774
9.71906
9.72039
9.72171
9.72303
9.72436
9.72569
9.72701
9.72834
9.72967
9.731
9.73233
9.73367
9.735
9.73633
9.73767
9.73901
9.74035
9.74168
9.74302
9.74437
9.74571
9.74705
9.7484
9.74974
9.75109
9.75243
9.75378
9.75513
9.75648
9.75784
9.75919
9.76054
9.7619
9.76325
9.76461
9.76597
9.76733
9.76869
9.77005
9.77141
9.77277
9.77414
9.7755
9.77687
9.77823
9.7796
9.78097
9.78234
9.78371
9.78508
9.78646
9.78783
9.78921
9.79058
9.79196
9.79334
9.79471
9.79609
9.79747
9.79886
9.80024
9.80162
9.80301
9.80439
9.80578
9.80717
9.80856
9.80995
9.81134
9.81273
9.81412
9.81551
9.81691
9.8183
9.8197
9.82109
9.82248
9.82387
9.82526
9.82664
9.82803
9.82941
9.83079
9.83217
9.83355
9.83493
9.83631
9.83769
9.83906
9.84042
9.84178
9.84314
9.84449
9.84584
9.84719
9.84854
9.84989
9.85124
9.85259
9.85394
9.85529
9.85664
9.85799
9.85934
9.8607
9.86206
9.86341
9.86478
9.86614
9.8675
9.86886
9.87023
9.87159
9.87296
9.87433
9.8757
9.87707
9.87844
9.87981
9.88118
9.88255
9.88392
9.88529
9.88666
9.88802
9.88939
9.89076
9.89213
9.8935
9.89486
9.89623
9.8976
9.89896
9.90032
9.90168
9.90303
9.90439
9.90574
9.90709
9.90844
9.90978
9.91112
9.91246
9.9138
9.91513
9.91646
9.91779
9.91912
9.92044
9.92177
9.92309
9.9244
9.92572
9.92703
9.92834
9.92965
9.93095
9.93226
9.93356
9.93486
9.93615
9.93745
9.93874
9.94003
9.94131
9.94259
9.94387
9.94515
9.94642
9.9477
9.94896
9.95023
9.95149
9.95275
9.95401
9.95527
9.95652
9.95777
9.95902
9.96027
9.96151
9.96275
9.96399
9.96522
9.96645
9.96768
9.96891
9.97013
9.97135
9.97257
9.97379
9.975
9.97621
9.97742
9.97862
9.97983
9.98103
9.98223
9.98342
9.98462
9.98581
9.987
9.98819
9.98938
9.99056
9.99175
9.99293
9.99411
9.99528
9.99646
9.99763
9.9988
9.99997
10.0011
10.0023
10.0035
10.0046
10.0058
10.0069
10.0081
10.0093
10.0104
10.0116
10.0127
10.0139
10.015
10.0161
10.0173
10.0184
10.0196
10.0207
10.0218
10.0229
10.0241
10.0252
10.0263
10.0274
10.0285
10.0297
10.0308
10.0319
10.033
10.0341
10.0352
10.0363
10.0374
10.0385
10.0396
10.0407
10.0418
10.0429
10.0439
10.045
10.0461
10.0472
10.0483
10.0493
10.0504
10.0515
10.0526
10.0536
10.0547
10.0558
10.0568
10.0579
10.0589
10.06
10.0611
10.0621
10.0632
10.0642
10.0653
10.0663
10.0674
10.0684
10.0695
10.0705
10.0716
10.0726
10.0737
10.0747
10.0757
10.0768
10.0778
10.0789
10.0799
10.0809
10.082
10.083
10.0841
10.0851
10.0861
10.0872
10.0882
10.0893
10.0903
10.0913
10.0924
10.0934
10.0944
10.0955
10.0965
10.0975
10.0986
10.0996
10.1007
10.1017
10.1027
10.1038
10.1048
10.1059
10.1069
10.1079
10.109
10.11
10.1111
10.1121
10.1131
10.1142
10.1152
10.1163
10.1173
10.1184
10.1194
10.1205
10.1215
10.1226
10.1236
10.1247
10.1257
10.1268
10.1278
10.1289
10.1299
10.131
10.132
10.1331
10.1342
10.1352
10.1363
10.1373
10.1384
10.1395
10.1405
10.1416
10.1426
10.1437
10.1448
10.1458
10.1469
10.148
10.149
10.1501
10.1512
10.1523
10.1533
10.1544
10.1555
10.1565
10.1576
10.1587
10.1598
10.1608
10.1619
10.163
10.1641
10.1652
10.1662
10.1673
10.1684
10.1695
10.1706
10.1717
10.1727
10.1738
10.1749
10.176
10.1771
10.1782
10.1793
10.1803
10.1814
10.1825
10.1836
10.1847
10.1858
10.1869
10.188
10.1891
10.1902
10.1913
10.1924
10.1934
10.1945
10.1956
10.1967
10.1978
10.1989
10.2
10.2011
10.2022
10.2033
10.2044
10.2055
10.2066
10.2077
10.2088
10.2099
10.211
10.2121
10.2132
10.2143
10.2154
10.2165
10.2176
10.2187
10.2198
10.2209
10.222
10.2231
10.2242
10.2253
10.2264
10.2275
10.2286
10.2297
10.2308
10.2319
10.233
10.2341
10.2352
10.2363
10.2374
10.2385
10.2396
10.2407
10.2418
10.2429
10.244
10.2451
10.2462
10.2473
10.2484
10.2495
10.2506
10.2518
10.2529
10.254
10.2551
10.2562
10.2573
10.2584
10.2595
10.2606
10.2617
10.2628
10.2639
10.2649
10.266
10.2671
10.2682
10.2692
10.2703
10.2714
10.2725
10.2735
10.2746
10.2757
10.2768
10.2778
10.2789
10.28
10.2811
10.2822
10.2832
10.2843
10.2854
10.2865
10.2876
10.2887
10.2898
10.2909
10.292
10.2931
10.2942
10.2953
10.2964
10.2975
10.2986
10.2997
10.3008
10.3019
10.303
10.3041
10.3052
10.3064
10.3075
10.3086
10.3097
10.3108
10.3119
10.313
10.3141
10.3152
10.3163
10.3174
10.3185
10.3196
10.3207
10.3218
10.3229
10.324
10.3251
10.3262
10.3273
10.3284
10.3295
10.3306
10.3317
10.3328
10.3339
10.335
10.3361
10.3372
10.3383
10.3394
10.3405
10.3416
10.3427
10.3438
10.3449
10.3459
10.347
10.3481
10.3492
10.3503
10.3513
10.3524
10.3535
10.3545
10.3556
10.3567
10.3577
10.3588
10.3598
10.3609
10.3619
10.363
10.364
10.3651
10.3661
10.3671
10.3682
10.3692
10.3702
10.3713
10.3723
10.3733
10.3743
10.3753
10.3763
10.3773
10.3783
10.3793
10.3803
10.3813
10.3823
10.3833
10.3843
10.3853
10.3863
10.3873
10.3883
10.3893
10.3902
10.3912
10.3922
10.3932
10.3941
10.3951
10.3961
10.397
10.398
10.399
10.3999
10.4009
10.4018
10.4028
10.4037
10.4047
10.4056
10.4066
10.4075
10.4084
10.4094
10.4103
10.4112
10.4122
10.4131
10.414
10.4149
10.4159
10.4168
10.4177
10.4186
10.4195
10.4205
10.4214
10.4223
10.4232
10.4241
10.425
10.4259
10.4268
10.4277
10.4286
10.4295
10.4304
10.4313
10.4322
10.4331
10.434
10.4349
10.4358
10.4367
10.4376
10.4385
10.4394
10.4403
10.4412
10.4421
10.443
10.4439
10.4448
10.4457
10.4465
10.4474
10.4483
10.4492
10.4501
10.451
10.4519
10.4528
10.4537
10.4545
10.4554
10.4563
10.4572
10.4581
10.459
10.4599
10.4608
10.4616
10.4625
10.4634
10.4643
10.4652
10.4661
10.467
10.4679
10.4688
10.4697
10.4706
10.4715
10.4724
10.4733
10.4742
10.4751
10.476
10.477
10.4779
10.4788
10.4797
10.4806
10.4815
10.4824
10.4833
10.4842
10.4851
10.486
10.4869
10.4878
10.4887
10.4896
10.4905
10.4914
10.4923
10.4932
10.4941
10.495
10.4959
10.4968
10.4977
10.4986
10.4995
10.5003
10.5012
10.5021
10.503
10.5039
10.5048
10.5057
10.5066
10.5075
10.5084
10.5093
10.5102
10.5111
10.512
10.5129
10.5138
10.5147
10.5156
10.5165
10.5174
10.5183
10.5192
10.5201
10.521
10.5219
10.5228
10.5237
10.5246
10.5255
10.5264
10.5273
10.5282
10.5291
10.5301
10.531
10.5319
10.5328
10.5337
10.5346
10.5355
10.5365
10.5374
10.5383
10.5392
10.5402
10.5411
10.542
10.5429
10.5439
10.5448
10.5457
10.5467
10.5476
10.5485
10.5494
10.5504
10.5513
10.5523
10.5532
10.5541
10.5551
10.556
10.557
10.5579
10.5589
10.5598
10.5607
10.5617
10.5626
10.5636
10.5645
10.5655
10.5665
10.5674
10.5684
10.5693
10.5703
10.5712
10.5722
10.5732
10.5741
10.5751
10.576
10.577
10.578
10.5789
10.5799
10.5809
10.5818
10.5828
10.5838
10.5847
10.5857
10.5867
10.5877
10.5886
10.5896
10.5906
10.5916
10.5925
10.5935
10.5945
10.5955
10.5964
10.5974
10.5984
10.5994
10.6004
10.6013
10.6023
10.6033
10.6043
10.6053
10.6062
10.6072
10.6082
10.6092
10.6102
10.6112
10.6122
10.6131
10.6141
10.6151
10.6161
10.6171
10.6181
10.6191
10.6201
10.6211
10.622
10.623
10.624
10.625
10.626
10.627
10.628
10.629
10.63
10.631
10.632
10.633
10.634
10.635
10.636
10.637
10.638
10.639
10.64
10.6409
10.6419
10.6429
10.6439
10.6449
10.6458
10.6468
10.6478
10.6488
10.6498
10.6508
10.6517
10.6527
10.6537
10.6547
10.6557
10.6567
10.6577
10.6587
10.6597
10.6607
10.6617
10.6627
10.6637
10.6647
10.6657
10.6667
10.6677
10.6688
10.6698
10.6708
10.6718
10.6728
10.6738
10.6749
10.6759
10.6769
10.6779
10.6789
10.68
10.681
10.682
10.683
10.6841
10.6851
10.6861
10.6871
10.6882
10.6892
10.6902
10.6913
10.6923
10.6933
10.6943
10.6954
10.6964
10.6974
10.6984
10.6995
10.7005
10.7015
10.7025
10.7036
10.7046
10.7056
10.7066
10.7076
10.7086
10.7097
10.7107
10.7117
10.7127
10.7137
10.7147
10.7157
10.7167
10.7177
10.7187
10.7197
10.7207
10.7217
10.7227
10.7237
10.7247
10.7257
10.7267
10.7277
10.7287
10.7296
10.7306
10.7316
10.7326
10.7335
10.7345
10.7355
10.7364
10.7374
10.7384
10.7393
10.7403
10.7412
10.7422
10.7431
10.7441
10.745
10.746
10.7469
10.7479
10.7488
10.7497
10.7507
10.7516
10.7525
10.7534
10.7544
10.7553
10.7562
10.7571
10.758
10.759
10.7599
10.7608
10.7617
10.7626
10.7635
10.7644
10.7653
10.7662
10.7671
10.768
10.7689
10.7698
10.7707
10.7716
10.7725
10.7733
10.7742
10.7751
10.776
10.7769
10.7778
10.7786
10.7795
10.7804
10.7813
10.7822
10.783
10.7839
10.7848
10.7857
10.7866
10.7874
10.7883
10.7892
10.7901
10.7909
10.7918
10.7927
10.7936
10.7944
10.7953
10.7962
10.7971
10.798
10.7988
10.7997
10.8006
10.8015
10.8023
10.8032
10.8041
10.805
10.8059
10.8068
10.8076
10.8085
10.8094
10.8103
10.8112
10.8121
10.8129
10.8138
10.8147
10.8156
10.8165
10.8174
10.8183
10.8192
10.82
10.8209
10.8218
10.8227
10.8236
10.8245
10.8253
10.8262
10.8271
10.828
10.8288
10.8297
10.8306
10.8315
10.8323
10.8332
10.8341
10.835
10.8358
10.8367
10.8376
10.8385
10.8393
10.8402
10.8411
10.842
10.8428
10.8437
10.8446
10.8455
10.8463
10.8472
10.8481
10.849
10.8498
10.8507
10.8516
10.8525
10.8533
10.8542
10.8551
10.856
10.8568
10.8577
10.8586
10.8595
10.8603
10.8612
10.8621
10.863
10.8638
10.8647
10.8656
10.8665
10.8673
10.8682
10.8691
10.87
10.8709
10.8717
10.8726
10.8735
10.8744
10.8752
10.8761
10.877
10.8779
10.8788
10.8796
10.8805
10.8814
10.8823
10.8832
10.8841
10.8849
10.8858
10.8867
10.8876
10.8885
10.8894
10.8903
10.8911
10.892
10.8929
10.8938
10.8947
10.8956
10.8965
10.8974
10.8983
10.8992
10.9001
10.901
10.9019
10.9028
10.9037
10.9046
10.9055
10.9064
10.9074
10.9083
10.9092
10.9101
10.911
10.9119
10.9129
10.9138
10.9147
10.9156
10.9165
10.9175
10.9184
10.9193
10.9203
10.9212
10.9221
10.9231
10.924
10.925
10.9259
10.9268
10.9278
10.9287
10.9297
10.9306
10.9316
10.9325
10.9335
10.9345
10.9354
10.9364
10.9373
10.9383
10.9393
10.9402
10.9412
10.9422
10.9431
10.9441
10.9451
10.9461
10.9471
10.948
10.949
10.95
10.951
10.952
10.953
10.954
10.955
10.956
10.9569
10.9579
10.9589
10.96
10.961
10.962
10.963
10.964
10.965
10.966
10.967
10.968
10.969
10.9701
10.9711
10.9721
10.9731
10.9741
10.9752
10.9762
10.9772
10.9783
10.9793
10.9803
10.9814
10.9824
10.9834
10.9845
10.9855
10.9866
10.9876
10.9886
10.9897
10.9907
10.9918
10.9928
10.9939
10.9949
10.996
10.997
10.9981
10.9991
11.0002
11.0012
11.0023
11.0034
11.0044
11.0055
11.0065
11.0076
11.0087
11.0097
11.0108
11.0119
11.0129
11.014
11.015
11.0161
11.0172
11.0182
11.0193
11.0204
11.0215
11.0225
11.0236
11.0247
11.0258
11.0269
11.028
11.0291
11.0302
11.0313
11.0324
11.0335
11.0346
11.0357
11.0368
11.0379
11.0391
11.0402
11.0413
11.0424
11.0435
11.0447
11.0458
11.0469
11.048
11.0491
11.0503
11.0514
11.0525
11.0536
11.0548
11.0559
11.057
11.0581
11.0593
11.0604
11.0615
11.0627
11.0638
11.0649
11.066
11.0672
11.0683
11.0694
11.0705
11.0717
11.0728
11.0739
11.075
11.0762
11.0773
11.0784
11.0795
11.0807
11.0818
11.0829
11.084
11.0851
11.0863
11.0874
11.0885
11.0896
11.0907
11.0918
11.0929
11.094
11.0951
11.0962
11.0973
11.0984
11.0995
11.1006
11.1017
11.1028
11.1039
11.105
11.1061
11.1072
11.1083
11.1093
11.1104
11.1115
11.1126
11.1136
11.1147
11.1158
11.1168
11.1179
11.119
11.12
11.1211
11.1221
11.1232
11.1243
11.1253
11.1263
11.1274
11.1284
11.1295
11.1305
11.1315
11.1326
11.1336
11.1346
11.1356
11.1367
11.1377
11.1387
11.1397
11.1407
11.1417
11.1428
11.1438
11.1448
11.1458
11.1468
11.1478
11.1488
11.1498
11.1507
11.1517
11.1527
11.1537
11.1547
11.1557
11.1567
11.1577
11.1586
11.1596
11.1606
11.1616
11.1626
11.1635
11.1645
11.1655
11.1665
11.1675
11.1684
11.1694
11.1704
11.1714
11.1723
11.1733
11.1743
11.1752
11.1762
11.1772
11.1782
11.1791
11.1801
11.1811
11.1821
11.183
11.184
11.185
11.1859
11.1869
11.1879
11.1889
11.1899
11.1908
11.1918
11.1928
11.1938
11.1947
11.1957
11.1967
11.1977
11.1987
11.1996
11.2006
11.2016
11.2026
11.2036
11.2046
11.2055
11.2065
11.2075
11.2085
11.2095
11.2105
11.2115
11.2125
11.2135
11.2145
11.2155
11.2165
11.2174
11.2184
11.2194
11.2204
11.2214
11.2224
11.2235
11.2245
11.2255
11.2265
11.2275
11.2285
11.2295
11.2305
11.2315
11.2325
11.2335
11.2346
11.2356
11.2366
11.2376
11.2386
11.2396
11.2407
11.2417
11.2427
11.2437
11.2448
11.2458
11.2468
11.2479
11.2489
11.2499
11.2509
11.252
11.253
11.2541
11.2551
11.2561
11.2572
11.2582
11.2592
11.2603
11.2613
11.2624
11.2634
11.2645
11.2655
11.2666
11.2676
11.2687
11.2697
11.2708
11.2718
11.2729
11.2739
11.275
11.2761
11.2771
11.2782
11.2792
11.2803
11.2814
11.2824
11.2835
11.2846
11.2856
11.2867
11.2878
11.2888
11.2899
11.291
11.2921
11.2931
11.2942
11.2953
11.2964
11.2975
11.2985
11.2996
11.3007
11.3018
11.3029
11.304
11.3051
11.3062
11.3072
11.3083
11.3094
11.3105
11.3116
11.3127
11.3138
11.3149
11.316
11.3171
11.3182
11.3193
11.3204
11.3215
11.3226
11.3238
11.3249
11.326
11.3271
11.3282
11.3293
11.3304
11.3316
11.3327
11.3338
11.3349
11.336
11.3372
11.3383
11.3394
11.3405
11.3417
11.3428
11.3439
11.3451
11.3462
11.3473
11.3485
11.3496
11.3507
11.3519
11.353
11.3541
11.3553
11.3564
11.3575
11.3587
11.3598
11.361
11.3621
11.3632
11.3644
11.3655
11.3667
11.3678
11.369
11.3701
11.3712
11.3724
11.3735
11.3747
11.3758
11.377
11.3782
11.3793
11.3805
11.3816
11.3828
11.384
11.3851
11.3863
11.3875
11.3886
11.3898
11.391
11.3921
11.3933
11.3945
11.3957
11.3968
11.398
11.3992
11.4004
11.4016
11.4027
11.4039
11.4051
11.4063
11.4075
11.4087
11.4098
11.411
11.4122
11.4134
11.4146
11.4158
11.417
11.4182
11.4194
11.4206
11.4218
11.423
11.4242
11.4254
11.4266
11.4278
11.429
11.4302
11.4314
11.4326
11.4338
11.435
11.4362
11.4375
11.4387
11.4399
11.4411
11.4423
11.4436
11.4448
11.446
11.4472
11.4485
11.4497
11.4509
11.4522
11.4534
11.4546
11.4559
11.4571
11.4583
11.4596
11.4608
11.462
11.4633
11.4645
11.4657
11.467
11.4682
11.4694
11.4707
11.4719
11.4731
11.4744
11.4756
11.4768
11.478
11.4793
11.4805
11.4817
11.483
11.4842
11.4854
11.4866
11.4878
11.4891
11.4903
11.4915
11.4927
11.4939
11.4951
11.4964
11.4976
11.4988
11.5
11.5012
11.5024
11.5036
11.5048
11.506
11.5072
11.5084
11.5095
11.5107
11.5119
11.5131
11.5143
11.5154
11.5166
11.5178
11.5189
11.5201
11.5213
11.5224
11.5236
11.5247
11.5259
11.527
11.5282
11.5293
11.5305
11.5316
11.5327
11.5339
11.535
11.5361
11.5373
11.5384
11.5395
11.5406
11.5418
11.5429
11.544
11.5451
11.5462
11.5473
11.5484
11.5495
11.5506
11.5517
11.5529
11.554
11.5551
11.5562
11.5573
11.5584
11.5594
11.5605
11.5616
11.5627
11.5638
11.5649
11.566
11.5671
11.5682
11.5693
11.5704
11.5715
11.5725
11.5736
11.5747
11.5758
11.5769
11.578
11.5791
11.5802
11.5813
11.5824
11.5834
11.5845
11.5856
11.5867
11.5878
11.5889
11.59
11.5911
11.5922
11.5933
11.5944
11.5955
11.5966
11.5977
11.5988
11.5999
11.601
11.6021
11.6032
11.6043
11.6054
11.6065
11.6076
11.6087
11.6098
11.6109
11.612
11.6131
11.6142
11.6154
11.6165
11.6176
11.6187
11.6198
11.6209
11.6221
11.6232
11.6243
11.6254
11.6266
11.6277
11.6288
11.63
11.6311
11.6322
11.6334
11.6345
11.6356
11.6368
11.6379
11.6391
11.6402
11.6414
11.6425
11.6437
11.6448
11.646
11.6471
11.6483
11.6494
11.6506
11.6518
11.6529
11.6541
11.6553
11.6564
11.6576
11.6588
11.6599
11.6611
11.6623
11.6635
11.6647
11.6658
11.667
11.6682
11.6694
11.6706
11.6718
11.673
11.6742
11.6754
11.6766
11.6778
11.679
11.6802
11.6814
11.6826
11.6838
11.685
11.6862
11.6874
11.6887
11.6899
11.6911
11.6923
11.6935
11.6948
11.696
11.6972
11.6985
11.6997
11.7009
11.7022
11.7034
11.7046
11.7059
11.7071
11.7084
11.7096
11.7108
11.7121
11.7133
11.7146
11.7158
11.7171
11.7183
11.7196
11.7208
11.7221
11.7234
11.7246
11.7259
11.7271
11.7284
11.7297
11.7309
11.7322
11.7335
11.7347
11.736
11.7373
11.7385
11.7398
11.7411
11.7423
11.7436
11.7449
11.7462
11.7474
11.7487
11.75
11.7513
11.7525
11.7538
11.7551
11.7564
11.7577
11.7589
11.7602
11.7615
11.7628
11.7641
11.7654
11.7667
11.7679
11.7692
11.7705
11.7718
11.7731
11.7744
11.7756
11.7769
11.7782
11.7795
11.7807
11.782
11.7833
11.7845
11.7858
11.7871
11.7883
11.7896
11.7909
11.7921
11.7934
11.7947
11.7959
11.7972
11.7985
11.7997
11.801
11.8023
11.8036
11.8048
11.8061
11.8074
11.8087
11.8099
11.8112
11.8125
11.8138
11.8151
11.8163
11.8176
11.8189
11.8202
11.8215
11.8228
11.824
11.8253
11.8266
11.8279
11.8292
11.8305
11.8318
11.8331
11.8344
11.8357
11.837
11.8383
11.8395
11.8408
11.8421
11.8434
11.8447
11.846
11.8473
11.8486
11.8499
11.8512
11.8525
11.8538
11.8551
11.8564
11.8577
11.859
11.8604
11.8617
11.863
11.8643
11.8656
11.8669
11.8682
11.8696
11.8709
11.8722
11.8735
11.8748
11.8761
11.8775
11.8788
11.8801
11.8814
11.8827
11.8841
11.8854
11.8867
11.888
11.8893
11.8907
11.892
11.8933
11.8946
11.8959
11.8972
11.8985
11.8998
11.9012
11.9025
11.9038
11.9051
11.9064
11.9077
11.909
11.9103
11.9116
11.9129
11.9142
11.9155
11.9168
11.9181
11.9194
11.9207
11.922
11.9233
11.9246
11.9258
11.9271
11.9284
11.9297
11.931
11.9323
11.9335
11.9348
11.9361
11.9373
11.9386
11.9399
11.9411
11.9424
11.9437
11.9449
11.9462
11.9474
11.9487
11.9499
11.9512
11.9524
11.9537
11.9549
11.9561
11.9574
11.9586
11.9598
11.9611
11.9623
11.9635
11.9647
11.9659
11.9672
11.9684
11.9696
11.9708
11.972
11.9732
11.9745
11.9757
11.9769
11.9781
11.9793
11.9805
11.9817
11.9829
11.9841
11.9853
11.9865
11.9877
11.9889
11.9901
11.9913
11.9925
11.9937
11.9949
11.9961
11.9973
11.9985
11.9997
12.0009
12.0021
12.0032
12.0044
12.0056
12.0068
12.008
12.0092
12.0104
12.0116
12.0128
12.0139
12.0151
12.0163
12.0175
12.0187
12.0199
12.0211
12.0223
12.0234
12.0246
12.0258
12.027
12.0282
12.0294
12.0306
12.0318
12.033
12.0342
12.0354
12.0366
12.0377
12.0389
12.0401
12.0413
12.0425
12.0437
12.045
12.0462
12.0474
12.0486
12.0498
12.051
12.0522
12.0534
12.0546
12.0559
12.0571
12.0583
12.0595
12.0607
12.062
12.0632
12.0644
12.0657
12.0669
12.0681
12.0694
12.0706
12.0719
12.0731
12.0744
12.0756
12.0769
12.0781
12.0794
12.0806
12.0819
12.0832
12.0844
12.0857
12.087
12.0883
12.0895
12.0908
12.0921
12.0934
12.0947
12.0959
12.0972
12.0985
12.0998
12.1011
12.1024
12.1037
12.105
12.1063
12.1076
12.1089
12.1102
12.1116
12.1129
12.1142
12.1155
12.1168
12.1181
12.1195
12.1208
12.1221
12.1235
12.1248
12.1261
12.1274
12.1288
12.1301
12.1314
12.1328
12.1341
12.1355
12.1368
12.1381
12.1395
12.1408
12.1422
12.1435
12.1449
12.1462
12.1476
12.1489
12.1503
12.1516
12.153
12.1543
12.1557
12.157
12.1584
12.1597
12.1611
12.1624
12.1638
12.1651
12.1665
12.1679
12.1692
12.1706
12.1719
12.1733
12.1746
12.176
12.1773
12.1786
12.1799
12.1813
12.1826
12.1839
12.1852
12.1865
12.1878
12.1891
12.1904
12.1918
12.1931
12.1944
12.1957
12.197
12.1983
12.1996
12.2009
12.2022
12.2035
12.2048
12.2061
12.2074
12.2088
12.2101
12.2114
12.2127
12.214
12.2153
12.2166
12.2179
12.2193
12.2206
12.2219
12.2232
12.2245
12.2258
12.2272
12.2285
12.2298
12.2311
12.2324
12.2338
12.2351
12.2364
12.2377
12.2391
12.2404
12.2417
12.243
12.2444
12.2457
12.247
12.2483
12.2497
12.251
12.2523
12.2536
12.255
12.2563
12.2576
12.259
12.2603
12.2616
12.2629
12.2643
12.2656
12.2669
12.2683
12.2696
12.2709
12.2723
12.2736
12.2749
12.2763
12.2776
12.279
12.2803
12.2816
12.283
12.2843
12.2857
12.287
12.2884
12.2897
12.291
12.2924
12.2937
12.2951
12.2964
12.2978
12.2991
12.3005
12.3018
12.3032
12.3045
12.3059
12.3072
12.3086
12.31
12.3113
12.3127
12.3141
12.3154
12.3168
12.3182
12.3195
12.3209
12.3223
12.3236
12.325
12.3264
12.3278
12.3291
12.3305
12.3319
12.3333
12.3346
12.336
12.3374
12.3387
12.3401
12.3415
12.3429
12.3442
12.3456
12.347
12.3483
12.3497
12.3511
12.3524
12.3538
12.3552
12.3565
12.3579
12.3592
12.3606
12.3619
12.3633
12.3647
12.366
12.3674
12.3687
12.37
12.3714
12.3727
12.3741
12.3754
12.3767
12.3781
12.3794
12.3807
12.3821
12.3834
12.3847
12.386
12.3873
12.3887
12.39
12.3913
12.3926
12.3939
12.3952
12.3965
12.3978
12.3991
12.4004
12.4017
12.403
12.4043
12.4055
12.4068
12.4081
12.4094
12.4107
12.4119
12.4132
12.4145
12.4158
12.417
12.4183
12.4196
12.4209
12.4221
12.4234
12.4247
12.4259
12.4272
12.4284
12.4297
12.431
12.4322
12.4335
12.4348
12.436
12.4373
12.4385
12.4398
12.441
12.4423
12.4435
12.4448
12.4461
12.4473
12.4486
12.4498
12.4511
12.4523
12.4536
12.4548
12.4561
12.4573
12.4586
12.4599
12.4611
12.4624
12.4636
12.4649
12.4661
12.4674
12.4686
12.4699
12.4712
12.4724
12.4737
12.4749
12.4762
12.4775
12.4787
12.48
12.4812
12.4825
12.4838
12.485
12.4863
12.4876
12.4889
12.4901
12.4914
12.4927
12.494
12.4952
12.4965
12.4978
12.4991
12.5004
12.5017
12.5029
12.5042
12.5055
12.5068
12.5081
12.5094
12.5107
12.512
12.5133
12.5146
12.5159
12.5173
12.5186
12.5199
12.5212
12.5225
12.5238
12.5252
12.5265
12.5278
12.5291
12.5305
12.5318
12.5332
12.5345
12.5358
12.5372
12.5385
12.5399
12.5412
12.5426
12.5439
12.5453
12.5466
12.548
12.5494
12.5507
12.5521
12.5535
12.5548
12.5562
12.5576
12.559
12.5604
12.5617
12.5631
12.5645
12.5659
12.5673
12.5687
12.5701
12.5715
12.5728
12.5742
12.5756
12.577
12.5784
12.5798
12.5812
12.5826
12.5841
12.5855
12.5869
12.5883
12.5897
12.5911
12.5925
12.5939
12.5953
12.5967
12.5982
12.5996
12.601
12.6024
12.6038
12.6052
12.6067
12.6081
12.6095
12.6109
12.6123
12.6138
12.6152
12.6166
12.618
12.6194
12.6208
12.6222
12.6236
12.625
12.6264
12.6278
12.6292
12.6306
12.6319
12.6333
12.6347
12.636
12.6374
12.6388
12.6402
12.6415
12.6429
12.6443
12.6456
12.647
12.6484
12.6497
12.6511
12.6525
12.6538
12.6552
12.6566
12.658
12.6593
12.6607
12.6621
12.6634
12.6648
12.6662
12.6676
12.669
12.6703
12.6717
12.6731
12.6745
12.6758
12.6772
12.6786
12.68
12.6814
12.6828
12.6841
12.6855
12.6869
12.6883
12.6897
12.6911
12.6925
12.6938
12.6952
12.6966
12.698
12.6994
12.7008
12.7022
12.7036
12.705
12.7064
12.7078
12.7091
12.7105
12.7119
12.7133
12.7147
12.7161
12.7175
12.7189
12.7203
12.7217
12.7231
12.7245
12.7259
12.7273
12.7287
12.7301
12.7315
12.7329
12.7343
12.7357
12.7371
12.7386
12.74
12.7414
12.7428
12.7442
12.7456
12.747
12.7484
12.7498
12.7512
12.7527
12.7541
12.7555
12.7569
12.7583
12.7597
12.7612
12.7626
12.764
12.7654
12.7669
12.7683
12.7697
12.7711
12.7726
12.774
12.7754
12.7768
12.7783
12.7797
12.7811
12.7826
12.784
12.7854
12.7869
12.7883
12.7898
12.7912
12.7927
12.7941
12.7956
12.797
12.7985
12.7999
12.8014
12.8029
12.8043
12.8058
12.8073
12.8087
12.8102
12.8117
12.8131
12.8146
12.8161
12.8175
12.819
12.8205
12.822
12.8234
12.8249
12.8264
12.8279
12.8293
12.8308
12.8323
12.8337
12.8352
12.8367
12.8381
12.8396
12.8411
12.8425
12.844
12.8454
12.8469
12.8484
12.8498
12.8513
12.8527
12.8542
12.8556
12.8571
12.8585
12.86
12.8614
12.8629
12.8643
12.8658
12.8672
12.8686
12.8701
12.8715
12.8729
12.8744
12.8758
12.8772
12.8786
12.8801
12.8815
12.8829
12.8843
12.8857
12.8871
12.8885
12.8899
12.8913
12.8927
12.8941
12.8955
12.8969
12.8983
12.8997
12.9011
12.9024
12.9038
12.9052
12.9066
12.908
12.9093
12.9107
12.9121
12.9135
12.9148
12.9162
12.9176
12.919
12.9203
12.9217
12.9231
12.9244
12.9258
12.9271
12.9285
12.9299
12.9312
12.9326
12.934
12.9353
12.9367
12.938
12.9394
12.9408
12.9421
12.9435
12.9448
12.9462
12.9475
12.9489
12.9503
12.9516
12.953
12.9543
12.9557
12.957
12.9584
12.9598
12.9611
12.9625
12.9638
12.9652
12.9666
12.9679
12.9693
12.9706
12.972
12.9734
12.9747
12.9761
12.9775
12.9788
12.9802
12.9816
12.9829
12.9843
12.9857
12.987
12.9884
12.9898
12.9912
12.9926
12.9939
12.9953
12.9967
12.9981
12.9995
13.0009
13.0023
13.0037
13.005
13.0064
13.0078
13.0092
13.0106
13.0121
13.0135
13.0149
13.0163
13.0177
13.0191
13.0205
13.0219
13.0234
13.0248
13.0262
13.0276
13.0291
13.0305
13.0319
13.0334
13.0348
13.0363
13.0377
13.0392
13.0406
13.0421
13.0435
13.045
13.0465
13.0479
13.0494
13.0509
13.0523
13.0538
13.0553
13.0568
13.0582
13.0597
13.0612
13.0627
13.0642
13.0657
13.0672
13.0687
13.0702
13.0717
13.0732
13.0747
13.0762
13.0777
13.0792
13.0808
13.0823
13.0838
13.0853
13.0868
13.0884
13.0899
13.0914
13.093
13.0945
13.096
13.0976
13.0991
13.1006
13.1022
13.1037
13.1052
13.1068
13.1083
13.1098
13.1114
13.1129
13.1145
13.116
13.1175
13.1191
13.1206
13.1222
13.1237
13.1253
13.1268
13.1283
13.1299
13.1314
13.133
13.1345
13.136
13.1375
13.1391
13.1406
13.1421
13.1436
13.1451
13.1466
13.1481
13.1496
13.1511
13.1525
13.154
13.1555
13.157
13.1585
13.16
13.1615
13.163
13.1645
13.1659
13.1674
13.1689
13.1704
13.1719
13.1734
13.1749
13.1763
13.1778
13.1793
13.1808
13.1823
13.1838
13.1852
13.1867
13.1882
13.1897
13.1912
13.1926
13.1941
13.1956
13.1971
13.1986
13.2
13.2015
13.203
13.2045
13.206
13.2075
13.209
13.2104
13.2119
13.2134
13.2149
13.2164
13.2179
13.2194
13.2209
13.2223
13.2238
13.2253
13.2268
13.2283
13.2298
13.2313
13.2328
13.2343
13.2358
13.2373
13.2387
13.2402
13.2417
13.2432
13.2447
13.2462
13.2477
13.2492
13.2507
13.2522
13.2537
13.2552
13.2567
13.2582
13.2597
13.2612
13.2627
13.2642
13.2657
13.2672
13.2687
13.2702
13.2717
13.2732
13.2747
13.2762
13.2777
13.2792
13.2807
13.2822
13.2837
13.2852
13.2867
13.2882
13.2897
13.2913
13.2928
13.2943
13.2958
13.2973
13.2988
13.3003
13.3018
13.3033
13.3049
13.3064
13.3079
13.3094
13.3109
13.3124
13.3139
13.3155
13.317
13.3185
13.32
13.3216
13.3231
13.3246
13.3262
13.3277
13.3292
13.3308
13.3323
13.3339
13.3354
13.3369
13.3385
13.34
13.3416
13.3431
13.3447
13.3462
13.3477
13.3493
13.3508
13.3524
13.3539
13.3555
13.357
13.3585
13.3601
13.3616
13.3631
13.3647
13.3662
13.3677
13.3692
13.3708
13.3723
13.3738
13.3753
13.3769
13.3784
13.3799
13.3814
13.3829
13.3844
13.3859
13.3874
13.389
13.3905
13.392
13.3935
13.395
13.3965
13.398
13.3995
13.4009
13.4024
13.4039
13.4054
13.4069
13.4084
13.4099
13.4113
13.4128
13.4143
13.4158
13.4172
13.4187
13.4202
13.4217
13.4231
13.4246
13.4261
13.4275
13.429
13.4304
13.4319
13.4334
13.4348
13.4363
13.4377
13.4392
13.4406
13.4421
13.4435
13.445
13.4464
13.4479
13.4493
13.4508
13.4522
13.4537
13.4551
13.4566
13.458
13.4595
13.4609
13.4623
13.4638
13.4652
13.4667
13.4681
13.4696
13.471
13.4724
13.4739
13.4753
13.4768
13.4782
13.4796
13.4811
13.4825
13.484
13.4854
13.4869
13.4883
13.4897
13.4912
13.4926
13.4941
13.4955
13.497
13.4984
13.4999
13.5013
13.5028
13.5042
13.5057
13.5071
13.5086
13.51
13.5115
13.5129
13.5144
13.5159
13.5173
13.5188
13.5203
13.5217
13.5232
13.5247
13.5261
13.5276
13.5291
13.5305
13.532
13.5335
13.535
13.5365
13.5379
13.5394
13.5409
13.5424
13.5439
13.5454
13.5469
13.5484
13.5499
13.5514
13.5529
13.5544
13.5559
13.5574
13.5589
13.5604
13.5619
13.5634
13.565
13.5665
13.568
13.5695
13.571
13.5726
13.5741
13.5756
13.5772
13.5787
13.5802
13.5818
13.5833
13.5849
13.5864
13.588
13.5895
13.5911
13.5927
13.5942
13.5958
13.5974
13.5989
13.6005
13.6021
13.6037
13.6053
13.6069
13.6084
13.61
13.6116
13.6132
13.6148
13.6164
13.618
13.6196
13.6213
13.6229
13.6245
13.6261
13.6277
13.6294
13.631
13.6326
13.6342
13.6359
13.6375
13.6392
13.6408
13.6424
13.6441
13.6457
13.6474
13.649
13.6507
13.6523
13.654
13.6556
13.6573
13.6589
13.6606
13.6623
13.6639
13.6656
13.6672
13.6689
13.6705
13.6722
13.6738
13.6755
13.6772
13.6788
13.6805
13.6821
13.6838
13.6854
13.6871
13.6887
13.6904
13.692
13.6936
13.6953
13.6969
13.6986
13.7002
13.7018
13.7035
13.7051
13.7067
13.7084
13.71
13.7116
13.7132
13.7148
13.7165
13.7181
13.7197
13.7213
13.7229
13.7245
13.7261
13.7277
13.7293
13.7309
13.7325
13.7341
13.7357
13.7373
13.7389
13.7405
13.7421
13.7437
13.7453
13.7469
13.7485
13.7501
13.7517
13.7533
13.7549
13.7565
13.7581
13.7597
13.7613
13.7629
13.7645
13.7661
13.7677
13.7693
13.7709
13.7725
13.7741
13.7757
13.7773
13.7789
13.7805
13.7821
13.7837
13.7853
13.787
13.7886
13.7902
13.7918
13.7934
13.795
13.7967
13.7983
13.7999
13.8015
13.8032
13.8048
13.8064
13.8081
13.8097
13.8114
13.813
13.8146
13.8163
13.8179
13.8196
13.8212
13.8229
13.8245
13.8262
13.8278
13.8295
13.8312
13.8328
13.8345
13.8361
13.8378
13.8395
13.8411
13.8428
13.8445
13.8461
13.8478
13.8495
13.8512
13.8528
13.8545
13.8562
13.8579
13.8596
13.8613
13.8629
13.8646
13.8663
13.868
13.8697
13.8714
13.8731
13.8748
13.8764
13.8781
13.8798
13.8815
13.8832
13.8849
13.8866
13.8883
13.89
13.8917
13.8934
13.8951
13.8968
13.8985
13.9002
13.9019
13.9036
13.9053
13.9071
13.9088
13.9105
13.9122
13.9139
13.9157
13.9174
13.9191
13.9208
13.9226
13.9243
13.926
13.9278
13.9295
13.9313
13.933
13.9348
13.9365
13.9382
13.94
13.9417
13.9435
13.9452
13.947
13.9487
13.9505
13.9522
13.954
13.9557
13.9574
13.9592
13.9609
13.9627
13.9644
13.9662
13.9679
13.9697
13.9714
13.9731
13.9749
13.9766
13.9784
13.9801
13.9818
13.9836
13.9853
13.9871
13.9888
13.9905
13.9923
13.994
13.9958
13.9975
13.9992
14.001
14.0027
14.0045
14.0062
14.0079
14.0097
14.0114
14.0131
14.0149
14.0166
14.0183
14.0201
14.0218
14.0235
14.0253
14.027
14.0287
14.0304
14.0322
14.0339
14.0356
14.0373
14.039
14.0408
14.0425
14.0442
14.0459
14.0476
14.0493
14.051
14.0527
14.0544
14.0562
14.0579
14.0596
14.0613
14.063
14.0647
14.0664
14.0681
14.0697
14.0714
14.0731
14.0748
14.0765
14.0782
14.0799
14.0816
14.0833
14.0849
14.0866
14.0883
14.09
14.0917
14.0933
14.095
14.0967
14.0984
14.1001
14.1017
14.1034
14.1051
14.1067
14.1084
14.1101
14.1118
14.1134
14.1151
14.1168
14.1184
14.1201
14.1218
14.1234
14.1251
14.1268
14.1284
14.1301
14.1317
14.1334
14.1351
14.1367
14.1384
14.1401
14.1417
14.1434
14.145
14.1467
14.1484
14.15
14.1517
14.1534
14.155
14.1567
14.1583
14.16
14.1617
14.1633
14.165
14.1667
14.1683
14.17
14.1716
14.1733
14.175
14.1766
14.1783
14.18
14.1816
14.1833
14.185
14.1866
14.1883
14.19
14.1916
14.1933
14.195
14.1966
14.1983
14.2
14.2016
14.2033
14.205
14.2066
14.2083
14.21
14.2117
14.2133
14.215
14.2167
14.2184
14.22
14.2217
14.2234
14.2251
14.2267
14.2284
14.2301
14.2318
14.2335
14.2351
14.2368
14.2385
14.2402
14.2419
14.2436
14.2453
14.2469
14.2486
14.2503
14.252
14.2537
14.2554
14.2571
14.2588
14.2605
14.2622
14.2638
14.2655
14.2672
14.2689
14.2706
14.2723
14.274
14.2757
14.2774
14.2791
14.2808
14.2825
14.2842
14.2859
14.2876
14.2894
14.2911
14.2928
14.2945
14.2962
14.2979
14.2996
14.3013
14.303
14.3048
14.3065
14.3082
14.3099
14.3116
14.3134
14.3151
14.3168
14.3185
14.3203
14.322
14.3237
14.3255
14.3272
14.3289
14.3307
14.3324
14.3342
14.3359
14.3376
14.3393
14.3411
14.3428
14.3445
14.3462
14.348
14.3497
14.3514
14.3531
14.3548
14.3566
14.3583
14.36
14.3617
14.3634
14.3651
14.3668
14.3685
14.3703
14.372
14.3737
14.3754
14.3771
14.3788
14.3805
14.3823
14.384
14.3857
14.3874
14.3892
14.3909
14.3926
14.3943
14.3961
14.3978
14.3995
14.4013
14.403
14.4048
14.4065
14.4082
14.41
14.4117
14.4135
14.4152
14.417
14.4187
14.4205
14.4222
14.424
14.4257
14.4275
14.4292
14.431
14.4328
14.4345
14.4363
14.4381
14.4398
14.4416
14.4434
14.4452
14.4469
14.4487
14.4505
14.4523
14.4541
14.4559
14.4576
14.4594
14.4612
14.463
14.4648
14.4666
14.4684
14.4702
14.472
14.4738
14.4756
14.4774
14.4793
14.4811
14.4829
14.4847
14.4865
14.4883
14.4901
14.492
14.4938
14.4956
14.4975
14.4993
14.5011
14.503
14.5048
14.5066
14.5085
14.5103
14.5122
14.514
14.5159
14.5178
14.5196
14.5215
14.5234
14.5252
14.5271
14.529
14.5309
14.5328
14.5347
14.5366
14.5384
14.5404
14.5423
14.5442
14.5461
14.548
14.5499
14.5518
14.5538
14.5557
14.5576
14.5596
14.5615
14.5634
14.5654
14.5673
14.5693
14.5712
14.5732
14.5752
14.5771
14.5791
14.5811
14.583
14.585
14.587
14.589
14.591
14.593
14.595
14.597
14.599
14.601
14.603
14.605
14.607
14.609
14.6111
14.6131
14.6151
14.6171
14.6191
14.6212
14.6232
14.6252
14.6272
14.6293
14.6313
14.6333
14.6354
14.6374
14.6395
14.6415
14.6435
14.6456
14.6476
14.6497
14.6517
14.6538
14.6558
14.6579
14.6599
14.662
14.664
14.6661
14.6681
14.6702
14.6722
14.6743
14.6764
14.6784
14.6805
14.6826
14.6846
14.6867
14.6888
14.6908
14.6929
14.695
14.6971
14.6992
14.7012
14.7033
14.7054
14.7075
14.7096
14.7117
14.7138
14.7159
14.718
14.7201
14.7222
14.7243
14.7264
14.7285
14.7306
14.7327
14.7348
14.737
14.7391
14.7412
14.7433
14.7454
14.7476
14.7497
14.7518
14.7539
14.7561
14.7582
14.7603
14.7625
14.7646
14.7667
14.7689
14.771
14.7732
14.7753
14.7775
14.7796
14.7818
14.7839
14.7861
14.7882
14.7904
14.7925
14.7947
14.7968
14.799
14.8011
14.8033
14.8055
14.8076
14.8098
14.8119
14.8141
14.8163
14.8184
14.8206
14.8228
14.8249
14.8271
14.8293
14.8314
14.8336
14.8358
14.838
14.8401
14.8423
14.8445
14.8467
14.8488
14.851
14.8532
14.8554
14.8575
14.8597
14.8619
14.8641
14.8663
14.8685
14.8706
14.8728
14.875
14.8772
14.8794
14.8816
14.8838
14.886
14.8882
14.8904
14.8926
14.8948
14.897
14.8992
14.9015
14.9037
14.9059
14.9081
14.9103
14.9126
14.9148
14.917
14.9193
14.9215
14.9238
14.926
14.9282
14.9305
14.9327
14.935
14.9373
14.9395
14.9418
14.9441
14.9463
14.9486
14.9509
14.9532
14.9554
14.9577
14.96
14.9623
14.9646
14.9669
14.9692
14.9715
14.9739
14.9762
14.9785
14.9809
14.9832
14.9855
14.9879
14.9902
14.9926
14.995
14.9973
14.9997
15.0021
15.0045
15.0069
15.0092
15.0116
15.0141
15.0165
15.0189
15.0213
15.0237
15.0262
15.0286
15.031
15.0335
15.0359
15.0384
15.0408
15.0433
15.0458
15.0483
15.0507
15.0532
15.0557
15.0582
15.0607
15.0632
15.0657
15.0682
15.0707
15.0732
15.0757
15.0782
15.0807
15.0832
15.0857
15.0882
15.0908
15.0933
15.0958
15.0983
15.1009
15.1034
15.1059
15.1084
15.111
15.1135
15.116
15.1186
15.1211
15.1236
15.1262
15.1287
15.1312
15.1338
15.1363
15.1388
15.1413
15.1439
15.1464
15.1489
15.1515
15.154
15.1565
15.159
15.1616
15.1641
15.1666
15.1691
15.1716
15.1741
15.1766
15.1792
15.1817
15.1842
15.1867
15.1892
15.1917
15.1942
15.1967
15.1992
15.2017
15.2041
15.2066
15.2091
15.2116
15.2141
15.2166
15.2191
15.2216
15.224
15.2265
15.229
15.2315
15.234
15.2365
15.239
15.2415
15.2439
15.2464
15.2489
15.2514
15.2539
15.2564
15.2589
15.2614
15.2639
15.2663
15.2688
15.2713
15.2738
15.2763
15.2788
15.2813
15.2837
15.2862
15.2887
15.2912
15.2937
15.2962
15.2987
15.3011
15.3036
15.3061
15.3086
15.3111
15.3136
15.316
15.3185
15.321
15.3235
15.326
15.3285
15.331
15.3334
15.3359
15.3384
15.3409
15.3434
15.3459
15.3484
15.3509
15.3533
15.3558
15.3583
15.3608
15.3633
15.3658
15.3683
15.3708
15.3733
15.3758
15.3784
15.3809
15.3834
15.3859
15.3884
15.391
15.3935
15.396
15.3986
15.4011
15.4037
15.4062
