distance
0
-1.08216e-07
-4.10136e-07
-7.64601e-07
-1.28871e-06
-1.94394e-06
-2.80363e-06
-3.82713e-06
-5.08728e-06
-6.54542e-06
-8.27056e-06
-1.02259e-05
-1.24749e-05
-1.49834e-05
-1.78089e-05
-2.09308e-05
-2.44041e-05
-2.82071e-05
-3.23847e-05
-3.69201e-05
-4.18495e-05
-4.71271e-05
-5.28469e-05
-5.90395e-05
-6.57704e-05
-7.3045e-05
-8.09133e-05
-8.93567e-05
-9.84367e-05
-0.00010817
-0.000118595
-0.000129704
-0.000141542
-0.000154074
-0.000167181
-0.000180734
-0.000194479
-0.000208614
-0.000222997
-0.000237387
-0.000252087
-0.000266893
-0.000281595
-0.000296363
-1.47653e-05
-2.9378e-05
-4.41084e-05
-5.87279e-05
-7.30243e-05
-8.68138e-05
-0.000100467
-0.000113782
-0.000126419
-0.00013827
-0.000149802
-0.000160781
-0.000171084
-0.000180552
-0.000189609
-0.000198
-0.000205747
-0.00021255
-0.000218676
-0.000224046
-0.000228323
-0.00023147
-0.000233349
-0.000233913
-0.000233529
-0.000232565
-0.000230556
-0.000227225
-0.000222171
-0.000215508
-0.000207438
-0.000197752
-0.000186359
-0.000172896
-0.000157159
-0.000139703
-0.000120178
-9.84625e-05
-7.41313e-05
-4.71519e-05
-1.74765e-05
1.49387e-05
5.03996e-05
8.82436e-05
0.000128809
0.00017239
0.000219283
0.000269597
0.000323353
0.000380715
0.000441188
0.000505013
0.000572505
0.000643913
0.000718689
0.00079703
0.000879221
0.000965194
0.0010549
0.0011484
0.00124514
0.00134528
0.00144901
0.00155574
0.0016656
0.00177869
0.00189458
0.0020133
0.00213493
0.002259
0.00238564
0.00251483
0.00264618
0.0027797
0.00291548
0.00305308
0.00319252
0.00333381
0.00347666
0.00362099
0.00376684
0.00391384
0.00406105
0.00420891
0.00435748
0.00450682
0.00465717
0.00480936
0.0049647
0.00512305
0.00528373
0.00544651
0.00561144
0.00577834
0.00594746
0.00611885
0.00629238
0.00646809
0.0066461
0.00682618
0.00700856
0.00719342
0.00738083
0.00757093
0.00776384
0.00795942
0.00815642
0.00835568
0.0085572
0.00876104
0.00896733
0.00917589
0.00938684
0.00960022
0.00981603
0.0100343
0.0102552
0.0104786
0.0107048
0.0109336
0.011165
0.0113992
0.0116362
0.011876
0.0121186
0.0123639
0.0126122
0.0128632
0.013117
0.0133736
0.013633
0.0138951
0.0141601
0.0144278
0.0146984
0.0149718
0.015248
0.0155271
0.0158092
0.0160942
0.0163823
0.0166733
0.0169675
0.0172648
0.0175653
0.017869
0.0181761
0.0184866
0.0188005
0.019118
0.019439
0.0197637
0.020092
0.0204242
0.0207601
0.0210999
0.0214436
0.0217912
0.0221428
0.0224984
0.0228579
0.0232215
0.023589
0.0239605
0.0243358
0.0247149
0.025098
0.0254849
0.0258757
0.0262704
0.0266689
0.0270712
0.0274774
0.0278874
0.0283013
0.0287191
0.0291407
0.0295662
0.0299957
0.0304291
0.0308663
0.0313075
0.0317525
0.0322013
0.0326539
0.0331104
0.0335706
0.0340346
0.034502
0.0349731
0.0354478
0.0359261
0.0364078
0.036893
0.0373814
0.0378732
0.0383683
0.0388665
0.0393679
0.0398724
0.0403797
0.04089
0.0414031
0.0419187
0.0424371
0.042958
0.0434812
0.0440069
0.0445348
0.0450648
0.0455971
0.0461315
0.0466679
0.0472063
0.0477466
0.0482888
0.0488329
0.0493787
0.0499262
0.0504756
0.0510265
0.051579
0.0521332
0.0526889
0.053246
0.0538046
0.0543647
0.0549261
0.0554889
0.056053
0.0566184
0.0571844
0.0577487
0.0583093
0.0588651
0.0594158
0.0599617
0.0605036
0.0610423
0.0615785
0.0621127
0.0626453
0.0631766
0.0637066
0.0642359
0.0647648
0.0652937
0.0658229
0.0663528
0.0668835
0.0674151
0.0679478
0.0684817
0.0690168
0.0695532
0.0700909
0.0706299
0.0711702
0.0717118
0.0722546
0.0727989
0.0733443
0.073891
0.0744389
0.0749882
0.0755385
0.0760901
0.0766429
0.0771969
0.0777519
0.0783082
0.0788655
0.079424
0.0799836
0.0805442
0.0811059
0.0816688
0.0822326
0.0827975
0.0833635
0.0839305
0.0844985
0.0850676
0.0856376
0.0862087
0.0867809
0.0873541
0.0879282
0.0885035
0.0890798
0.0896572
0.0902356
0.0908151
0.0913956
0.0919772
0.0925599
0.0931437
0.0937285
0.0943145
0.0949015
0.0954897
0.0960789
0.0966693
0.0972609
0.0978537
0.0984475
0.0990426
0.0996389
0.100236
0.100835
0.101435
0.102036
0.102639
0.103242
0.103847
0.104454
0.105061
0.10567
0.10628
0.106892
0.107505
0.10812
0.108735
0.109353
0.109971
0.110592
0.111213
0.111836
0.112461
0.113087
0.113715
0.114344
0.114975
0.115607
0.116241
0.116876
0.117513
0.118152
0.118792
0.119434
0.120078
0.120724
0.121371
0.12202
0.12267
0.123323
0.123977
0.124633
0.125291
0.12595
0.126612
0.127275
0.12794
0.128607
0.129276
0.129947
0.13062
0.131295
0.131972
0.13265
0.133331
0.134014
0.134699
0.135386
0.136075
0.136766
0.137459
0.138154
0.138852
0.139551
0.140253
0.140957
0.141664
0.142372
0.143083
0.143796
0.144511
0.145229
0.145949
0.146671
0.147396
0.148123
0.148852
0.149584
0.150318
0.151055
0.151794
0.152535
0.153279
0.154026
0.154769
0.155512
0.156256
0.156999
0.157743
0.158489
0.159236
0.159985
0.160737
0.161492
0.16225
0.163012
0.163773
0.164537
0.165304
0.166075
0.166849
0.167628
0.168411
0.169199
0.169992
0.170789
0.171591
0.172398
0.173209
0.174025
0.174845
0.17567
0.176499
0.177331
0.178168
0.179008
0.179851
0.180699
0.18155
0.182405
0.183264
0.184126
0.184992
0.185861
0.186733
0.187609
0.188488
0.18937
0.190255
0.191143
0.192034
0.192928
0.193824
0.194724
0.195626
0.196531
0.197439
0.198349
0.199262
0.200177
0.201095
0.202016
0.202939
0.203864
0.204792
0.205723
0.206656
0.207591
0.208528
0.209468
0.210409
0.211352
0.212297
0.213244
0.214192
0.215142
0.216093
0.217046
0.217999
0.218954
0.219909
0.220866
0.221823
0.222781
0.223739
0.224698
0.225657
0.226616
0.227576
0.228535
0.229495
0.230454
0.231414
0.232373
0.233332
0.23429
0.235248
0.236205
0.237162
0.238118
0.239074
0.240028
0.240982
0.241936
0.242888
0.243839
0.24479
0.245739
0.246687
0.247635
0.248581
0.249526
0.250469
0.251412
0.252353
0.253293
0.254232
0.255169
0.256106
0.25704
0.257974
0.258906
0.259837
0.260766
0.261694
0.26262
0.263546
0.264469
0.265392
0.266312
0.267232
0.26815
0.269066
0.269981
0.270895
0.271807
0.272718
0.273627
0.274535
0.275441
0.276345
0.277248
0.27815
0.27905
0.279948
0.280844
0.281739
0.282632
0.283524
0.284413
0.285301
0.286187
0.287072
0.287954
0.288835
0.289714
0.290591
0.291467
0.29234
0.293212
0.294081
0.294949
0.295816
0.296681
0.297544
0.298406
0.299266
0.300125
0.300982
0.301838
0.302693
0.303547
0.3044
0.305251
0.306101
0.30695
0.307797
0.308644
0.309489
0.310332
0.311175
0.312016
0.312856
0.313695
0.314532
0.315369
0.316204
0.317037
0.317868
0.318696
0.319521
0.320342
0.321161
0.321977
0.322791
0.323603
0.324414
0.325222
0.32603
0.326836
0.32764
0.328444
0.329246
0.330047
0.330847
0.331646
0.332443
0.333239
0.334034
0.334828
0.33562
0.336411
0.337201
0.33799
0.338777
0.339564
0.34035
0.341135
0.34192
0.342703
0.343487
0.344269
0.345051
0.345833
0.346615
0.347397
0.348179
0.348961
0.349743
0.350525
0.351308
0.352091
0.352874
0.353658
0.354443
0.355228
0.356013
0.356799
0.357586
0.358373
0.359161
0.359949
0.360738
0.361527
0.362317
0.363107
0.363898
0.364689
0.36548
0.366273
0.367065
0.367858
0.368651
0.369444
0.370238
0.371032
0.371826
0.372621
0.373415
0.37421
0.375005
0.375799
0.376594
0.377389
0.378184
0.378979
0.379775
0.380571
0.381367
0.382163
0.38296
0.383756
0.384553
0.385349
0.386146
0.386942
0.387737
0.388532
0.389327
0.390121
0.390915
0.391707
0.392499
0.393291
0.394081
0.394871
0.395659
0.396447
0.397234
0.398021
0.398806
0.399591
0.400375
0.401159
0.401941
0.402724
0.403505
0.404286
0.405067
0.405847
0.406627
0.407407
0.408186
0.408965
0.409744
0.410523
0.411302
0.41208
0.412859
0.413638
0.414416
0.415195
0.415974
0.416753
0.417533
0.418312
0.419092
0.419873
0.420653
0.421434
0.422216
0.422998
0.42378
0.424563
0.425346
0.426129
0.426914
0.427698
0.428483
0.429269
0.430055
0.430842
0.43163
0.432417
0.433206
0.433995
0.434785
0.435575
0.436367
0.437159
0.437952
0.438746
0.43954
0.440336
0.441133
0.44193
0.442729
0.443529
0.44433
0.445132
0.445935
0.446739
0.447545
0.448351
0.449159
0.449968
0.450778
0.45159
0.452402
0.453216
0.454031
0.454848
0.455665
0.456484
0.457305
0.458126
0.458949
0.459773
0.460599
0.461426
0.462254
0.463084
0.463915
0.464747
0.465581
0.466416
0.467253
0.468091
0.46893
0.469771
0.470613
0.471457
0.472302
0.473149
0.473997
0.474846
0.475697
0.47655
0.477403
0.478259
0.479116
0.479974
0.480834
0.481695
0.482558
0.483422
0.484288
0.485156
0.486024
0.486895
0.487767
0.48864
0.489515
0.490392
0.49127
0.492149
0.49303
0.493913
0.494797
0.495682
0.496569
0.497458
0.498348
0.49924
0.500133
0.501027
0.501923
0.502821
0.50372
0.50462
0.505522
0.506425
0.50733
0.508236
0.509143
0.510052
0.510963
0.511875
0.512788
0.513703
0.514619
0.515537
0.516457
0.517377
0.5183
0.519224
0.520149
0.521076
0.522004
0.522934
0.523865
0.524798
0.525732
0.526667
0.527604
0.528543
0.529483
0.530424
0.531366
0.53231
0.533255
0.534202
0.53515
0.536099
0.537049
0.538001
0.538954
0.539908
0.540864
0.54182
0.542778
0.543737
0.544697
0.545658
0.54662
0.547583
0.548548
0.549513
0.550479
0.551446
0.552415
0.553384
0.554354
0.555325
0.556297
0.55727
0.558243
0.559218
0.560193
0.561166
0.562134
0.563098
0.564058
0.565015
0.565969
0.566922
0.567875
0.568827
0.56978
0.570734
0.571687
0.572641
0.573596
0.574551
0.575506
0.576462
0.577418
0.578374
0.579331
0.580288
0.581246
0.582204
0.583163
0.584122
0.585081
0.58604
0.587
0.587961
0.588921
0.589882
0.590843
0.591804
0.592766
0.593728
0.594689
0.595651
0.596614
0.597576
0.598539
0.599501
0.600464
0.601427
0.602391
0.603355
0.604319
0.605283
0.606249
0.607214
0.60818
0.609147
0.610114
0.611081
0.61205
0.613018
0.613988
0.614958
0.615929
0.6169
0.617872
0.618844
0.619818
0.620791
0.621766
0.622742
0.623718
0.624695
0.625673
0.626653
0.627633
0.628615
0.629598
0.630582
0.631567
0.632554
0.633543
0.634533
0.635524
0.636517
0.637511
0.638506
0.639503
0.640502
0.641502
0.642504
0.643507
0.644512
0.645518
0.646526
0.647535
0.648546
0.649559
0.650574
0.65159
0.652608
0.653628
0.65465
0.655674
0.6567
0.657727
0.658757
0.659788
0.660822
0.661857
0.662894
0.663934
0.664975
0.666018
0.667062
0.668109
0.669158
0.670208
0.671261
0.672315
0.673372
0.67443
0.67549
0.676552
0.677617
0.678683
0.679751
0.680821
0.681893
0.682967
0.684043
0.685121
0.686201
0.687283
0.688367
0.689453
0.69054
0.691629
0.692721
0.693814
0.694909
0.696006
0.697105
0.698205
0.699308
0.700412
0.701518
0.702626
0.703736
0.704847
0.705961
0.707076
0.708193
0.709312
0.710433
0.711555
0.712679
0.713806
0.714933
0.716063
0.717194
0.718327
0.719462
0.720599
0.721737
0.722877
0.724018
0.725161
0.726306
0.727452
0.7286
0.72975
0.730901
0.732054
0.733209
0.734365
0.735522
0.736682
0.737843
0.739006
0.74017
0.741336
0.742504
0.743673
0.744844
0.746017
0.747191
0.748367
0.749544
0.750723
0.751903
0.753086
0.754269
0.755454
0.756641
0.757829
0.759018
0.76021
0.761402
0.762597
0.763793
0.76499
0.766189
0.76739
0.768592
0.769796
0.771001
0.772208
0.773416
0.774627
0.775838
0.777052
0.778266
0.779483
0.780701
0.781921
0.783142
0.784365
0.785589
0.786815
0.788042
0.789271
0.790501
0.791734
0.792967
0.794203
0.795439
0.796678
0.797918
0.79916
0.800404
0.801649
0.802896
0.804144
0.805394
0.806646
0.8079
0.809155
0.810412
0.811671
0.812931
0.814193
0.815456
0.816722
0.817988
0.819257
0.820527
0.821799
0.823073
0.824348
0.825625
0.826904
0.828184
0.829467
0.830751
0.832037
0.833324
0.834614
0.835905
0.837199
0.838494
0.839791
0.84109
0.84239
0.843693
0.844997
0.846304
0.847612
0.848922
0.850234
0.851547
0.852863
0.85418
0.8555
0.856821
0.858145
0.85947
0.860798
0.862127
0.863459
0.864792
0.866128
0.867465
0.868801
0.870135
0.871467
0.872797
0.874125
0.875451
0.876775
0.878097
0.879417
0.880734
0.88205
0.883365
0.884677
0.885989
0.887299
0.888609
0.889919
0.891229
0.892538
0.893849
0.89516
0.896473
0.897786
0.899102
0.900418
0.901737
0.903058
0.904381
0.905705
0.907031
0.908359
0.909688
0.911017
0.912348
0.91368
0.915012
0.916344
0.917677
0.91901
0.920342
0.921674
0.923004
0.924333
0.925659
0.926984
0.928306
0.929626
0.930942
0.932256
0.933567
0.934874
0.936179
0.937481
0.93878
0.940075
0.941368
0.942659
0.943946
0.94523
0.946512
0.947791
0.949068
0.950342
0.951613
0.952882
0.954148
0.955412
0.956673
0.957932
0.959188
0.960442
0.961694
0.962943
0.96419
0.965435
0.966677
0.967917
0.969154
0.970389
0.971621
0.972851
0.974078
0.975303
0.976525
0.977744
0.97896
0.980173
0.981383
0.98259
0.983794
0.984995
0.986192
0.987386
0.988577
0.989764
0.990947
0.992127
0.993303
0.994475
0.995643
0.996808
0.997968
0.999125
1.00028
1.00143
1.00257
1.00372
1.00485
1.00599
1.00712
1.00825
1.00937
1.0105
1.01161
1.01273
1.01384
1.01495
1.01606
1.01717
1.01827
1.01937
1.02046
1.02156
1.02265
1.02373
1.02482
1.0259
1.02698
1.02805
1.02913
1.0302
1.03126
1.03233
1.03339
1.03445
1.03551
1.03657
1.03762
1.03868
1.03973
1.04078
1.04182
1.04287
1.04391
1.04495
1.04599
1.04703
1.04806
1.0491
1.05013
1.05116
1.05219
1.05322
1.05424
1.05527
1.05629
1.05731
1.05833
1.05934
1.06036
1.06137
1.06238
1.06339
1.0644
1.0654
1.06641
1.06741
1.06841
1.06941
1.0704
1.0714
1.07239
1.07339
1.07438
1.07537
1.07635
1.07734
1.07833
1.07931
1.08029
1.08128
1.08226
1.08324
1.08421
1.08519
1.08617
1.08714
1.08812
1.08909
1.09006
1.09103
1.092
1.09297
1.09394
1.09491
1.09587
1.09684
1.09781
1.09877
1.09973
1.1007
1.10166
1.10262
1.10358
1.10454
1.1055
1.10646
1.10742
1.10837
1.10933
1.11029
1.11124
1.1122
1.11315
1.11411
1.11506
1.11602
1.11697
1.11792
1.11888
1.11983
1.12078
1.12173
1.12269
1.12364
1.12459
1.12554
1.12649
1.12744
1.1284
1.12935
1.1303
1.13125
1.1322
1.13315
1.13411
1.13506
1.13601
1.13696
1.13791
1.13886
1.13982
1.14077
1.14172
1.14267
1.14363
1.14458
1.14553
1.14649
1.14744
1.1484
1.14935
1.15031
1.15126
1.15222
1.15317
1.15413
1.15509
1.15604
1.157
1.15796
1.15892
1.15987
1.16083
1.16179
1.16275
1.16371
1.16467
1.16564
1.1666
1.16756
1.16852
1.16949
1.17045
1.17141
1.17238
1.17334
1.17431
1.17527
1.17624
1.1772
1.17816
1.17913
1.18009
1.18105
1.18202
1.18298
1.18394
1.1849
1.18586
1.18682
1.18778
1.18874
1.1897
1.19066
1.19162
1.19258
1.19354
1.19451
1.19547
1.19643
1.19739
1.19835
1.19931
1.20027
1.20124
1.2022
1.20316
1.20413
1.20509
1.20606
1.20702
1.20799
1.20895
1.20992
1.21089
1.21186
1.21283
1.2138
1.21477
1.21574
1.21671
1.21769
1.21866
1.21964
1.22061
1.22159
1.22257
1.22354
1.22452
1.2255
1.22649
1.22747
1.22845
1.22944
1.23042
1.23141
1.2324
1.23339
1.23438
1.23538
1.23637
1.23736
1.23836
1.23936
1.24036
1.24136
1.24236
1.24337
1.24437
1.24538
1.24639
1.2474
1.24841
1.24942
1.25043
1.25145
1.25247
1.25349
1.25451
1.25553
1.25655
1.25758
1.2586
1.25963
1.26066
1.26169
1.26272
1.26376
1.26479
1.26583
1.26687
1.26791
1.26896
1.27
1.27105
1.27209
1.27314
1.27419
1.27525
1.2763
1.27736
1.27841
1.27947
1.28053
1.2816
1.28266
1.28373
1.2848
1.28587
1.28694
1.28801
1.28908
1.29016
1.29124
1.29232
1.2934
1.29448
1.29556
1.29665
1.29773
1.29882
1.29989
1.30097
1.30204
1.3031
1.30416
1.30521
1.30627
1.30732
1.30837
1.30943
1.31048
1.31154
1.3126
1.31366
1.31472
1.31578
1.31684
1.3179
1.31897
1.32003
1.32109
1.32216
1.32322
1.32429
1.32536
1.32642
1.32749
1.32855
1.32962
1.33069
1.33175
1.33282
1.33389
1.33495
1.33602
1.33708
1.33815
1.33921
1.34028
1.34134
1.3424
1.34346
1.34453
1.34559
1.34665
1.34771
1.34877
1.34983
1.3509
1.35196
1.35302
1.35408
1.35514
1.3562
1.35726
1.35832
1.35938
1.36045
1.36151
1.36257
1.36363
1.36469
1.36575
1.36681
1.36788
1.36894
1.37
1.37106
1.37213
1.37319
1.37425
1.37532
1.37638
1.37745
1.37851
1.37958
1.38065
1.38172
1.38278
1.38385
1.38493
1.386
1.38707
1.38814
1.38922
1.39029
1.39137
1.39244
1.39352
1.3946
1.39568
1.39676
1.39784
1.39892
1.4
1.40109
1.40217
1.40326
1.40435
1.40544
1.40653
1.40762
1.40871
1.40981
1.4109
1.412
1.4131
1.4142
1.4153
1.4164
1.4175
1.41861
1.41971
1.42082
1.42193
1.42304
1.42415
1.42526
1.42637
1.42749
1.4286
1.42972
1.43084
1.43196
1.43308
1.4342
1.43532
1.43645
1.43758
1.43871
1.43984
1.44097
1.4421
1.44323
1.44437
1.44551
1.44664
1.44778
1.44892
1.45007
1.45121
1.45235
1.4535
1.45465
1.4558
1.45695
1.4581
1.45925
1.46041
1.46156
1.46272
1.46388
1.46504
1.4662
1.46737
1.46853
1.4697
1.47087
1.47204
1.47321
1.47438
1.47556
1.47673
1.47791
1.47909
1.48027
1.48145
1.48263
1.48381
1.485
1.48619
1.48738
1.48857
1.48976
1.49095
1.49215
1.49334
1.49454
1.49574
1.49694
1.49815
1.49935
1.50056
1.50177
1.50297
1.50418
1.5054
1.50661
1.50783
1.50904
1.51026
1.51148
1.5127
1.51392
1.51515
1.51637
1.5176
1.51883
1.52006
1.52129
1.52252
1.52376
1.52499
1.52623
1.52747
1.52871
1.52996
1.5312
1.53244
1.53369
1.53494
1.53619
1.53744
1.5387
1.53995
1.54121
1.54247
1.54372
1.54499
1.54625
1.54751
1.54878
1.55004
1.55131
1.55258
1.55386
1.55513
1.5564
1.55768
1.55896
1.56024
1.56152
1.5628
1.56409
1.56538
1.56666
1.56795
1.56925
1.57054
1.57183
1.57313
1.57443
1.57573
1.57703
1.57833
1.57963
1.58094
1.58225
1.58356
1.58487
1.58618
1.58749
1.58881
1.59013
1.59145
1.59277
1.59409
1.59542
1.59675
1.59807
1.59941
1.60074
1.60207
1.60341
1.60474
1.60608
1.60743
1.60877
1.61011
1.61146
1.61281
1.61416
1.61551
1.61686
1.61822
1.61958
1.62094
1.6223
1.62366
1.62503
1.6264
1.62777
1.62914
1.63051
1.63189
1.63327
1.63465
1.63603
1.63741
1.6388
1.64018
1.64157
1.64296
1.64436
1.64575
1.64715
1.64855
1.64995
1.65136
1.65276
1.65417
1.65558
1.65699
1.65839
1.6598
1.6612
1.6626
1.664
1.6654
1.66679
1.66819
1.66958
1.67097
1.67236
1.67375
1.67514
1.67653
1.67792
1.6793
1.68069
1.68208
1.68347
1.68486
1.68625
1.68764
1.68903
1.69043
1.69182
1.69322
1.69462
1.69602
1.69743
1.69883
1.70024
1.70164
1.70305
1.70446
1.70587
1.70728
1.70869
1.7101
1.71151
1.71292
1.71432
1.71573
1.71713
1.71853
1.71993
1.72132
1.72271
1.7241
1.72549
1.72687
1.72825
1.72963
1.731
1.73237
1.73374
1.7351
1.73646
1.73782
1.73917
1.74052
1.74187
1.74321
1.74455
1.74588
1.74722
1.74855
1.74988
1.7512
1.75252
1.75384
1.75516
1.75648
1.75779
1.7591
1.7604
1.76171
1.76301
1.76431
1.7656
1.7669
1.76819
1.76948
1.77076
1.77205
1.77333
1.7746
1.77588
1.77715
1.77842
1.77968
1.78094
1.7822
1.78346
1.78471
1.78596
1.78721
1.78845
1.78969
1.79093
1.79216
1.79339
1.79462
1.79585
1.79707
1.79828
1.7995
1.80071
1.80192
1.80312
1.80433
1.80553
1.80673
1.80792
1.80911
1.8103
1.81149
1.81268
1.81386
1.81504
1.81622
1.8174
1.81857
1.81974
1.82091
1.82208
1.82324
1.8244
1.82556
1.82672
1.82788
1.82903
1.83018
1.83133
1.83248
1.83362
1.83477
1.83591
1.83705
1.83818
1.83932
1.84045
1.84159
1.84272
1.84385
1.84497
1.8461
1.84722
1.84834
1.84946
1.85058
1.8517
1.85281
1.85393
1.85504
1.85615
1.85726
1.85836
1.85947
1.86057
1.86168
1.86277
1.86387
1.86497
1.86606
1.86715
1.86824
1.86933
1.87042
1.8715
1.87259
1.87367
1.87476
1.87584
1.87692
1.878
1.87908
1.88015
1.88123
1.88231
1.88338
1.88446
1.88553
1.88661
1.88768
1.88875
1.88982
1.8909
1.89197
1.89304
1.89411
1.89518
1.89624
1.89731
1.89838
1.89945
1.90051
1.90158
1.90265
1.90371
1.90478
1.90584
1.90691
1.90797
1.90903
1.9101
1.91116
1.91222
1.91329
1.91435
1.91541
1.91647
1.91753
1.91859
1.91965
1.92071
1.92177
1.92283
1.92389
1.92495
1.92601
1.92707
1.92813
1.92919
1.93025
1.93131
1.93237
1.93343
1.93448
1.93554
1.9366
1.93766
1.93872
1.93978
1.94084
1.9419
1.94296
1.94402
1.94508
1.94615
1.94721
1.94827
1.94933
1.95039
1.95146
1.95252
1.95358
1.95465
1.95571
1.95678
1.95784
1.95891
1.95997
1.96104
1.9621
1.96317
1.96424
1.96531
1.96638
1.96745
1.96852
1.96959
1.97066
1.97173
1.9728
1.97388
1.97495
1.97602
1.9771
1.97817
1.97925
1.98033
1.9814
1.98248
1.98356
1.98464
1.98572
1.9868
1.98788
1.98896
1.99004
1.99113
1.99221
1.99329
1.99437
1.99546
1.99654
1.99762
1.99871
1.99979
2.00087
2.00195
2.00303
2.00411
2.00519
2.00627
2.00735
2.00843
2.00951
2.01059
2.01167
2.01275
2.01383
2.01491
2.01599
2.01707
2.01815
2.01923
2.02031
2.02139
2.02247
2.02355
2.02463
2.02572
2.0268
2.02788
2.02897
2.03005
2.03114
2.03223
2.03331
2.0344
2.03549
2.03658
2.03767
2.03876
2.03985
2.04095
2.04204
2.04313
2.04423
2.04533
2.04642
2.04752
2.04862
2.04972
2.05082
2.05192
2.05303
2.05413
2.05523
2.05634
2.05745
2.05856
2.05967
2.06078
2.06189
2.063
2.06412
2.06523
2.06635
2.06747
2.06859
2.06971
2.07084
2.07196
2.07309
2.07421
2.07534
2.07647
2.0776
2.07874
2.07987
2.08101
2.08215
2.08329
2.08443
2.08557
2.08671
2.08786
2.08901
2.09015
2.0913
2.09246
2.09361
2.09477
2.09592
2.09708
2.09824
2.0994
2.10057
2.10173
2.1029
2.10407
2.10523
2.10641
2.10758
2.10875
2.10993
2.11111
2.11229
2.11347
2.11465
2.11583
2.11702
2.11821
2.1194
2.12059
2.12178
2.12297
2.12417
2.12536
2.12656
2.12776
2.12896
2.13016
2.13137
2.13257
2.13378
2.13499
2.1362
2.13741
2.13862
2.13984
2.14105
2.14227
2.14349
2.14471
2.14593
2.14715
2.14837
2.14958
2.15079
2.15199
2.15319
2.15438
2.15558
2.15677
2.15796
2.15915
2.16035
2.16155
2.16274
2.16394
2.16514
2.16634
2.16754
2.16874
2.16995
2.17115
2.17236
2.17356
2.17477
2.17598
2.17719
2.1784
2.17961
2.18082
2.18203
2.18325
2.18446
2.18568
2.18689
2.18811
2.18933
2.19055
2.19177
2.19299
2.19421
2.19543
2.19665
2.19787
2.19909
2.20032
2.20154
2.20277
2.20399
2.20522
2.20644
2.20767
2.2089
2.21013
2.21136
2.21259
2.21382
2.21506
2.21629
2.21752
2.21876
2.22
2.22123
2.22247
2.22371
2.22495
2.22619
2.22743
2.22867
2.22991
2.23115
2.2324
2.23364
2.23489
2.23614
2.23739
2.23864
2.23989
2.24114
2.2424
2.24365
2.24491
2.24617
2.24743
2.24869
2.24995
2.25121
2.25248
2.25374
2.25501
2.25628
2.25755
2.25882
2.26009
2.26137
2.26264
2.26392
2.2652
2.26648
2.26776
2.26904
2.27033
2.27162
2.27291
2.2742
2.27549
2.27678
2.27808
2.27938
2.28068
2.28198
2.28328
2.28459
2.28589
2.2872
2.28851
2.28982
2.29113
2.29244
2.29376
2.29508
2.29639
2.29771
2.29904
2.30036
2.30169
2.30301
2.30434
2.30568
2.30701
2.30834
2.30968
2.31102
2.31236
2.31371
2.31505
2.3164
2.31775
2.3191
2.32046
2.32181
2.32317
2.32453
2.32589
2.32725
2.32862
2.32998
2.33135
2.33272
2.3341
2.33547
2.33685
2.33823
2.33961
2.34099
2.34238
2.34376
2.34515
2.34654
2.34793
2.34933
2.35073
2.35212
2.35352
2.35493
2.35633
2.35774
2.35914
2.36055
2.36196
2.36338
2.36479
2.36621
2.36763
2.36905
2.37047
2.37189
2.37332
2.37474
2.37617
2.3776
2.37904
2.38047
2.38191
2.38335
2.38479
2.38623
2.38767
2.38911
2.39056
2.39201
2.39346
2.39491
2.39636
2.39782
2.39927
2.40073
2.40219
2.40365
2.40511
2.40658
2.40804
2.40951
2.41098
2.41245
2.41392
2.4154
2.41687
2.41835
2.41983
2.42131
2.42279
2.42427
2.42576
2.42724
2.42873
2.43022
2.43171
2.4332
2.4347
2.43619
2.43769
2.43919
2.44069
2.44219
2.44369
2.4452
2.4467
2.44821
2.44972
2.45123
2.45275
2.45426
2.45578
2.4573
2.45882
2.46034
2.46186
2.46339
2.46492
2.46644
2.46797
2.46951
2.47104
2.47257
2.47411
2.47565
2.47719
2.47872
2.48025
2.48178
2.4833
2.48482
2.48634
2.48785
2.48936
2.49086
2.49236
2.49386
2.49535
2.49685
2.49833
2.49982
2.5013
2.50278
2.50426
2.50574
2.50722
2.5087
2.51018
2.51165
2.51313
2.51461
2.51609
2.51756
2.51904
2.52052
2.522
2.52348
2.52495
2.52643
2.52791
2.52938
2.53085
2.53232
2.53379
2.53526
2.53673
2.53819
2.53966
2.54112
2.54258
2.54404
2.54549
2.54695
2.5484
2.54985
2.55129
2.55274
2.55417
2.55561
2.55703
2.55846
2.55988
2.56129
2.5627
2.56411
2.56551
2.56691
2.5683
2.56969
2.57107
2.57245
2.57383
2.5752
2.57657
2.57794
2.5793
2.58066
2.58201
2.58336
2.5847
2.58604
2.58738
2.58872
2.59005
2.59137
2.59269
2.59401
2.59532
2.59663
2.59794
2.59924
2.60054
2.60183
2.60312
2.6044
2.60568
2.60696
2.60823
2.6095
2.61076
2.61202
2.61327
2.61452
2.61577
2.61701
2.61825
2.61948
2.6207
2.62192
2.62313
2.62434
2.62555
2.62675
2.62794
2.62913
2.63032
2.6315
2.63267
2.63384
2.63501
2.63617
2.63733
2.63849
2.63964
2.64079
2.64193
2.64308
2.64421
2.64535
2.64648
2.64761
2.64874
2.64986
2.65098
2.65209
2.65321
2.65432
2.65543
2.65653
2.65763
2.65873
2.65983
2.66092
2.66201
2.66309
2.66418
2.66526
2.66633
2.66741
2.66848
2.66954
2.67061
2.67167
2.67272
2.67378
2.67483
2.67588
2.67692
2.67796
2.679
2.68004
2.68107
2.68211
2.68313
2.68416
2.68518
2.6862
2.68722
2.68823
2.68925
2.69026
2.69127
2.69227
2.69328
2.69428
2.69528
2.69628
2.69727
2.69827
2.69926
2.70026
2.70125
2.70224
2.70322
2.70421
2.7052
2.70618
2.70717
2.70815
2.70913
2.71012
2.7111
2.71208
2.71306
2.71404
2.71502
2.716
2.71698
2.71795
2.71893
2.71991
2.72089
2.72187
2.72284
2.72382
2.7248
2.72578
2.72675
2.72773
2.72871
2.72969
2.73066
2.73164
2.73262
2.7336
2.73458
2.73555
2.73653
2.73751
2.73849
2.73947
2.74045
2.74143
2.74241
2.74339
2.74437
2.74535
2.74633
2.74731
2.74829
2.74927
2.75025
2.75124
2.75222
2.7532
2.75418
2.75517
2.75615
2.75714
2.75812
2.75911
2.76009
2.76108
2.76207
2.76305
2.76404
2.76503
2.76602
2.76701
2.768
2.76899
2.76998
2.77097
2.77196
2.77295
2.77394
2.77493
2.77592
2.77692
2.77791
2.7789
2.7799
2.78089
2.78189
2.78288
2.78388
2.78487
2.78587
2.78686
2.78786
2.78886
2.78986
2.79085
2.79185
2.79285
2.79385
2.79485
2.79585
2.79685
2.79785
2.79885
2.79985
2.80085
2.80185
2.80285
2.80385
2.80485
2.80584
2.80684
2.80784
2.80883
2.80983
2.81083
2.81182
2.81282
2.81382
2.81481
2.81581
2.8168
2.8178
2.8188
2.81979
2.82079
2.82179
2.82278
2.82378
2.82478
2.82578
2.82678
2.82778
2.82878
2.82978
2.83078
2.83178
2.83279
2.83379
2.8348
2.8358
2.83681
2.83781
2.83882
2.83983
2.84084
2.84185
2.84286
2.84388
2.84489
2.8459
2.84692
2.84794
2.84895
2.84997
2.85099
2.85201
2.85303
2.85406
2.85508
2.85611
2.85713
2.85816
2.85919
2.86022
2.86125
2.86228
2.86332
2.86435
2.86539
2.86643
2.86747
2.86851
2.86955
2.8706
2.87164
2.87269
2.87373
2.87478
2.87583
2.87688
2.87794
2.87899
2.88005
2.8811
2.88216
2.88322
2.88428
2.88535
2.88641
2.88747
2.88854
2.88961
2.89068
2.89175
2.89282
2.89389
2.89496
2.89604
2.89711
2.89818
2.89925
2.90031
2.90136
2.90241
2.90346
2.90449
2.90553
2.90656
2.9076
2.90863
2.90967
2.91071
2.91175
2.91278
2.91382
2.91486
2.9159
2.91694
2.91799
2.91903
2.92007
2.92111
2.92215
2.9232
2.92424
2.92528
2.92633
2.92737
2.92841
2.92946
2.9305
2.93154
2.93259
2.93363
2.93467
2.93571
2.93675
2.93779
2.93882
2.93986
2.9409
2.94193
2.94297
2.944
2.94504
2.94607
2.9471
2.94814
2.94917
2.9502
2.95123
2.95226
2.95329
2.95432
2.95535
2.95638
2.9574
2.95843
2.95946
2.96048
2.96151
2.96253
2.96356
2.96458
2.96561
2.96663
2.96765
2.96868
2.9697
2.97072
2.97174
2.97276
2.97379
2.97481
2.97583
2.97685
2.97788
2.9789
2.97992
2.98095
2.98197
2.983
2.98402
2.98505
2.98607
2.9871
2.98812
2.98915
2.99018
2.99121
2.99223
2.99326
2.99429
2.99532
2.99635
2.99738
2.99841
2.99944
3.00047
3.00151
3.00254
3.00358
3.00461
3.00565
3.00669
3.00772
3.00876
3.0098
3.01084
3.01188
3.01293
3.01397
3.01501
3.01606
3.0171
3.01815
3.0192
3.02024
3.02129
3.02234
3.0234
3.02445
3.0255
3.02656
3.02762
3.02867
3.02973
3.03079
3.03186
3.03292
3.03399
3.03505
3.03612
3.03719
3.03826
3.03933
3.04041
3.04148
3.04255
3.04363
3.04471
3.04579
3.04687
3.04795
3.04903
3.05012
3.0512
3.05229
3.05338
3.05447
3.05556
3.05665
3.05775
3.05885
3.05994
3.06104
3.06214
3.06325
3.06435
3.06545
3.06656
3.06767
3.06878
3.06989
3.071
3.07211
3.07322
3.07434
3.07545
3.07657
3.07769
3.07881
3.07993
3.08105
3.08218
3.0833
3.08443
3.08556
3.08669
3.08782
3.08896
3.09009
3.09123
3.09236
3.0935
3.09464
3.09578
3.09692
3.09807
3.09921
3.10036
3.1015
3.10265
3.1038
3.10495
3.1061
3.10726
3.10841
3.10957
3.11073
3.11188
3.11304
3.1142
3.11537
3.11653
3.11769
3.11886
3.12003
3.12119
3.12236
3.12354
3.12471
3.12588
3.12705
3.12823
3.12941
3.13058
3.13176
3.13294
3.13412
3.13531
3.13649
3.13767
3.13886
3.14005
3.14124
3.14243
3.14362
3.14481
3.146
3.1472
3.1484
3.14959
3.15079
3.15199
3.15319
3.1544
3.1556
3.15681
3.15801
3.15922
3.16043
3.16164
3.16285
3.16406
3.16528
3.16649
3.16771
3.16893
3.17015
3.17137
3.17259
3.17381
3.17504
3.17626
3.17749
3.17872
3.17995
3.18118
3.18242
3.18365
3.18489
3.18613
3.18736
3.18861
3.18985
3.19109
3.19233
3.19358
3.19483
3.19608
3.19733
3.19858
3.19983
3.20109
3.20234
3.2036
3.20486
3.20612
3.20739
3.20865
3.20992
3.21118
3.21245
3.21372
3.215
3.21627
3.21755
3.21882
3.2201
3.22138
3.22266
3.22395
3.22523
3.22652
3.22781
3.2291
3.23039
3.23169
3.23298
3.23428
3.23558
3.23688
3.23818
3.23949
3.24079
3.2421
3.24341
3.24472
3.24604
3.24735
3.24867
3.24999
3.25131
3.25263
3.25395
3.25528
3.2566
3.25792
3.25924
3.26055
3.26187
3.26319
3.26451
3.26582
3.26714
3.26846
3.26977
3.27109
3.2724
3.27372
3.27503
3.27635
3.27766
3.27898
3.2803
3.28162
3.28294
3.28426
3.28558
3.28691
3.28823
3.28956
3.29089
3.29222
3.29355
3.29488
3.29622
3.29755
3.29889
3.30023
3.30157
3.30291
3.30425
3.30559
3.30693
3.30826
3.3096
3.31094
3.31227
3.3136
3.31493
3.31626
3.31759
3.31891
3.32024
3.32156
3.32287
3.32419
3.3255
3.32681
3.32811
3.32941
3.33071
3.33201
3.3333
3.3346
3.33588
3.33717
3.33845
3.33973
3.34101
3.34228
3.34356
3.34483
3.3461
3.34736
3.34863
3.34989
3.35115
3.35241
3.35366
3.35491
3.35617
3.35742
3.35866
3.35991
3.36115
3.3624
3.36364
3.36487
3.36611
3.36734
3.36857
3.3698
3.37103
3.37226
3.37348
3.3747
3.37592
3.37713
3.37835
3.37956
3.38077
3.38198
3.38318
3.38438
3.38558
3.38678
3.38798
3.38917
3.39036
3.39155
3.39273
3.39391
3.39509
3.39627
3.39745
3.39862
3.3998
3.40097
3.40214
3.4033
3.40447
3.40563
3.40679
3.40795
3.40911
3.41027
3.41142
3.41257
3.41372
3.41487
3.41602
3.41716
3.4183
3.41944
3.42058
3.42171
3.42285
3.42398
3.42511
3.42624
3.42736
3.42849
3.42961
3.43074
3.43186
3.43298
3.4341
3.43521
3.43633
3.43745
3.43856
3.43968
3.44079
3.4419
3.44301
3.44412
3.44523
3.44633
3.44744
3.44854
3.44965
3.45075
3.45185
3.45295
3.45405
3.45515
3.45625
3.45734
3.45844
3.45953
3.46062
3.46172
3.46281
3.4639
3.46499
3.46608
3.46716
3.46825
3.46934
3.47042
3.47151
3.4726
3.47368
3.47476
3.47585
3.47693
3.47801
3.47909
3.48017
3.48126
3.48234
3.48341
3.48449
3.48557
3.48665
3.48773
3.48881
3.48988
3.49096
3.49204
3.49311
3.49419
3.49527
3.49634
3.49742
3.4985
3.49957
3.50065
3.50173
3.5028
3.50388
3.50496
3.50603
3.50711
3.50819
3.50927
3.51034
3.51142
3.5125
3.51358
3.51465
3.51573
3.51681
3.51789
3.51897
3.52004
3.52112
3.5222
3.52328
3.52436
3.52544
3.52652
3.5276
3.52868
3.52976
3.53084
3.53192
3.533
3.53408
3.53516
3.53624
3.53732
3.5384
3.53949
3.54057
3.54165
3.54274
3.54382
3.54491
3.546
3.54708
3.54817
3.54926
3.55034
3.55143
3.55252
3.55361
3.5547
3.55579
3.55689
3.55798
3.55907
3.56017
3.56126
3.56236
3.56345
3.56455
3.56564
3.56674
3.56784
3.56894
3.57004
3.57114
3.57224
3.57335
3.57445
3.57555
3.57666
3.57776
3.57887
3.57998
3.58108
3.58219
3.5833
3.58441
3.58552
3.58663
3.58775
3.58886
3.58997
3.59109
3.59221
3.59332
3.59444
3.59556
3.59668
3.5978
3.59892
3.60004
3.60117
3.60229
3.60342
3.60454
3.60567
3.6068
3.60793
3.60906
3.61019
3.61132
3.61246
3.61359
3.61473
3.61586
3.617
3.61814
3.61928
3.62042
3.62156
3.62271
3.62385
3.625
3.62614
3.62729
3.62844
3.62959
3.63074
3.6319
3.63305
3.63421
3.63536
3.63652
3.63768
3.63884
3.64
3.64117
3.64233
3.6435
3.64467
3.64584
3.64701
3.64818
3.64935
3.65053
3.6517
3.65288
3.65406
3.65524
3.65642
3.6576
3.65879
3.65997
3.66116
3.66235
3.66354
3.66473
3.66593
3.66712
3.66832
3.66952
3.67072
3.67192
3.67312
3.67433
3.67553
3.67674
3.67795
3.67916
3.68038
3.68159
3.68281
3.68402
3.68524
3.68647
3.68769
3.68891
3.69014
3.69137
3.6926
3.69383
3.69506
3.6963
3.69753
3.69877
3.70001
3.70125
3.70249
3.70374
3.70499
3.70623
3.70748
3.70874
3.70999
3.71124
3.7125
3.71376
3.71502
3.71628
3.71755
3.71881
3.72008
3.72135
3.72262
3.72389
3.72517
3.72644
3.72772
3.729
3.73028
3.73156
3.73285
3.73414
3.73542
3.73671
3.73801
3.7393
3.74059
3.74189
3.74319
3.74449
3.74579
3.7471
3.7484
3.74971
3.75102
3.75233
3.75364
3.75496
3.75627
3.75759
3.75891
3.76023
3.76154
3.76285
3.76416
3.76546
3.76676
3.76806
3.76935
3.77065
3.77194
3.77324
3.77454
3.77584
3.77714
3.77844
3.77975
3.78106
3.78236
3.78367
3.78498
3.78629
3.78761
3.78892
3.79024
3.79155
3.79287
3.79419
3.79551
3.79684
3.79816
3.79949
3.80082
3.80214
3.80347
3.8048
3.80614
3.80747
3.80881
3.81014
3.81148
3.81282
3.81416
3.8155
3.81684
3.81818
3.81953
3.82087
3.82222
3.82357
3.82492
3.82627
3.82762
3.82898
3.83034
3.83169
3.83305
3.83441
3.83577
3.83714
3.8385
3.83987
3.84123
3.8426
3.84397
3.84534
3.84672
3.84809
3.84947
3.85084
3.85222
3.8536
3.85498
3.85637
3.85775
3.85914
3.86053
3.86192
3.86331
3.86471
3.8661
3.8675
3.8689
3.8703
3.87171
3.87311
3.87452
3.87593
3.87734
3.87875
3.88016
3.88158
3.88299
3.88441
3.88583
3.88726
3.88868
3.89011
3.89154
3.89297
3.8944
3.89583
3.89727
3.89871
3.90015
3.90159
3.90303
3.90448
3.90593
3.90738
3.90883
3.91028
3.91174
3.9132
3.91466
3.91612
3.91758
3.91905
3.92051
3.92198
3.92345
3.92492
3.9264
3.92787
3.92935
3.93083
3.93232
3.9338
3.93529
3.93678
3.93827
3.93977
3.94126
3.94276
3.94426
3.94577
3.94727
3.94878
3.95029
3.9518
3.95332
3.95484
3.95635
3.95788
3.9594
3.96092
3.96245
3.96398
3.96551
3.96705
3.96858
3.97012
3.97166
3.97321
3.97475
3.9763
3.97785
3.9794
3.98095
3.98251
3.98407
3.98563
3.98719
3.98875
3.99032
3.99189
3.99346
3.99503
3.99661
3.99818
3.99976
4.00134
4.00293
4.00451
4.0061
4.00769
4.00928
4.01087
4.01247
4.01406
4.01566
4.01727
4.01887
4.02047
4.02208
4.02369
4.0253
4.02691
4.02853
4.03015
4.03176
4.03337
4.03498
4.03659
4.03819
4.03979
4.04139
4.04298
4.04457
4.04616
4.04774
4.04932
4.0509
4.05248
4.05405
4.05562
4.05719
4.05876
4.06033
4.06189
4.06346
4.06502
4.06659
4.06816
4.06973
4.0713
4.07286
4.07443
4.076
4.07757
4.07914
4.08071
4.08227
4.08384
4.0854
4.08696
4.08852
4.09008
4.09164
4.09319
4.09475
4.0963
4.09785
4.0994
4.10094
4.10249
4.10403
4.10557
4.10711
4.10865
4.11018
4.11171
4.11324
4.11477
4.11628
4.1178
4.11931
4.12082
4.12232
4.12381
4.1253
4.12679
4.12827
4.12975
4.13122
4.13269
4.13415
4.13561
4.13707
4.13852
4.13997
4.14141
4.14285
4.14428
4.14572
4.14715
4.14857
4.14999
4.15141
4.15283
4.15424
4.15565
4.15705
4.15845
4.15985
4.16124
4.16263
4.16401
4.16539
4.16677
4.16814
4.16951
4.17088
4.17224
4.1736
4.17494
4.17628
4.17761
4.17894
4.18026
4.18157
4.18288
4.18418
4.18548
4.18677
4.18805
4.18933
4.1906
4.19186
4.19312
4.19437
4.19562
4.19687
4.19811
4.19934
4.20057
4.2018
4.20302
4.20424
4.20546
4.20667
4.20788
4.20908
4.21028
4.21148
4.21267
4.21386
4.21505
4.21623
4.21741
4.21858
4.21975
4.22092
4.22208
4.22324
4.22439
4.22554
4.22669
4.22784
4.22898
4.23011
4.23124
4.23237
4.2335
4.23462
4.23574
4.23685
4.23797
4.23907
4.24018
4.24128
4.24238
4.24348
4.24457
4.24567
4.24676
4.24784
4.24893
4.25001
4.25109
4.25216
4.25324
4.25431
4.25538
4.25645
4.25751
4.25857
4.25963
4.26068
4.26173
4.26278
4.26382
4.26486
4.2659
4.26694
4.26797
4.269
4.27003
4.27106
4.27208
4.2731
4.27412
4.27514
4.27616
4.27717
4.27818
4.2792
4.28021
4.28122
4.28223
4.28324
4.28424
4.28525
4.28626
4.28727
4.28827
4.28928
4.29029
4.29129
4.2923
4.29331
4.29432
4.29533
4.29633
4.29734
4.29835
4.29936
4.30037
4.30138
4.30239
4.30341
4.30442
4.30543
4.30644
4.30746
4.30847
4.30949
4.3105
4.31152
4.31253
4.31355
4.31457
4.31559
4.3166
4.31762
4.31864
4.31966
4.32068
4.3217
4.32273
4.32375
4.32477
4.32579
4.32682
4.32784
4.32887
4.32989
4.33092
4.33195
4.33297
4.334
4.33503
4.33606
4.33709
4.33812
4.33915
4.34018
4.34121
4.34224
4.34328
4.34431
4.34534
4.34638
4.34741
4.34845
4.34948
4.35052
4.35156
4.35259
4.35363
4.35467
4.35571
4.35674
4.35778
4.35882
4.35986
4.3609
4.36194
4.36298
4.36403
4.36507
4.36611
4.36715
4.36819
4.36924
4.37028
4.37133
4.37237
4.37342
4.37446
4.37551
4.37655
4.3776
4.37865
4.37969
4.38074
4.38179
4.38284
4.38389
4.38494
4.38599
4.38704
4.38809
4.38914
4.3902
4.39125
4.3923
4.39335
4.39441
4.39546
4.39652
4.39757
4.39863
4.39968
4.40073
4.40177
4.40282
4.40386
4.4049
4.40594
4.40698
4.40802
4.40905
4.41009
4.41112
4.41216
4.41319
4.41422
4.41526
4.41629
4.41733
4.41836
4.41939
4.42043
4.42147
4.4225
4.42354
4.42458
4.42562
4.42666
4.42771
4.42875
4.42979
4.43084
4.43189
4.43294
4.43399
4.43504
4.43609
4.43714
4.4382
4.43926
4.44031
4.44137
4.44243
4.44349
4.44456
4.44562
4.44669
4.44776
4.44882
4.44989
4.45096
4.45204
4.45311
4.45418
4.45526
4.45634
4.45741
4.45848
4.45954
4.4606
4.46165
4.46269
4.46373
4.46477
4.4658
4.46683
4.46787
4.4689
4.46994
4.47098
4.47201
4.47305
4.47409
4.47513
4.47617
4.47721
4.47825
4.47929
4.48032
4.48136
4.4824
4.48344
4.48448
4.48552
4.48655
4.48759
4.48863
4.48966
4.4907
4.49173
4.49276
4.4938
4.49483
4.49586
4.49689
4.49792
4.49894
4.49997
4.501
4.50202
4.50304
4.50407
4.50509
4.50611
4.50713
4.50815
4.50917
4.51018
4.5112
4.51222
4.51323
4.51425
4.51526
4.51628
4.51729
4.5183
4.51931
4.52033
4.52134
4.52235
4.52336
4.52437
4.52538
4.52639
4.5274
4.52841
4.52941
4.53042
4.53143
4.53244
4.53345
4.53446
4.53547
4.53648
4.53749
4.5385
4.53951
4.54052
4.54153
4.54254
4.54355
4.54456
4.54557
4.54658
4.54759
4.5486
4.54962
4.55063
4.55164
4.55265
4.55367
4.55468
4.55569
4.55671
4.55772
4.55874
4.55975
4.56077
4.56179
4.5628
4.56382
4.56484
4.56586
4.56688
4.5679
4.56892
4.56994
4.57097
4.57199
4.57301
4.57404
4.57506
4.57609
4.57712
4.57814
4.57917
4.5802
4.58123
4.58226
4.5833
4.58433
4.58537
4.5864
4.58744
4.58848
4.58952
4.59056
4.5916
4.59264
4.59369
4.59473
4.59578
4.59683
4.59787
4.59892
4.59997
4.60102
4.60208
4.60313
4.60418
4.60524
4.6063
4.60735
4.60841
4.60947
4.61053
4.6116
4.61266
4.61373
4.61479
4.61586
4.61693
4.618
4.61907
4.62014
4.62122
4.62229
4.62337
4.62444
4.62552
4.6266
4.62768
4.62876
4.62985
4.63093
4.63201
4.6331
4.63419
4.63527
4.63636
4.63745
4.63855
4.63964
4.64073
4.64183
4.64293
4.64402
4.64512
4.64622
4.64732
4.64843
4.64953
4.65064
4.65174
4.65285
4.65396
4.65506
4.65617
4.65728
4.6584
4.65951
4.66062
4.66174
4.66285
4.66397
4.66509
4.66621
4.66733
4.66845
4.66957
4.67069
4.67182
4.67294
4.67407
4.6752
4.67633
4.67746
4.67859
4.67972
4.68085
4.68199
4.68312
4.68426
4.68539
4.68653
4.68767
4.68881
4.68995
4.6911
4.69224
4.69338
4.69453
4.69568
4.69683
4.69798
4.69913
4.70028
4.70143
4.70258
4.70374
4.70489
4.70605
4.70721
4.70837
4.70953
4.71069
4.71185
4.71302
4.71418
4.71535
4.71652
4.71769
4.71886
4.72003
4.7212
4.72237
4.72355
4.72472
4.7259
4.72708
4.72826
4.72944
4.73062
4.7318
4.73299
4.73417
4.73536
4.73655
4.73774
4.73893
4.74012
4.74131
4.74251
4.7437
4.7449
4.7461
4.7473
4.7485
4.7497
4.7509
4.75211
4.75331
4.75452
4.75573
4.75694
4.75815
4.75936
4.76058
4.76179
4.76301
4.76423
4.76545
4.76667
4.76789
4.76911
4.77034
4.77156
4.77279
4.77402
4.77525
4.77648
4.77771
4.77895
4.78018
4.78142
4.78266
4.7839
4.78514
4.78638
4.78763
4.78887
4.79012
4.79137
4.79262
4.79387
4.79513
4.79638
4.79764
4.79889
4.80015
4.80141
4.80268
4.80394
4.80521
4.80647
4.80774
4.80901
4.81028
4.81156
4.81283
4.81411
4.81539
4.81667
4.81795
4.81923
4.82051
4.8218
4.82309
4.82438
4.82567
4.82696
4.82825
4.82954
4.83083
4.83212
4.83341
4.8347
4.83599
4.83728
4.83857
4.83986
4.84115
4.84244
4.84373
4.84502
4.84632
4.84761
4.84891
4.8502
4.8515
4.8528
4.8541
4.8554
4.8567
4.85801
4.85932
4.86062
4.86193
4.86325
4.86456
4.86588
4.86719
4.86851
4.86983
4.87115
4.87248
4.8738
4.87512
4.87645
4.87777
4.8791
4.88042
4.88175
4.88307
4.8844
4.88572
4.88704
4.88836
4.88968
4.89099
4.89231
4.89362
4.89493
4.89624
4.89755
4.89886
4.90016
4.90146
4.90276
4.90406
4.90535
4.90665
4.90794
4.90923
4.91051
4.9118
4.91308
4.91437
4.91565
4.91693
4.9182
4.91948
4.92075
4.92203
4.9233
4.92457
4.92584
4.92711
4.92837
4.92964
4.9309
4.93216
4.93342
4.93468
4.93594
4.93719
4.93845
4.9397
4.94095
4.9422
4.94344
4.94469
4.94593
4.94717
4.94841
4.94964
4.95088
4.95211
4.95334
4.95457
4.95579
4.95701
4.95823
4.95945
4.96067
4.96188
4.9631
4.96431
4.96551
4.96672
4.96792
4.96912
4.97032
4.97152
4.97271
4.97391
4.9751
4.97628
4.97747
4.97865
4.97983
4.98101
4.98218
4.98335
4.98452
4.98569
4.98685
4.98802
4.98918
4.99034
4.9915
4.99266
4.99381
4.99496
4.99612
4.99727
4.99842
4.99956
5.00071
5.00185
5.003
5.00414
5.00528
5.00642
5.00756
5.0087
5.00983
5.01097
5.0121
5.01324
5.01437
5.0155
5.01663
5.01776
5.01889
5.02002
5.02114
5.02227
5.0234
5.02452
5.02565
5.02677
5.02789
5.02901
5.03014
5.03126
5.03238
5.0335
5.03461
5.03573
5.03685
5.03797
5.03908
5.0402
5.04131
5.04243
5.04354
5.04466
5.04577
5.04688
5.048
5.04911
5.05022
5.05133
5.05245
5.05356
5.05467
5.05578
5.0569
5.05801
5.05912
5.06024
5.06135
5.06247
5.06358
5.0647
5.06581
5.06693
5.06804
5.06916
5.07027
5.07139
5.07251
5.07362
5.07474
5.07586
5.07697
5.07809
5.07921
5.08032
5.08144
5.08256
5.08368
5.08479
5.08591
5.08703
5.08815
5.08926
5.09038
5.0915
5.09262
5.09374
5.09485
5.09597
5.09709
5.09821
5.09933
5.10045
5.10157
5.10268
5.1038
5.10492
5.10604
5.10716
5.10828
5.1094
5.11052
5.11164
5.11276
5.11388
5.115
5.11612
5.11724
5.11836
5.11948
5.12061
5.12173
5.12285
5.12398
5.1251
5.12623
5.12735
5.12848
5.12961
5.13074
5.13187
5.133
5.13413
5.13526
5.13639
5.13752
5.13866
5.13979
5.14093
5.14206
5.1432
5.14434
5.14548
5.14662
5.14776
5.1489
5.15004
5.15119
5.15233
5.15348
5.15462
5.15577
5.15692
5.15806
5.15921
5.16037
5.16152
5.16267
5.16382
5.16498
5.16613
5.16729
5.16845
5.16961
5.17077
5.17193
5.17309
5.17425
5.17541
5.17658
5.17774
5.17891
5.18008
5.18125
5.18242
5.18359
5.18476
5.18594
5.18711
5.18829
5.18946
5.19064
5.19182
5.193
5.19419
5.19537
5.19656
5.19774
5.19893
5.20012
5.20131
5.2025
5.2037
5.20489
5.20609
5.20729
5.20848
5.20969
5.21089
5.21209
5.2133
5.2145
5.21571
5.21692
5.21813
5.21935
5.22056
5.22178
5.223
5.22422
5.22544
5.22666
5.22788
5.22911
5.23034
5.23157
5.2328
5.23403
5.23527
5.2365
5.23774
5.23898
5.24022
5.24146
5.24271
5.24396
5.2452
5.24645
5.24771
5.24896
5.25022
5.25147
5.25273
5.25399
5.25526
5.25652
5.25779
5.25905
5.26032
5.2616
5.26287
5.26415
5.26542
5.2667
5.26798
5.26927
5.27055
5.27184
5.27313
5.27442
5.27571
5.277
5.2783
5.2796
5.2809
5.2822
5.2835
5.2848
5.28611
5.28742
5.28873
5.29004
5.29136
5.29267
5.29399
5.29531
5.29663
5.29796
5.29928
5.30061
5.30194
5.30327
5.3046
5.30594
5.30728
5.30862
5.30996
5.3113
5.31265
5.31399
5.31534
5.31669
5.31805
5.3194
5.32076
5.32212
5.32348
5.32484
5.32621
5.32757
5.32894
5.33031
5.33169
5.33306
5.33444
5.33582
5.3372
5.33858
5.33996
5.34135
5.34274
5.34413
5.34552
5.34691
5.34831
5.3497
5.3511
5.3525
5.3539
5.35531
5.35672
5.35812
5.35953
5.36094
5.36236
5.36377
5.36519
5.36661
5.36802
5.36944
5.37085
5.37225
5.37365
5.37506
5.37646
5.37786
5.37927
5.38067
5.38208
5.38349
5.3849
5.38631
5.38772
5.38914
5.39055
5.39197
5.39339
5.39481
5.39623
5.39766
5.39908
5.40051
5.40194
5.40337
5.4048
5.40623
5.40767
5.40911
5.41054
5.41198
5.41342
5.41487
5.41631
5.41776
5.4192
5.42065
5.4221
5.42355
5.42501
5.42646
5.42792
5.42937
5.43083
5.43229
5.43375
5.43522
5.43668
5.43815
5.43962
5.44109
5.44256
5.44403
5.44551
5.44698
5.44846
5.44994
5.45142
5.4529
5.45439
5.45588
5.45736
5.45885
5.46034
5.46184
5.46333
5.46483
5.46632
5.46782
5.46933
5.47083
5.47234
5.47384
5.47535
5.47686
5.47838
5.47989
5.48141
5.48293
5.48445
5.48597
5.4875
5.48902
5.49055
5.49208
5.49362
5.49515
5.49669
5.49822
5.49976
5.50131
5.50285
5.5044
5.50595
5.5075
5.50905
5.5106
5.51216
5.51372
5.51528
5.51684
5.51841
5.51997
5.52154
5.52311
5.52469
5.52626
5.52784
5.52942
5.531
5.53258
5.53417
5.53576
5.53735
5.53894
5.54053
5.54213
5.54373
5.54533
5.54693
5.54854
5.55014
5.55175
5.55337
5.55498
5.5566
5.55822
5.55984
5.56147
5.56309
5.56472
5.56636
5.56799
5.56963
5.57127
5.57291
5.57455
5.5762
5.57785
5.5795
5.58116
5.58281
5.58447
5.58613
5.5878
5.58946
5.59113
5.5928
5.59448
5.59615
5.59781
5.59948
5.60114
5.6028
5.60446
5.60611
5.60776
5.6094
5.61105
5.61269
5.61433
5.61596
5.6176
5.61923
5.62086
5.62249
5.62412
5.62575
5.62739
5.62902
5.63066
5.6323
5.63394
5.63558
5.63722
5.63886
5.6405
5.64215
5.64379
5.64544
5.64708
5.64872
5.65037
5.65201
5.65365
5.65529
5.65693
5.65857
5.66021
5.66185
5.66348
5.66512
5.66675
5.66838
5.67001
5.67164
5.67327
5.6749
5.67653
5.67815
5.67978
5.6814
5.68302
5.68463
5.68624
5.68784
5.68945
5.69104
5.69263
5.69422
5.6958
5.69738
5.69896
5.70053
5.70209
5.70366
5.70522
5.70677
5.70833
5.70988
5.71143
5.71297
5.71452
5.71606
5.7176
5.71913
5.72066
5.72219
5.72372
5.72524
5.72676
5.72828
5.72979
5.73129
5.73278
5.73427
5.73574
5.73721
5.73867
5.74012
5.74157
5.743
5.74443
5.74585
5.74726
5.74867
5.75007
5.75147
5.75285
5.75424
5.75561
5.75699
5.75835
5.75972
5.76107
5.76243
5.76377
5.76512
5.76646
5.76779
5.76913
5.77045
5.77178
5.7731
5.77441
5.77573
5.77703
5.77834
5.77964
5.78093
5.78222
5.78351
5.78479
5.78607
5.78734
5.78861
5.78988
5.79114
5.7924
5.79365
5.7949
5.79614
5.79738
5.79862
5.79985
5.80107
5.8023
5.80352
5.80473
5.80595
5.80716
5.80836
5.80956
5.81076
5.81196
5.81315
5.81434
5.81552
5.81671
5.81789
5.81907
5.82024
5.82141
5.82258
5.82375
5.82491
5.82607
5.82723
5.82839
5.82954
5.83069
5.83184
5.83299
5.83413
5.83528
5.83642
5.83755
5.83868
5.83981
5.84093
5.84204
5.84315
5.84426
5.84537
5.84647
5.84757
5.84867
5.84977
5.85086
5.85195
5.85303
5.85411
5.85519
5.85627
5.85735
5.85842
5.85949
5.86056
5.86163
5.8627
5.86376
5.86482
5.86589
5.86695
5.86801
5.86906
5.87012
5.87118
5.87224
5.87329
5.87434
5.8754
5.87645
5.8775
5.87856
5.87961
5.88066
5.88171
5.88276
5.88381
5.88485
5.8859
5.88695
5.888
5.88904
5.89009
5.89113
5.89218
5.89322
5.89427
5.89531
5.89636
5.8974
5.89844
5.89948
5.90053
5.90157
5.90261
5.90365
5.90469
5.90574
5.90678
5.90782
5.90886
5.9099
5.91094
5.91198
5.91302
5.91406
5.9151
5.91615
5.91719
5.91823
5.91927
5.92031
5.92135
5.92239
5.92343
5.92447
5.92551
5.92655
5.92759
5.92863
5.92967
5.93071
5.93175
5.93279
5.93384
5.93488
5.93592
5.93696
5.938
5.93904
5.94008
5.94112
5.94216
5.94321
5.94425
5.94529
5.94633
5.94738
5.94842
5.94946
5.95051
5.95155
5.9526
5.95364
5.95468
5.95573
5.95678
5.95782
5.95887
5.95991
5.96096
5.96201
5.96306
5.96411
5.96515
5.9662
5.96725
5.9683
5.96935
5.9704
5.97145
5.9725
5.97356
5.97461
5.97566
5.97671
5.97777
5.97882
5.97986
5.98091
5.98195
5.98299
5.98402
5.98505
5.98608
5.98711
5.98814
5.98917
5.9902
5.99123
5.99226
5.99329
5.99431
5.99534
5.99637
5.99739
5.99842
5.99944
6.00046
6.00149
6.00251
6.00353
6.00456
6.00558
6.0066
6.00763
6.00865
6.00968
6.0107
6.01172
6.01274
6.01376
6.01479
6.01581
6.01683
6.01786
6.01889
6.01991
6.02094
6.02197
6.023
6.02402
6.02504
6.02605
6.02705
6.02805
6.02904
6.03002
6.03101
6.032
6.03298
6.03397
6.03495
6.03594
6.03693
6.03792
6.03891
6.0399
6.04089
6.04189
6.04288
6.04387
6.04487
6.04587
6.04686
6.04786
6.04886
6.04986
6.05086
6.05185
6.05286
6.05386
6.05486
6.05586
6.05686
6.05786
6.05887
6.05987
6.06087
6.06187
6.06287
6.06387
6.06487
6.06588
6.06687
6.06787
6.06887
6.06987
6.07087
6.07187
6.07286
6.07386
6.07486
6.07585
6.07685
6.07784
6.07884
6.07983
6.08083
6.08182
6.08281
6.0838
6.08479
6.08578
6.08678
6.08777
6.08875
6.08974
6.09073
6.09172
6.09271
6.0937
6.09468
6.09567
6.09666
6.09765
6.09864
6.09962
6.10061
6.1016
6.10259
6.10357
6.10456
6.10555
6.10654
6.10753
6.10852
6.10951
6.11049
6.11148
6.11247
6.11346
6.11445
6.11544
6.11643
6.11742
6.11841
6.1194
6.12039
6.12138
6.12238
6.12337
6.12436
6.12535
6.12635
6.12734
6.12834
6.12933
6.13033
6.13132
6.13232
6.13331
6.13431
6.13531
6.1363
6.1373
6.1383
6.13929
6.14029
6.14129
6.14229
6.14329
6.14429
6.14529
6.14629
6.14729
6.14829
6.14929
6.1503
6.1513
6.1523
6.15331
6.15431
6.15532
6.15633
6.15733
6.15834
6.15935
6.16036
6.16136
6.16237
6.16338
6.1644
6.16541
6.16642
6.16743
6.16844
6.16946
6.17047
6.17149
6.1725
6.17352
6.17454
6.17556
6.17657
6.17759
6.17862
6.17964
6.18066
6.18168
6.18271
6.18373
6.18476
6.18579
6.18681
6.18784
6.18887
6.1899
6.19093
6.19196
6.193
6.19403
6.19506
6.1961
6.19713
6.19817
6.19921
6.20025
6.20129
6.20233
6.20337
6.20442
6.20546
6.20651
6.20755
6.2086
6.20965
6.2107
6.21175
6.2128
6.21386
6.21491
6.21596
6.21702
6.21808
6.21914
6.22019
6.22125
6.22232
6.22338
6.22444
6.22551
6.22657
6.22764
6.22871
6.22978
6.23085
6.23192
6.233
6.23407
6.23515
6.23623
6.2373
6.23838
6.23946
6.24055
6.24163
6.24271
6.2438
6.24488
6.24597
6.24706
6.24815
6.24924
6.25033
6.25143
6.25252
6.25362
6.25471
6.25581
6.25691
6.25801
6.25911
6.26022
6.26132
6.26243
6.26353
6.26464
6.26575
6.26686
6.26797
6.26908
6.27019
6.27131
6.27242
6.27354
6.27466
6.27577
6.27689
6.27801
6.27914
6.28026
6.28138
6.28251
6.28364
6.28476
6.28589
6.28702
6.28815
6.28929
6.29042
6.29156
6.29269
6.29383
6.29497
6.29611
6.29725
6.29839
6.29953
6.30067
6.30182
6.30296
6.30411
6.30526
6.30641
6.30756
6.30871
6.30986
6.31102
6.31217
6.31333
6.31449
6.31565
6.31681
6.31797
6.31913
6.32029
6.32146
6.32263
6.32379
6.32496
6.32613
6.3273
6.32847
6.32965
6.33082
6.332
6.33317
6.33435
6.33553
6.33671
6.33789
6.33907
6.34026
6.34144
6.34263
6.34382
6.34501
6.3462
6.34739
6.34858
6.34977
6.35097
6.35217
6.35336
6.35456
6.35576
6.35696
6.35817
6.35937
6.36058
6.36178
6.36299
6.3642
6.36541
6.36662
6.36784
6.36905
6.37027
6.37149
6.37271
6.37393
6.37515
6.37637
6.3776
6.37882
6.38005
6.38128
6.38251
6.38374
6.38498
6.38621
6.38745
6.38868
6.38992
6.39116
6.39241
6.39365
6.39489
6.39614
6.39739
6.39864
6.39989
6.40114
6.40239
6.40365
6.40491
6.40616
6.40742
6.40869
6.40995
6.41121
6.41248
6.41375
6.41502
6.41629
6.41756
6.41883
6.42011
6.42139
6.42267
6.42395
6.42523
6.42651
6.4278
6.42908
6.43037
6.43166
6.43295
6.43425
6.43554
6.43684
6.43814
6.43943
6.44073
6.44202
6.44332
6.44462
6.44591
6.44721
6.4485
6.4498
6.4511
6.4524
6.45369
6.45499
6.4563
6.4576
6.4589
6.4602
6.46151
6.46282
6.46412
6.46544
6.46675
6.46806
6.46938
6.47069
6.47201
6.47333
6.47466
6.47598
6.47731
6.47864
6.47997
6.4813
6.48263
6.48396
6.4853
6.48663
6.48797
6.4893
6.49064
6.49197
6.49331
6.49464
6.49598
6.49731
6.49864
6.49997
6.5013
6.50263
6.50395
6.50528
6.5066
6.50792
6.50924
6.51056
6.51187
6.51318
6.51449
6.5158
6.51711
6.51842
6.51972
6.52102
6.52232
6.52362
6.52491
6.52621
6.5275
6.52879
6.53008
6.53137
6.53266
6.53394
6.53523
6.53651
6.53779
6.53907
6.54035
6.54163
6.5429
6.54417
6.54545
6.54672
6.54799
6.54925
6.55052
6.55178
6.55304
6.5543
6.55556
6.55681
6.55807
6.55932
6.56057
6.56182
6.56306
6.5643
6.56554
6.56678
6.56802
6.56925
6.57048
6.57171
6.57294
6.57416
6.57538
6.5766
6.57782
6.57903
6.58024
6.58145
6.58266
6.58387
6.58507
6.58627
6.58747
6.58866
6.58986
6.59105
6.59224
6.59343
6.59462
6.5958
6.59698
6.59816
6.59934
6.60052
6.6017
6.60287
6.60404
6.60521
6.60637
6.60754
6.6087
6.60986
6.61102
6.61218
6.61333
6.61448
6.61564
6.61679
6.61794
6.61908
6.62023
6.62138
6.62252
6.62367
6.62481
6.62595
6.62709
6.62823
6.62937
6.63051
6.63164
6.63278
6.63391
6.63505
6.63618
6.63731
6.63844
6.63957
6.6407
6.64183
6.64296
6.64409
6.64521
6.64634
6.64747
6.64859
6.64972
6.65084
6.65196
6.65308
6.65421
6.65533
6.65645
6.65757
6.65869
6.65981
6.66093
6.66205
6.66317
6.66429
6.66541
6.66653
6.66765
6.66877
6.66989
6.67101
6.67214
6.67326
6.67438
6.6755
6.67663
6.67775
6.67887
6.68
6.68113
6.68225
6.68338
6.6845
6.68563
6.68676
6.68789
6.68902
6.69014
6.69127
6.6924
6.69353
6.69466
6.69579
6.69692
6.69805
6.69919
6.70032
6.70145
6.70258
6.70372
6.70485
6.70598
6.70712
6.70825
6.70938
6.71052
6.71165
6.71278
6.71392
6.71505
6.71618
6.71732
6.71845
6.71958
6.72072
6.72185
6.72298
6.72412
6.72525
6.72638
6.72752
6.72865
6.72979
6.73092
6.73205
6.73319
6.73433
6.73546
6.7366
6.73773
6.73887
6.74001
6.74115
6.74229
6.74343
6.74457
6.74571
6.74685
6.748
6.74914
6.75028
6.75143
6.75257
6.75372
6.75487
6.75602
6.75717
6.75832
6.75947
6.76062
6.76177
6.76293
6.76408
6.76524
6.76639
6.76755
6.76871
6.76987
6.77103
6.77219
6.77335
6.77451
6.77567
6.77684
6.778
6.77917
6.78033
6.7815
6.78267
6.78384
6.78501
6.78618
6.78735
6.78853
6.7897
6.79088
6.79205
6.79323
6.79441
6.79559
6.79677
6.79795
6.79914
6.80032
6.80151
6.80269
6.80388
6.80507
6.80626
6.80745
6.80864
6.80984
6.81103
6.81223
6.81343
6.81463
6.81583
6.81703
6.81824
6.81944
6.82065
6.82186
6.82307
6.82428
6.82549
6.82671
6.82792
6.82914
6.83036
6.83158
6.8328
6.83403
6.83525
6.83648
6.83771
6.83894
6.84018
6.84141
6.84265
6.84388
6.84512
6.84636
6.84761
6.84885
6.8501
6.85135
6.8526
6.85385
6.8551
6.85636
6.85762
6.85888
6.86014
6.8614
6.86267
6.86393
6.8652
6.86647
6.86775
6.86902
6.8703
6.87157
6.87285
6.87414
6.87542
6.87671
6.87799
6.87928
6.88058
6.88187
6.88316
6.88446
6.88576
6.88706
6.88836
6.88967
6.89098
6.89229
6.8936
6.89491
6.89622
6.89754
6.89886
6.90018
6.9015
6.90283
6.90415
6.90548
6.90681
6.90814
6.90947
6.91081
6.91215
6.91349
6.91483
6.91617
6.91752
6.91887
6.92022
6.92157
6.92292
6.92428
6.92564
6.927
6.92836
6.92972
6.93109
6.93246
6.93383
6.9352
6.93658
6.93795
6.93933
6.94071
6.94209
6.94348
6.94487
6.94625
6.94764
6.94904
6.95043
6.95183
6.95323
6.95463
6.95603
6.95744
6.95884
6.96025
6.96166
6.96308
6.96449
6.96591
6.96733
6.96875
6.97017
6.97159
6.97302
6.97445
6.97588
6.97731
6.97875
6.98018
6.98162
6.98306
6.9845
6.98595
6.98739
6.98884
6.99029
6.99174
6.99319
6.99465
6.9961
6.99756
6.99902
7.00048
7.00195
7.00341
7.00488
7.00635
7.00782
7.00928
7.01075
7.01221
7.01367
7.01513
7.01659
7.01804
7.0195
7.02096
7.02243
7.02389
7.02536
7.02682
7.02829
7.02976
7.03123
7.03271
7.03418
7.03566
7.03714
7.03862
7.0401
7.04158
7.04306
7.04455
7.04604
7.04753
7.04902
7.05051
7.05201
7.0535
7.055
7.0565
7.058
7.0595
7.061
7.06251
7.06402
7.06552
7.06703
7.06854
7.07006
7.07157
7.07309
7.0746
7.07612
7.07764
7.07916
7.08069
7.08221
7.08374
7.08527
7.0868
7.08833
7.08987
7.0914
7.09294
7.09448
7.09602
7.09757
7.09911
7.10066
7.1022
7.10375
7.10531
7.10686
7.10841
7.10997
7.11153
7.11309
7.11465
7.11622
7.11778
7.11935
7.12092
7.12249
7.12407
7.12565
7.12722
7.12881
7.13039
7.13197
7.13356
7.13515
7.13674
7.13833
7.13993
7.14153
7.14312
7.14472
7.14633
7.14793
7.14954
7.15115
7.15276
7.15437
7.15599
7.15761
7.15923
7.16085
7.16247
7.1641
7.16573
7.16736
7.16899
7.17063
7.17227
7.17391
7.17555
7.17719
7.17884
7.18049
7.18214
7.18379
7.18544
7.1871
7.18876
7.19042
7.19208
7.19375
7.19542
7.19709
7.19876
7.20043
7.20211
7.20379
7.20548
7.20716
7.20885
7.21054
7.21223
7.21393
7.21563
7.21733
7.21903
7.22072
7.22241
7.2241
7.22579
7.22747
7.22915
7.23082
7.2325
7.23416
7.23583
7.23749
7.23915
7.2408
7.24246
7.24411
7.24577
7.24742
7.24908
7.25074
7.2524
7.25406
7.25572
7.25738
7.25905
7.26072
7.26238
7.26405
7.26572
7.26739
7.26905
7.27072
7.27239
7.27406
7.27572
7.27739
7.27905
7.28072
7.28238
7.28404
7.28571
7.28737
7.28902
7.29068
7.29234
7.29399
7.29565
7.2973
7.29895
7.30061
7.30226
7.30391
7.30556
7.3072
7.30885
7.3105
7.31214
7.31378
7.31542
7.31705
7.31867
7.32029
7.32191
7.32352
7.32513
7.32673
7.32832
7.32992
7.3315
7.33309
7.33467
7.33624
7.33782
7.33939
7.34095
7.34252
7.34408
7.34564
7.34719
7.34874
7.35029
7.35184
7.35338
7.35492
7.35646
7.35799
7.35952
7.36104
7.36257
7.36408
7.36558
7.36708
7.36857
7.37004
7.37151
7.37297
7.37442
7.37586
7.37729
7.37871
7.38013
7.38153
7.38293
7.38433
7.38571
7.3871
7.38847
7.38984
7.3912
7.39256
7.39392
7.39527
7.39661
7.39795
7.39929
7.40063
7.40196
7.40328
7.40461
7.40593
7.40724
7.40855
7.40986
7.41117
7.41247
7.41376
7.41506
7.41634
7.41763
7.41891
7.42018
7.42146
7.42272
7.42399
7.42525
7.4265
7.42775
7.429
7.43025
7.43149
7.43272
7.43396
7.43519
7.43641
7.43764
7.43886
7.44007
7.44129
7.4425
7.44371
7.44491
7.44612
7.44732
7.44851
7.44971
7.4509
7.45209
7.45327
7.45446
7.45564
7.45682
7.45799
7.45917
7.46034
7.4615
7.46267
7.46383
7.46499
7.46615
7.4673
7.46845
7.46959
7.47072
7.47185
7.47298
7.4741
7.47522
7.47634
7.47745
7.47856
7.47967
7.48077
7.48187
7.48297
7.48407
7.48516
7.48625
7.48734
7.48842
7.48951
7.49059
7.49167
7.49274
7.49382
7.49489
7.49596
7.49703
7.4981
7.49917
7.50023
7.5013
7.50236
7.50342
7.50448
7.50554
7.5066
7.50765
7.50871
7.50976
7.51081
7.51187
7.51292
7.51397
7.51501
7.51606
7.51711
7.51815
7.51919
7.52024
7.52128
7.52232
7.52336
7.5244
7.52544
7.52648
7.52751
7.52855
7.52959
7.53062
7.53165
7.53269
7.53372
7.53475
7.53578
7.53682
7.53785
7.53888
7.53991
7.54093
7.54196
7.54299
7.54402
7.54505
7.54607
7.5471
7.54812
7.54915
7.55017
7.5512
7.55222
7.55324
7.55427
7.55529
7.55631
7.55733
7.55835
7.55938
7.5604
7.56142
7.56244
7.56346
7.56448
7.5655
7.56652
7.56754
7.56856
7.56958
7.57059
7.57161
7.57263
7.57365
7.57467
7.57569
7.57671
7.57773
7.57875
7.57977
7.58079
7.58181
7.58283
7.58385
7.58487
7.58589
7.58691
7.58793
7.58895
7.58998
7.591
7.59202
7.59305
7.59407
7.59509
7.59612
7.59714
7.59817
7.59919
7.60022
7.60124
7.60227
7.6033
7.60433
7.60535
7.60638
7.60741
7.60844
7.60947
7.61049
7.61152
7.61254
7.61356
7.61457
7.61558
7.61658
7.61759
7.61859
7.61959
7.62059
7.62158
7.62258
7.62358
7.62458
7.62557
7.62657
7.62757
7.62856
7.62956
7.63055
7.63155
7.63254
7.63353
7.63452
7.63552
7.63651
7.6375
7.63848
7.63947
7.64045
7.64142
7.64239
7.64334
7.64429
7.64523
7.64616
7.64709
7.64802
7.64895
7.64987
7.6508
7.65172
7.65265
7.65357
7.65449
7.65541
7.65633
7.65725
7.65817
7.65909
7.66001
7.66093
7.66185
7.66277
7.66369
7.6646
7.66552
7.66644
7.66736
7.66827
7.66919
7.67011
7.67103
7.67194
7.67286
7.67378
7.67469
7.67561
7.67653
7.67744
7.67836
7.67927
7.68019
7.6811
7.68201
7.68293
7.68385
7.68476
7.68568
7.6866
7.68751
7.68843
7.68935
7.69027
7.6912
7.69212
7.69304
7.69396
7.69489
7.69581
7.69674
7.69766
7.69859
7.69952
7.70044
7.70137
7.7023
7.70323
7.70416
7.70509
7.70602
7.70695
7.70788
7.70882
7.70975
7.71069
7.71162
7.71256
7.7135
7.71444
7.71538
7.71632
7.71726
7.7182
7.71915
7.72009
7.72104
7.72198
7.72293
7.72388
7.72483
7.72578
7.72673
7.72768
7.72863
7.72958
7.73054
7.73149
7.73245
7.73341
7.73437
7.73533
7.73629
7.73725
7.73821
7.73918
7.74014
7.74111
7.74208
7.74305
7.74402
7.74499
7.74596
7.74693
7.7479
7.74888
7.74985
7.75083
7.75181
7.75278
7.75376
7.75474
7.75572
7.7567
7.75768
7.75867
7.75965
7.76063
7.76162
7.7626
7.76359
7.76457
7.76555
7.76654
7.76752
7.7685
7.76948
7.77046
7.77144
7.77242
7.7734
7.77438
7.77536
7.77634
7.77732
7.7783
7.77928
7.78026
7.78124
7.78222
7.78321
7.78419
7.78517
7.78616
7.78714
7.78813
7.78911
7.7901
7.79108
7.79207
7.79306
7.79405
7.79504
7.79603
7.79702
7.79801
7.799
7.79999
7.80098
7.80197
7.80296
7.80395
7.80495
7.80594
7.80693
7.80793
7.80892
7.80992
7.81092
7.81191
7.81291
7.81391
7.81491
7.8159
7.8169
7.8179
7.81891
7.81991
7.82091
7.82191
7.82291
7.82392
7.82492
7.82592
7.82693
7.82793
7.82894
7.82995
7.83095
7.83196
7.83297
7.83398
7.83499
7.836
7.83701
7.83802
7.83904
7.84005
7.84107
7.84208
7.8431
7.84411
7.84513
7.84615
7.84717
7.84819
7.84921
7.85023
7.85125
7.85227
7.8533
7.85432
7.85535
7.85637
7.8574
7.85843
7.85945
7.86048
7.86151
7.86255
7.86358
7.86461
7.86565
7.86668
7.86772
7.86875
7.86979
7.87083
7.87187
7.87291
7.87395
7.875
7.87604
7.87708
7.87813
7.87917
7.88022
7.88127
7.88232
7.88337
7.88442
7.88547
7.88653
7.88758
7.88864
7.88969
7.89075
7.89181
7.89287
7.89393
7.89499
7.89605
7.89712
7.89818
7.89925
7.90032
7.90138
7.90245
7.90352
7.90459
7.90567
7.90674
7.90782
7.90889
7.90997
7.91105
7.91213
7.91321
7.91429
7.91537
7.91645
7.91754
7.91862
7.91971
7.9208
7.92189
7.92298
7.92407
7.92517
7.92626
7.92736
7.92845
7.92955
7.93065
7.93175
7.93285
7.93395
7.93505
7.93616
7.93727
7.93837
7.93948
7.94059
7.9417
7.94281
7.94393
7.94504
7.94616
7.94727
7.94839
7.94951
7.95063
7.95175
7.95288
7.954
7.95513
7.95625
7.95738
7.95851
7.95964
7.96077
7.96191
7.96304
7.96418
7.96531
7.96645
7.96759
7.96873
7.96987
7.97102
7.97216
7.97331
7.97446
7.9756
7.97675
7.97791
7.97906
7.98021
7.98137
7.98253
7.98368
7.98484
7.986
7.98717
7.98833
7.98949
7.99066
7.99183
7.993
7.99417
7.99534
7.99651
7.99768
7.99886
8.00004
8.00122
8.0024
8.00358
8.00476
8.00595
8.00713
8.00832
8.00951
8.0107
8.01189
8.01309
8.01428
8.01548
8.01667
8.01787
8.01907
8.02027
8.02148
8.02268
8.02389
8.0251
8.02631
8.02752
8.02873
8.02994
8.03116
8.03238
8.0336
8.03482
8.03604
8.03726
8.03849
8.03971
8.04094
8.04217
8.0434
8.04463
8.04587
8.0471
8.04834
8.04958
8.05082
8.05206
8.0533
8.05455
8.05579
8.05704
8.05829
8.05954
8.0608
8.06205
8.06331
8.06457
8.06583
8.06709
8.06835
8.06961
8.07087
8.07214
8.0734
8.07466
8.07593
8.07719
8.07845
8.07972
8.08099
8.08225
8.08352
8.08479
8.08606
8.08733
8.0886
8.08988
8.09116
8.09243
8.09371
8.09499
8.09628
8.09756
8.09885
8.10014
8.10143
8.10272
8.10402
8.10531
8.10661
8.10791
8.10921
8.11052
8.11182
8.11313
8.11444
8.11575
8.11706
8.11837
8.11968
8.12099
8.12231
8.12362
8.12493
8.12625
8.12756
8.12887
8.13018
8.13149
8.1328
8.13411
8.13542
8.13672
8.13803
8.13933
8.14064
8.14194
8.14324
8.14454
8.14584
8.14713
8.14843
8.14972
8.15101
8.15231
8.1536
8.15488
8.15617
8.15746
8.15874
8.16003
8.16131
8.16259
8.16387
8.16515
8.16643
8.16771
8.16898
8.17026
8.17153
8.17281
8.17408
8.17535
8.17661
8.17788
8.17915
8.18041
8.18167
8.18293
8.18419
8.18544
8.1867
8.18795
8.1892
8.19045
8.1917
8.19294
8.19418
8.19542
8.19666
8.1979
8.19913
8.20036
8.20159
8.20282
8.20404
8.20526
8.20648
8.2077
8.20892
8.21013
8.21134
8.21255
8.21375
8.21496
8.21616
8.21736
8.21855
8.21975
8.22094
8.22212
8.22331
8.22449
8.22566
8.22684
8.22801
8.22918
8.23035
8.23152
8.23268
8.23384
8.235
8.23616
8.23732
8.23847
8.23962
8.24078
8.24193
8.24307
8.24422
8.24536
8.24651
8.24765
8.24879
8.24993
8.25106
8.2522
8.25333
8.25446
8.25559
8.25672
8.25785
8.25898
8.2601
8.26123
8.26235
8.26348
8.2646
8.26572
8.26684
8.26796
8.26908
8.2702
8.27131
8.27243
8.27355
8.27466
8.27578
8.27689
8.278
8.27912
8.28023
8.28134
8.28245
8.28357
8.28468
8.28579
8.2869
8.28801
8.28911
8.29022
8.29133
8.29244
8.29355
8.29465
8.29576
8.29687
8.29798
8.29908
8.30019
8.3013
8.30241
8.30352
8.30463
8.30574
8.30685
8.30796
8.30907
8.31018
8.31129
8.3124
8.31352
8.31463
8.31574
8.31686
8.31797
8.31909
8.3202
8.32132
8.32243
8.32355
8.32467
8.32578
8.3269
8.32802
8.32914
8.33025
8.33137
8.33249
8.33361
8.33473
8.33585
8.33696
8.33808
8.3392
8.34032
8.34144
8.34256
8.34368
8.3448
8.34592
8.34705
8.34817
8.34929
8.35041
8.35153
8.35265
8.35378
8.3549
8.35602
8.35714
8.35827
8.35939
8.36051
8.36164
8.36276
8.36388
8.36501
8.36614
8.36726
8.36839
8.36952
8.37064
8.37177
8.3729
8.37403
8.37516
8.37629
8.37743
8.37856
8.37969
8.38083
8.38196
8.3831
8.38424
8.38537
8.38651
8.38765
8.38879
8.38993
8.39108
8.39222
8.39336
8.39451
8.39566
8.3968
8.39795
8.3991
8.40025
8.4014
8.40255
8.4037
8.40485
8.40601
8.40716
8.40832
8.40947
8.41063
8.41179
8.41295
8.41411
8.41527
8.41643
8.4176
8.41876
8.41993
8.42109
8.42226
8.42343
8.4246
8.42577
8.42694
8.42811
8.42929
8.43046
8.43164
8.43282
8.434
8.43518
8.43636
8.43754
8.43872
8.43991
8.4411
8.44228
8.44347
8.44466
8.44586
8.44705
8.44824
8.44944
8.45064
8.45184
8.45304
8.45424
8.45544
8.45665
8.45786
8.45906
8.46027
8.46149
8.4627
8.46391
8.46513
8.46635
8.46757
8.46879
8.47001
8.47124
8.47246
8.47369
8.47492
8.47615
8.47738
8.47862
8.47986
8.48109
8.48233
8.48358
8.48482
8.48606
8.48731
8.48856
8.48981
8.49106
8.49232
8.49357
8.49483
8.49609
8.49735
8.49862
8.49988
8.50115
8.50242
8.50369
8.50496
8.50624
8.50751
8.50879
8.51007
8.51135
8.51264
8.51392
8.51521
8.5165
8.51779
8.51908
8.52037
8.52167
8.52297
8.52427
8.52557
8.52688
8.52818
8.52949
8.5308
8.53211
8.53342
8.53474
8.53606
8.53738
8.5387
8.54002
8.54135
8.54267
8.544
8.54533
8.54667
8.548
8.54934
8.55068
8.55202
8.55336
8.55471
8.55605
8.5574
8.55875
8.56011
8.56146
8.56282
8.56418
8.56554
8.5669
8.56827
8.56963
8.571
8.57237
8.57375
8.57512
8.5765
8.57788
8.57926
8.58064
8.58203
8.58341
8.5848
8.58619
8.58759
8.58898
8.59038
8.59177
8.59317
8.59458
8.59598
8.59739
8.5988
8.60021
8.60162
8.60303
8.60445
8.60586
8.60728
8.6087
8.61013
8.61155
8.61298
8.61441
8.61584
8.61727
8.6187
8.62014
8.62157
8.62301
8.62445
8.6259
8.62734
8.62879
8.63023
8.63168
8.63314
8.63459
8.63604
8.6375
8.63895
8.64041
8.64186
8.64331
8.64476
8.64621
8.64765
8.6491
8.65055
8.652
8.65345
8.6549
8.65636
8.65781
8.65927
8.66073
8.66219
8.66365
8.66511
8.66657
8.66804
8.66951
8.67098
8.67245
8.67392
8.67539
8.67687
8.67835
8.67982
8.6813
8.68279
8.68427
8.68575
8.68724
8.68873
8.69022
8.69171
8.6932
8.69469
8.69619
8.69768
8.69918
8.70068
8.70218
8.70369
8.70519
8.70669
8.7082
8.70971
8.71122
8.71273
8.71425
8.71576
8.71728
8.7188
8.72032
8.72185
8.72337
8.7249
8.72642
8.72795
8.72948
8.73102
8.73255
8.73409
8.73563
8.73717
8.73871
8.74025
8.7418
8.74334
8.74489
8.74644
8.748
8.74955
8.75111
8.75267
8.75423
8.7558
8.75736
8.75893
8.7605
8.76207
8.76364
8.76522
8.7668
8.76838
8.76996
8.77154
8.77313
8.77472
8.77631
8.7779
8.77949
8.78109
8.78269
8.78429
8.78589
8.7875
8.7891
8.79071
8.79233
8.79394
8.79556
8.79717
8.79879
8.80042
8.80204
8.80367
8.8053
8.80693
8.80856
8.8102
8.81184
8.81347
8.81512
8.81676
8.81841
8.82006
8.82171
8.82336
8.82501
8.82667
8.82833
8.82999
8.83166
8.83332
8.83499
8.83666
8.83834
8.84002
8.8417
8.84338
8.84506
8.84675
8.84844
8.85013
8.85182
8.85352
8.85522
8.85692
8.85862
8.86031
8.86201
8.86369
8.86538
8.86706
8.86874
8.87041
8.87208
8.87374
8.87541
8.87707
8.87873
8.88038
8.88204
8.8837
8.88535
8.88701
8.88867
8.89033
8.89199
8.89366
8.89532
8.89699
8.89866
8.90032
8.90199
8.90366
8.90533
8.907
8.90868
8.91035
8.91202
8.91368
8.91535
8.91702
8.91869
8.92036
8.92202
8.92369
8.92535
8.92701
8.92867
8.93033
8.93199
8.93365
8.9353
8.93696
8.93862
8.94027
8.94192
8.94358
8.94523
8.94688
8.94854
8.95019
8.95184
8.95348
8.95512
8.95675
8.95838
8.96001
8.96163
8.96324
8.96485
8.96646
8.96806
8.96965
8.97124
8.97283
8.97441
8.97599
8.97757
8.97915
8.98072
8.98229
8.98386
8.98542
8.98698
8.98854
8.9901
8.99165
8.9932
8.99475
8.99629
8.99783
8.99937
9.00089
9.00241
9.00392
9.00543
9.00692
9.0084
9.00987
9.01133
9.01278
9.01422
9.01566
9.01709
9.0185
9.01992
9.02132
9.02272
9.02411
9.02549
9.02687
9.02824
9.02961
9.03097
9.03233
9.03368
9.03503
9.03638
9.03772
9.03906
9.04039
9.04172
9.04305
9.04437
9.04569
9.04701
9.04832
9.04963
9.05093
9.05223
9.05352
9.05481
9.0561
9.05738
9.05866
9.05993
9.0612
9.06247
9.06373
9.06499
9.06624
9.06749
9.06874
9.06998
9.07122
9.07246
9.07369
9.07492
9.07614
9.07737
9.07859
9.07981
9.08102
9.08223
9.08344
9.08465
9.08585
9.08705
9.08825
9.08945
9.09064
9.09183
9.09302
9.0942
9.09538
9.09656
9.09774
9.09892
9.10009
9.10126
9.10242
9.10359
9.10475
9.1059
9.10706
9.10821
9.10935
9.11049
9.11162
9.11275
9.11387
9.11499
9.11611
9.11723
9.11834
9.11945
9.12055
9.12165
9.12275
9.12385
9.12495
9.12604
9.12713
9.12821
9.1293
9.13038
9.13146
9.13254
9.13361
9.13468
9.13575
9.13682
9.13789
9.13895
9.14002
9.14108
9.14214
9.1432
9.14426
9.14531
9.14637
9.14742
9.14847
9.14952
9.15057
9.15161
9.15266
9.1537
9.15475
9.15579
9.15683
9.15787
9.15891
9.15994
9.16098
9.16201
9.16304
9.16408
9.16511
9.16614
9.16717
9.16819
9.16922
9.17025
9.17127
9.1723
9.17332
9.17434
9.17536
9.17638
9.1774
9.17842
9.17944
9.18046
9.18147
9.18249
9.1835
9.18452
9.18553
9.18654
9.18756
9.18857
9.18958
9.19059
9.1916
9.19261
9.19362
9.19462
9.19563
9.19664
9.19764
9.19865
9.19965
9.20066
9.20166
9.20267
9.20367
9.20467
9.20568
9.20668
9.20768
9.20868
9.20969
9.21069
9.21169
9.21269
9.21369
9.21469
9.2157
9.2167
9.2177
9.2187
9.2197
9.22071
9.22171
9.22271
9.22371
9.22471
9.22572
9.22672
9.22772
9.22873
9.22973
9.23074
9.23174
9.23275
9.23375
9.23476
9.23576
9.23677
9.23778
9.23878
9.23979
9.2408
9.24181
9.24281
9.24382
9.24483
9.24584
9.24685
9.24786
9.24887
9.24988
9.25089
9.25189
9.25289
9.25388
9.25487
9.25585
9.25683
9.25781
9.25879
9.25977
9.26075
9.26173
9.2627
9.26368
9.26466
9.26564
9.26661
9.26759
9.26856
9.26953
9.27051
9.27148
9.27245
9.27342
9.27439
9.27536
9.27631
9.27726
9.27819
9.27912
9.28004
9.28095
9.28186
9.28276
9.28366
9.28457
9.28547
9.28637
9.28727
9.28817
9.28906
9.28996
9.29086
9.29176
9.29266
9.29356
9.29446
9.29536
9.29626
9.29716
9.29806
9.29895
9.29985
9.30074
9.30164
9.30254
9.30343
9.30433
9.30522
9.30612
9.30701
9.30791
9.3088
9.3097
9.31059
9.31149
9.31238
9.31328
9.31417
9.31507
9.31597
9.31686
9.31776
9.31866
9.31955
9.32045
9.32135
9.32225
9.32315
9.32405
9.32495
9.32585
9.32675
9.32765
9.32855
9.32946
9.33036
9.33126
9.33216
9.33307
9.33397
9.33487
9.33578
9.33668
9.33759
9.33849
9.3394
9.34031
9.34122
9.34213
9.34304
9.34395
9.34487
9.34578
9.34669
9.34761
9.34853
9.34944
9.35036
9.35128
9.3522
9.35312
9.35404
9.35496
9.35589
9.35681
9.35774
9.35866
9.35959
9.36051
9.36144
9.36237
9.3633
9.36423
9.36516
9.36609
9.36703
9.36796
9.3689
9.36983
9.37077
9.37171
9.37265
9.37359
9.37454
9.37548
9.37643
9.37737
9.37832
9.37927
9.38021
9.38116
9.38212
9.38307
9.38402
9.38497
9.38593
9.38688
9.38784
9.3888
9.38975
9.39071
9.39167
9.39262
9.39358
9.39454
9.3955
9.39645
9.39741
9.39837
9.39933
9.40028
9.40124
9.4022
9.40315
9.40411
9.40507
9.40602
9.40698
9.40794
9.40889
9.40985
9.41081
9.41177
9.41273
9.41368
9.41464
9.4156
9.41656
9.41753
9.41849
9.41945
9.42041
9.42138
9.42234
9.42331
9.42427
9.42524
9.4262
9.42717
9.42814
9.4291
9.43007
9.43104
9.43201
9.43298
9.43395
9.43492
9.43589
9.43687
9.43784
9.43881
9.43979
9.44076
9.44174
9.44272
9.44369
9.44467
9.44565
9.44663
9.44761
9.44859
9.44957
9.45056
9.45154
9.45252
9.45351
9.45449
9.45548
9.45647
9.45745
9.45844
9.45943
9.46042
9.46141
9.4624
9.46339
9.46438
9.46538
9.46637
9.46737
9.46836
9.46936
9.47036
9.47135
9.47235
9.47335
9.47435
9.47536
9.47636
9.47736
9.47837
9.47937
9.48038
9.48138
9.48239
9.4834
9.4844
9.48541
9.48642
9.48744
9.48845
9.48946
9.49047
9.49149
9.4925
9.49352
9.49454
9.49556
9.49658
9.4976
9.49862
9.49964
9.50067
9.50169
9.50272
9.50374
9.50477
9.5058
9.50682
9.50785
9.50888
9.50991
9.51095
9.51198
9.51301
9.51405
9.51509
9.51612
9.51716
9.5182
9.51924
9.52028
9.52133
9.52237
9.52342
9.52446
9.52551
9.52656
9.52761
9.52866
9.52971
9.53076
9.53181
9.53287
9.53392
9.53498
9.53604
9.53709
9.53815
9.53921
9.54028
9.54134
9.5424
9.54347
9.54454
9.5456
9.54667
9.54774
9.54881
9.54989
9.55096
9.55203
9.55311
9.55419
9.55526
9.55634
9.55742
9.5585
9.55959
9.56067
9.56176
9.56284
9.56393
9.56502
9.56611
9.5672
9.56829
9.56938
9.57048
9.57158
9.57267
9.57377
9.57487
9.57597
9.57708
9.57818
9.57928
9.58039
9.5815
9.58261
9.58372
9.58483
9.58594
9.58705
9.58817
9.58928
9.5904
9.59152
9.59264
9.59376
9.59488
9.59601
9.59713
9.59826
9.59939
9.60052
9.60165
9.60278
9.60391
9.60505
9.60619
9.60732
9.60846
9.6096
9.61074
9.61188
9.61303
9.61417
9.61532
9.61647
9.61762
9.61877
9.61992
9.62107
9.62223
9.62338
9.62454
9.6257
9.62686
9.62802
9.62918
9.63035
9.63151
9.63268
9.63385
9.63502
9.63619
9.63736
9.63853
9.63971
9.64089
9.64206
9.64324
9.64442
9.64561
9.64679
9.64797
9.64916
9.65035
9.65154
9.65273
9.65392
9.65511
9.65631
9.6575
9.6587
9.6599
9.6611
9.6623
9.66351
9.66471
9.66592
9.66713
9.66834
9.66955
9.67076
9.67198
9.67319
9.67441
9.67562
9.67684
9.67805
9.67926
9.68048
9.68169
9.6829
9.68412
9.68533
9.68654
9.68776
9.68897
9.69019
9.6914
9.69262
9.69384
9.69505
9.69627
9.69749
9.69871
9.69993
9.70115
9.70237
9.70359
9.70482
9.70604
9.70727
9.7085
9.70972
9.71095
9.71218
9.71342
9.71465
9.71588
9.71711
9.71835
9.71958
9.72081
9.72205
9.72328
9.72451
9.72575
9.72698
9.72821
9.72944
9.73066
9.73189
9.73311
9.73434
9.73556
9.73678
9.73799
9.73921
9.74042
9.74163
9.74283
9.74404
9.74524
9.74644
9.74764
9.74883
9.75003
9.75122
9.75241
9.75359
9.75477
9.75596
9.75713
9.75831
9.75949
9.76066
9.76183
9.763
9.76417
9.76533
9.76649
9.76765
9.76881
9.76997
9.77112
9.77227
9.77342
9.77457
9.77572
9.77686
9.778
9.77914
9.78027
9.7814
9.78253
9.78365
9.78477
9.78588
9.78699
9.7881
9.78921
9.79031
9.79141
9.79251
9.7936
9.79469
9.79578
9.79686
9.79795
9.79903
9.8001
9.80117
9.80224
9.80331
9.80437
9.80543
9.80649
9.80754
9.80859
9.80964
9.81068
9.81172
9.81276
9.81379
9.81482
9.81585
9.81688
9.8179
9.81893
9.81994
9.82096
9.82198
9.82299
9.824
9.82502
9.82602
9.82703
9.82804
9.82904
9.83004
9.83105
9.83205
9.83304
9.83404
9.83504
9.83603
9.83703
9.83802
9.83902
9.84001
9.841
9.84199
9.84298
9.84396
9.84495
9.84594
9.84692
9.8479
9.84889
9.84987
9.85085
9.85183
9.85281
9.85379
9.85476
9.85574
9.85672
9.85769
9.85867
9.85965
9.86062
9.86159
9.86256
9.86353
9.8645
9.86547
9.86644
9.8674
9.86836
9.86933
9.87029
9.87125
9.8722
9.87316
9.87411
9.87507
9.87602
9.87697
9.87792
9.87887
9.87981
9.88076
9.8817
9.88264
9.88358
9.88452
9.88545
9.88639
9.88732
9.88826
9.88919
9.89012
9.89104
9.89197
9.8929
9.89382
9.89474
9.89566
9.89658
9.8975
9.89842
9.89934
9.90025
9.90117
9.90208
9.90299
9.9039
9.90481
9.90572
9.90663
9.90754
9.90845
9.90936
9.91026
9.91117
9.91207
9.91298
9.91388
9.91479
9.91569
9.9166
9.9175
9.91841
9.91931
9.92021
9.92112
9.92202
9.92293
9.92383
9.92473
9.92564
9.92654
9.92745
9.92835
9.92926
9.93017
9.93107
9.93198
9.93289
9.93379
9.9347
9.93561
9.93652
9.93743
9.93834
9.93925
9.94016
9.94107
9.94198
9.94289
9.9438
9.94471
9.94563
9.94654
9.94745
9.94837
9.94928
9.9502
9.95111
9.95203
9.95294
9.95386
9.95478
9.9557
9.95661
9.95753
9.95845
9.95937
9.9603
9.96122
9.96214
9.96306
9.96399
9.96491
9.96584
9.96676
9.96769
9.96862
9.96954
9.97047
9.9714
9.97233
9.97326
9.97419
9.97512
9.97606
9.97699
9.97793
9.97886
9.9798
9.98073
9.98167
9.98261
9.98355
9.98449
9.98543
9.98637
9.98731
9.98826
9.9892
9.99014
9.99109
9.99204
9.99298
9.99393
9.99488
9.99583
9.99678
9.99774
9.99869
9.99964
10.0006
10.0016
10.0025
10.0035
10.0044
10.0054
10.0063
10.0073
10.0083
10.0092
10.0102
10.0112
10.0121
10.0131
10.0141
10.015
10.016
10.017
10.018
10.0189
10.0199
10.0209
10.0219
10.0228
10.0238
10.0248
10.0258
10.0267
10.0277
10.0287
10.0297
10.0307
10.0317
10.0327
10.0336
10.0346
10.0356
10.0366
10.0376
10.0386
10.0396
10.0406
10.0416
10.0426
10.0436
10.0446
10.0456
10.0466
10.0476
10.0486
10.0496
10.0506
10.0516
10.0526
10.0536
10.0546
10.0556
10.0566
10.0576
10.0586
10.0597
10.0607
10.0617
10.0627
10.0637
10.0647
10.0657
10.0667
10.0677
10.0687
10.0697
10.0707
10.0717
10.0727
10.0737
10.0748
10.0758
10.0768
10.0778
10.0788
10.0798
10.0809
10.0819
10.0829
10.0839
10.085
10.086
10.087
10.0881
10.0891
10.0901
10.0911
10.0922
10.0932
10.0942
10.0953
10.0963
10.0973
10.0984
10.0994
10.1004
10.1015
10.1025
10.1036
10.1046
10.1056
10.1067
10.1077
10.1087
10.1098
10.1108
10.1118
10.1129
10.1139
10.1149
10.116
10.117
10.118
10.119
10.1201
10.1211
10.1221
10.1231
10.1241
10.1252
10.1262
10.1272
10.1282
10.1292
10.1302
10.1312
10.1322
10.1333
10.1343
10.1353
10.1363
10.1373
10.1383
10.1393
10.1403
10.1412
10.1422
10.1432
10.1442
10.1452
10.1462
10.1471
10.1481
10.1491
10.15
10.151
10.152
10.1529
10.1539
10.1548
10.1557
10.1567
10.1576
10.1585
10.1595
10.1604
10.1613
10.1622
10.1631
10.164
10.165
10.1659
10.1668
10.1676
10.1685
10.1694
10.1703
10.1712
10.1721
10.1729
10.1738
10.1747
10.1755
10.1764
10.1773
10.1781
10.179
10.1798
10.1807
10.1815
10.1824
10.1832
10.1841
10.1849
10.1857
10.1866
10.1874
10.1882
10.1891
10.1899
10.1907
10.1915
10.1924
10.1932
10.194
10.1948
10.1956
10.1964
10.1972
10.1981
10.1989
10.1997
10.2005
10.2013
10.2021
10.2029
10.2037
10.2045
10.2053
10.2061
10.2069
10.2077
10.2085
10.2093
10.2101
10.2109
10.2117
10.2125
10.2133
10.2141
10.2149
10.2157
10.2165
10.2173
10.218
10.2188
10.2196
10.2204
10.2212
10.222
10.2228
10.2236
10.2244
10.2252
10.226
10.2267
10.2275
10.2283
10.2291
10.2299
10.2307
10.2315
10.2323
10.2331
10.2338
10.2346
10.2354
10.2362
10.237
10.2378
10.2386
10.2394
10.2402
10.2409
10.2417
10.2425
10.2433
10.2441
10.2449
10.2457
10.2465
10.2472
10.248
10.2488
10.2496
10.2504
10.2512
10.252
10.2528
10.2535
10.2543
10.2551
10.2559
10.2567
10.2575
10.2582
10.259
10.2598
10.2606
10.2613
10.2621
10.2629
10.2637
10.2644
10.2652
10.266
10.2667
10.2675
10.2683
10.269
10.2698
10.2706
10.2713
10.2721
10.2729
10.2736
10.2744
10.2751
10.2759
10.2767
10.2774
10.2782
10.2789
10.2797
10.2804
10.2812
10.2819
10.2827
10.2835
10.2842
10.285
10.2857
10.2865
10.2872
10.288
10.2887
10.2895
10.2902
10.291
10.2917
10.2925
10.2932
10.294
10.2947
10.2955
10.2962
10.2969
10.2977
10.2984
10.2992
10.2999
10.3007
10.3014
10.3022
10.3029
10.3037
10.3044
10.3052
10.3059
10.3067
10.3074
10.3082
10.3089
10.3097
10.3104
10.3112
10.3119
10.3127
10.3134
10.3142
10.3149
10.3157
10.3165
10.3172
10.318
10.3187
10.3195
10.3202
10.321
10.3218
10.3225
10.3233
10.324
10.3248
10.3256
10.3263
10.3271
10.3278
10.3286
10.3294
10.3301
10.3309
10.3317
10.3324
10.3332
10.334
10.3348
10.3355
10.3363
10.3371
10.3378
10.3386
10.3394
10.3402
10.3409
10.3417
10.3425
10.3433
10.3441
10.3448
10.3456
10.3464
10.3472
10.348
10.3488
10.3496
10.3503
10.3511
10.3519
10.3527
10.3535
10.3543
10.3551
10.3559
10.3567
10.3575
10.3583
10.3591
10.3599
10.3607
10.3615
10.3623
10.3631
10.3639
10.3647
10.3655
10.3663
10.3671
10.3679
10.3687
10.3696
10.3704
10.3712
10.372
10.3728
10.3736
10.3744
10.3753
10.3761
10.3769
10.3777
10.3785
10.3794
10.3802
10.381
10.3818
10.3827
10.3835
10.3843
10.3851
10.386
10.3868
10.3876
10.3884
10.3893
10.3901
10.3909
10.3918
10.3926
10.3934
10.3942
10.395
10.3958
10.3966
10.3974
10.3982
10.3991
10.3999
10.4007
10.4015
10.4023
10.4032
10.404
10.4048
10.4056
10.4064
10.4073
10.4081
10.4089
10.4098
10.4106
10.4114
10.4122
10.4131
10.4139
10.4147
10.4156
10.4164
10.4172
10.4181
10.4189
10.4197
10.4206
10.4214
10.4222
10.423
10.4239
10.4247
10.4255
10.4263
10.4272
10.428
10.4288
10.4296
10.4304
10.4313
10.4321
10.4329
10.4337
10.4345
10.4353
10.4361
10.4369
10.4377
10.4385
10.4393
10.4401
10.4409
10.4417
10.4425
10.4433
10.4441
10.4448
10.4456
10.4464
10.4472
10.4479
10.4487
10.4495
10.4503
10.451
10.4518
10.4525
10.4533
10.454
10.4548
10.4555
10.4563
10.457
10.4578
10.4585
10.4592
10.46
10.4607
10.4614
10.4621
10.4629
10.4636
10.4643
10.465
10.4657
10.4664
10.4671
10.4678
10.4685
10.4692
10.4699
10.4705
10.4712
10.4719
10.4726
10.4732
10.4739
10.4746
10.4752
10.4759
10.4766
10.4772
10.4779
10.4785
10.4792
10.4798
10.4804
10.4811
10.4817
10.4824
10.483
10.4836
10.4842
10.4849
10.4855
10.4861
10.4867
10.4874
10.488
10.4886
10.4892
10.4898
10.4904
10.491
10.4916
10.4922
10.4928
10.4934
10.494
10.4946
10.4952
10.4958
10.4964
10.497
10.4976
10.4982
10.4987
10.4993
10.4999
10.5005
10.5011
10.5017
10.5022
10.5028
10.5034
10.504
10.5045
10.5051
10.5057
10.5063
10.5068
10.5074
10.508
10.5086
10.5091
10.5097
10.5103
10.5108
10.5114
10.512
10.5126
10.5131
10.5137
10.5143
10.5148
10.5154
10.516
10.5165
10.5171
10.5177
10.5182
10.5188
10.5194
10.5199
10.5205
10.5211
10.5216
10.5222
10.5228
10.5233
10.5239
10.5245
10.525
10.5256
10.5261
10.5267
10.5273
10.5278
10.5284
10.529
10.5295
10.5301
10.5306
10.5312
10.5318
10.5323
10.5329
10.5334
10.534
10.5345
10.5351
10.5356
10.5362
10.5367
10.5373
10.5378
10.5384
10.5389
10.5395
10.54
10.5405
10.5411
10.5416
10.5422
10.5427
10.5433
10.5438
10.5443
10.5449
10.5454
10.5459
10.5465
10.547
10.5475
10.5481
10.5486
10.5491
10.5497
10.5502
10.5507
10.5513
10.5518
10.5523
10.5528
10.5534
10.5539
10.5544
10.5549
10.5555
10.556
10.5565
10.557
10.5575
10.5581
10.5586
10.5591
10.5596
10.5601
10.5606
10.5612
10.5617
10.5622
10.5627
10.5632
10.5637
10.5643
10.5648
10.5653
10.5658
10.5663
10.5668
10.5673
10.5678
10.5684
10.5689
10.5694
10.5699
10.5704
10.5709
10.5714
10.572
10.5725
10.573
10.5735
10.574
10.5745
10.5751
10.5756
10.5761
10.5766
10.5771
10.5776
10.5782
10.5787
10.5792
10.5797
10.5802
10.5808
10.5813
10.5818
10.5823
10.5828
10.5834
10.5839
10.5844
10.5849
10.5855
10.586
10.5865
10.587
10.5876
10.5881
10.5886
10.5891
10.5897
10.5902
10.5907
10.5913
10.5918
10.5923
10.5929
10.5934
10.5939
10.5945
10.595
10.5955
10.5961
10.5966
10.5971
10.5977
10.5982
10.5988
10.5993
10.5999
10.6004
10.6009
10.6015
10.602
10.6026
10.6031
10.6037
10.6042
10.6048
10.6053
10.6059
10.6064
10.607
10.6076
10.6081
10.6087
10.6092
10.6098
10.6103
10.6109
10.6115
10.612
10.6126
10.6132
10.6137
10.6143
10.6149
10.6154
10.616
10.6166
10.6171
10.6177
10.6183
10.6189
10.6194
10.62
10.6206
10.6212
10.6218
10.6223
10.6229
10.6235
10.6241
10.6247
10.6252
10.6258
10.6264
10.627
10.6275
10.6281
10.6287
10.6292
10.6298
10.6304
10.6309
10.6315
10.632
10.6325
10.6331
10.6336
10.6342
10.6347
10.6353
10.6358
10.6363
10.6369
10.6374
10.638
10.6385
10.6391
10.6396
10.6401
10.6407
10.6412
10.6418
10.6423
10.6429
10.6434
10.644
10.6445
10.645
10.6456
10.6461
10.6467
10.6472
10.6477
10.6483
10.6488
10.6493
10.6499
10.6504
10.6509
10.6514
10.652
10.6525
10.653
10.6535
10.654
10.6546
10.6551
10.6556
10.6561
10.6566
10.6571
10.6576
10.6581
10.6586
10.6591
10.6595
10.66
10.6605
10.661
10.6615
10.6619
10.6624
10.6629
10.6634
10.6638
10.6643
10.6647
10.6652
10.6657
10.6661
10.6666
10.667
10.6675
10.6679
10.6684
10.6688
10.6692
10.6697
10.6701
10.6705
10.671
10.6714
10.6718
10.6722
10.6726
10.673
10.6734
10.6738
10.6742
10.6746
10.675
10.6754
10.6757
10.6761
10.6765
10.6768
10.6772
10.6775
10.6779
10.6782
10.6786
10.6789
10.6792
10.6796
10.6799
10.6802
10.6805
10.6809
10.6812
10.6815
10.6818
10.6821
10.6824
10.6827
10.683
10.6833
10.6836
10.6839
10.6841
10.6844
10.6847
10.685
10.6853
10.6855
10.6858
10.6861
10.6864
10.6866
10.6869
10.6871
10.6874
10.6877
10.6879
10.6882
10.6884
10.6887
10.6889
10.6892
10.6894
10.6897
10.6899
10.6902
10.6904
10.6907
10.6909
10.6911
10.6914
10.6916
10.6918
10.6921
10.6923
10.6925
10.6928
10.693
10.6932
10.6935
10.6937
10.6939
10.6941
10.6944
10.6946
10.6948
10.695
10.6953
10.6955
10.6957
10.6959
10.6961
10.6964
10.6966
10.6968
10.697
10.6972
10.6974
10.6976
10.6978
10.698
10.6983
10.6985
10.6987
10.6989
10.699
10.6992
10.6994
10.6996
10.6998
10.7
10.7002
10.7004
10.7005
10.7007
10.7009
10.7011
10.7012
10.7014
10.7016
10.7017
10.7019
10.702
10.7022
10.7023
10.7025
10.7026
10.7028
10.7029
10.703
10.7032
10.7033
10.7034
10.7036
10.7037
10.7038
10.7039
10.704
10.7041
10.7042
10.7044
10.7045
10.7046
10.7047
10.7048
10.7049
10.705
10.7051
10.7051
10.7052
10.7053
10.7054
10.7055
10.7056
10.7057
10.7058
10.7058
10.7059
10.706
10.7061
10.7062
10.7062
10.7063
10.7064
10.7065
10.7065
10.7066
10.7067
10.7068
10.7068
10.7069
10.707
10.7071
10.7071
10.7072
10.7073
10.7074
10.7074
10.7075
10.7076
10.7077
10.7077
10.7078
10.7079
10.7079
10.708
10.7081
10.7082
10.7082
10.7083
10.7084
10.7084
10.7085
10.7086
10.7087
10.7087
10.7088
10.7089
10.709
10.709
10.7091
10.7092
10.7092
10.7093
10.7094
10.7095
10.7095
10.7096
10.7097
10.7098
10.7098
10.7099
10.71
10.7101
10.7101
10.7102
10.7103
10.7104
10.7104
10.7105
10.7106
10.7107
10.7107
10.7108
10.7109
10.711
10.7111
10.7111
10.7112
10.7113
10.7114
10.7114
10.7115
10.7116
10.7117
10.7118
10.7118
10.7119
10.712
10.7121
10.7122
10.7122
10.7123
10.7124
10.7125
10.7126
10.7127
10.7127
10.7128
10.7129
10.713
10.7131
10.7132
10.7132
10.7133
10.7134
10.7135
10.7136
10.7137
10.7137
10.7138
10.7139
10.714
10.7141
10.7142
10.7142
10.7143
10.7144
10.7145
10.7146
10.7146
10.7147
10.7148
10.7149
10.715
10.715
10.7151
10.7152
10.7152
10.7153
10.7153
10.7153
10.7154
10.7154
10.7154
10.7155
10.7155
10.7155
10.7156
10.7156
10.7156
10.7156
10.7156
10.7157
10.7157
10.7157
10.7157
10.7157
10.7157
10.7157
10.7158
10.7158
10.7158
10.7158
10.7158
10.7158
10.7158
10.7158
10.7158
10.7157
10.7157
10.7157
10.7157
10.7157
10.7157
10.7156
10.7156
10.7156
10.7155
10.7155
10.7155
10.7154
10.7154
10.7154
10.7153
10.7153
10.7152
10.7152
10.7151
10.7151
10.715
10.7149
10.7149
10.7148
10.7147
10.7147
10.7146
10.7145
10.7144
10.7144
10.7143
10.7142
10.7141
10.714
10.7139
10.7139
10.7138
10.7137
10.7136
10.7135
10.7134
10.7133
10.7132
10.7131
10.7129
10.7128
10.7127
10.7126
10.7125
10.7124
10.7123
10.7121
10.712
10.7119
10.7118
10.7116
10.7115
10.7114
10.7112
10.7111
10.711
10.7108
10.7107
10.7106
10.7104
10.7103
10.7101
10.71
10.7099
10.7097
10.7096
10.7094
10.7093
10.7091
10.709
10.7088
10.7087
10.7085
10.7083
10.7082
10.708
10.7079
10.7077
10.7075
10.7074
10.7072
10.7071
10.7069
10.7067
10.7066
10.7064
10.7062
10.706
10.7059
10.7057
10.7055
10.7054
10.7052
10.705
10.7048
10.7047
10.7045
10.7043
10.7041
10.7039
10.7037
10.7036
10.7034
10.7032
10.703
10.7028
10.7026
10.7024
10.7023
10.7021
10.7019
10.7017
10.7015
10.7013
10.7011
10.7009
10.7007
10.7005
10.7003
10.7001
10.6999
10.6997
10.6995
10.6993
10.6991
10.6989
10.6986
10.6984
10.6982
10.698
10.6978
10.6976
10.6973
10.6971
10.6969
10.6967
10.6965
10.6962
10.696
10.6958
10.6955
10.6953
10.6951
10.6948
10.6946
10.6944
10.6941
10.6939
10.6936
10.6934
10.6931
10.6929
10.6926
10.6924
10.6921
10.6919
10.6916
10.6913
10.6911
10.6908
10.6905
10.6903
10.69
10.6897
10.6895
10.6892
10.6889
10.6886
10.6883
10.6881
10.6878
10.6875
10.6872
10.6869
10.6866
10.6863
10.686
10.6857
10.6854
10.6851
10.6848
10.6845
10.6842
10.6838
10.6835
10.6832
10.6829
10.6826
10.6822
10.6819
10.6816
10.6812
10.6809
10.6806
10.6802
10.6799
10.6796
10.6792
10.6789
10.6785
10.6782
10.6778
10.6775
10.6771
10.6768
10.6764
10.676
10.6757
10.6753
10.6749
10.6746
10.6742
10.6738
10.6734
10.6731
10.6727
10.6723
10.6719
10.6715
10.6711
10.6707
10.6703
10.6699
10.6695
10.6691
10.6687
10.6683
10.6679
10.6675
10.667
10.6666
10.6662
10.6658
10.6654
10.6649
10.6645
10.6641
10.6636
10.6632
10.6628
10.6623
10.6619
10.6615
10.661
10.6606
10.6601
10.6597
10.6592
10.6588
10.6583
10.6579
10.6574
10.657
10.6565
10.656
10.6556
10.6551
10.6547
10.6542
10.6537
10.6532
10.6528
10.6523
10.6518
10.6513
10.6509
10.6504
10.6499
10.6494
10.6489
10.6484
10.6479
10.6475
10.647
10.6465
10.646
10.6455
10.645
10.6444
10.6439
10.6434
10.6429
10.6424
10.6419
10.6413
10.6408
10.6403
10.6398
10.6392
10.6387
10.6381
10.6376
10.637
10.6365
10.6359
10.6354
10.6348
10.6343
10.6337
10.6331
10.6325
10.6319
10.6314
10.6308
10.6302
10.6296
10.629
10.6284
10.6277
10.6271
10.6265
10.6259
10.6252
10.6246
10.624
10.6233
10.6227
10.622
10.6214
10.6207
10.62
10.6194
10.6187
10.618
10.6173
10.6166
10.616
10.6153
10.6146
10.6139
10.6131
10.6124
10.6117
10.611
10.6103
10.6095
10.6088
10.6081
10.6073
10.6066
10.6058
10.605
10.6043
10.6035
10.6027
10.602
10.6012
10.6004
10.5996
10.5988
10.598
10.5972
10.5964
10.5956
10.5948
10.594
10.5931
10.5923
10.5915
10.5906
10.5898
10.589
10.5881
10.5873
10.5864
10.5855
10.5847
10.5838
10.583
10.5821
10.5812
10.5804
10.5795
10.5786
10.5777
10.5769
10.576
10.5751
10.5742
10.5733
10.5724
10.5716
10.5707
10.5698
10.5689
10.568
10.5671
10.5662
10.5653
10.5644
10.5636
10.5627
10.5618
10.5609
10.56
10.5591
10.5582
10.5573
10.5564
10.5555
10.5546
10.5537
10.5528
10.5519
10.551
10.5501
10.5492
10.5483
10.5474
10.5465
10.5456
10.5446
10.5437
10.5428
10.5419
10.541
10.5401
10.5392
10.5383
10.5374
10.5364
10.5355
10.5346
10.5337
10.5328
10.5318
10.5309
10.53
10.5291
10.5282
10.5272
10.5263
10.5254
10.5244
10.5235
10.5226
10.5216
10.5207
10.5198
10.5188
10.5179
10.517
10.516
10.5151
10.5141
10.5132
10.5123
10.5113
10.5104
10.5094
10.5085
10.5075
10.5066
10.5056
10.5047
10.5037
10.5027
10.5018
10.5008
10.4999
10.4989
10.4979
10.497
10.496
10.495
10.4941
10.4931
10.4921
10.4911
10.4901
10.4892
10.4882
10.4872
10.4862
10.4851
10.4841
10.4831
10.4821
10.4811
10.48
10.479
10.478
10.4769
10.4759
10.4748
10.4738
10.4727
10.4717
10.4706
10.4696
10.4685
10.4674
10.4664
10.4653
10.4642
10.4631
10.4621
10.461
10.4599
10.4588
10.4577
10.4566
10.4556
10.4545
10.4534
10.4523
10.4512
10.4501
10.449
10.4479
10.4468
10.4457
10.4446
10.4435
10.4424
10.4413
10.4402
10.4391
10.438
10.4369
10.4357
10.4346
10.4335
10.4324
10.4312
10.4301
10.429
10.4278
10.4267
10.4255
10.4244
10.4232
10.4221
10.4209
10.4197
10.4186
10.4174
10.4162
10.4151
10.4139
10.4127
10.4115
10.4103
10.4091
10.4079
10.4067
10.4055
10.4043
10.4031
10.4019
10.4007
10.3995
10.3982
10.397
10.3958
10.3946
10.3933
10.3921
10.3908
10.3896
10.3883
10.3871
10.3858
10.3845
10.3833
10.382
10.3807
10.3794
10.3782
10.3769
10.3756
10.3743
10.373
10.3717
10.3704
10.3691
10.3677
10.3664
10.3651
10.3638
10.3624
10.3611
10.3598
10.3584
10.3571
10.3557
10.3544
10.353
10.3516
10.3503
10.3489
10.3475
10.3461
10.3447
10.3433
10.3419
10.3405
10.3391
10.3377
10.3362
10.3348
10.3333
10.3319
10.3304
10.329
10.3275
10.326
10.3245
10.323
10.3216
10.3201
10.3186
10.3171
10.3156
10.3141
10.3126
10.3111
10.3096
10.3081
10.3066
10.305
10.3035
10.302
10.3005
10.299
10.2974
10.2959
10.2944
10.2928
10.2913
10.2898
10.2882
10.2867
10.2851
10.2836
10.282
10.2804
10.2789
10.2773
10.2757
10.2742
10.2726
10.271
10.2694
10.2678
10.2662
10.2647
10.2631
10.2615
10.2599
10.2582
10.2566
10.255
10.2534
10.2518
10.2502
10.2485
10.2469
10.2453
10.2436
10.242
10.2404
10.2387
10.2371
10.2354
10.2338
10.2321
10.2304
10.2288
10.2271
10.2254
10.2237
10.222
10.2204
10.2187
10.217
10.2153
10.2136
10.2119
10.2101
10.2084
10.2067
10.205
10.2032
10.2015
10.1997
10.198
10.1962
10.1944
10.1927
10.1909
10.1891
10.1873
10.1855
10.1837
10.1819
10.1801
10.1783
10.1765
10.1746
10.1728
10.171
10.1691
10.1673
10.1654
10.1635
10.1617
10.1598
10.1579
10.156
10.1542
10.1523
10.1504
10.1485
10.1466
10.1446
10.1427
10.1408
10.1389
10.1369
10.135
10.133
10.1311
10.1291
10.1271
10.1252
10.1232
10.1212
10.1192
10.1172
10.1153
10.1133
10.1112
10.1092
10.1072
10.1052
10.1032
10.1012
10.0991
10.0971
10.095
10.093
10.091
10.0889
10.0868
10.0848
10.0827
10.0806
10.0785
10.0765
10.0744
10.0723
10.0702
10.0681
10.0659
10.0638
10.0617
10.0596
10.0574
10.0553
10.0532
10.051
10.0489
10.0467
10.0445
10.0424
10.0402
10.038
10.0359
10.0337
10.0315
10.0293
10.0271
10.0249
10.0227
10.0205
10.0183
10.016
10.0138
10.0116
10.0093
10.0071
10.0049
10.0026
10.0004
9.99813
9.99587
9.99361
9.99135
9.98908
9.98681
9.98453
9.98225
9.97997
9.97768
9.97539
9.97309
9.97079
9.96848
9.96617
9.96386
9.96154
9.95921
9.95688
9.95455
9.95221
9.94986
9.94751
9.94515
9.9428
9.94043
9.93806
9.93569
9.93331
9.93093
9.92855
9.92616
9.92377
9.92137
9.91897
9.91657
9.91416
9.91175
9.90933
9.90692
9.90449
9.90207
9.89964
9.89721
9.89478
9.89234
9.8899
9.88745
9.88501
9.88255
9.8801
9.87764
9.87518
9.87272
9.87025
9.86778
9.86531
9.86283
9.86035
9.85787
9.85538
9.85289
9.8504
9.84791
9.84541
9.84291
9.84041
9.8379
9.83539
9.83288
9.83037
9.82785
9.82533
9.82281
9.82028
9.81775
