distance
0
-1.08216e-07
-4.10136e-07
-7.64601e-07
-1.28871e-06
-1.94394e-06
-2.80363e-06
-3.82713e-06
-5.08728e-06
-6.54542e-06
-8.27056e-06
-1.02259e-05
-1.24749e-05
-1.49834e-05
-1.78089e-05
-2.09308e-05
-2.44041e-05
-2.82071e-05
-3.23847e-05
-3.69201e-05
-4.18495e-05
-4.71271e-05
-5.28469e-05
-5.90395e-05
-6.57704e-05
-7.3045e-05
-8.09133e-05
-8.93567e-05
-9.84367e-05
-0.00010817
-0.000118595
-0.000129704
-0.000141542
-0.000154074
-0.000167181
-0.000180734
-0.000194479
-0.000208614
-0.000222997
-0.000237387
-0.000252087
-0.000266893
-0.000281595
-0.000296363
-0.000311129
-0.000325741
-0.000340472
-0.000355118
-0.00036954
-0.000384003
-0.000398338
-0.000412405
-0.000426055
-0.000439616
-0.000452971
-0.000465859
-0.000478218
-0.000490363
-0.000502171
-0.000513447
-0.000524216
-0.000534823
-0.000545
-0.000554566
-0.000563394
-0.000571844
-0.000579715
-0.000586992
-0.000593366
-0.000598662
-0.000603116
-0.0006065
-0.000609176
-0.000610993
-0.000611712
-0.000611595
-0.000610368
-0.000608137
-0.000604571
-0.000599439
-0.000593132
-0.00058552
-0.000576346
-0.00056542
-0.000552521
-0.000538155
-0.000522148
-0.000504281
-0.000484349
-0.000462137
-0.000438141
-0.000412198
-0.000384089
-0.000353538
-0.000320377
-0.000285149
-0.000247619
-0.00020755
-0.000164675
-0.00011881
-7.00479e-05
-1.81361e-05
3.68299e-05
9.5036e-05
0.000156621
0.000221615
0.000290103
0.00036202
0.000437556
0.000516801
0.000599715
0.000686471
0.00077712
0.000871525
0.000969812
0.00107121
0.00117591
0.00128408
0.00139585
0.00151049
0.0016282
0.00174905
0.00187254
0.00199877
0.00212733
0.00225832
0.00239173
0.00252724
0.00266485
0.00280283
0.00294217
0.00308328
0.00322598
0.00336978
0.00351488
0.00366133
0.00380892
0.00395778
0.0041082
0.00425995
0.00441328
0.00456838
0.00472527
0.00488416
0.00504534
0.00520881
0.00537494
0.00554386
0.00571544
0.00588968
0.00606662
0.00624613
0.00642801
0.00661227
0.00679898
0.00698809
0.0071795
0.0073733
0.00756963
0.00776848
0.0079698
0.00817368
0.00838027
0.00858957
0.00880152
0.00901623
0.00923382
0.00945431
0.00967769
0.00990403
0.0101334
0.0103659
0.0106015
0.0108401
0.0110821
0.0113274
0.0115759
0.0118277
0.012083
0.0123417
0.0126039
0.0128697
0.0131391
0.013412
0.0136886
0.0139689
0.0142529
0.0145406
0.0148322
0.0151275
0.0154268
0.0157299
0.016037
0.016348
0.0166632
0.0169823
0.0173056
0.017633
0.0179645
0.0183002
0.0186399
0.0189838
0.0193318
0.019684
0.0200404
0.0204008
0.0207654
0.0211342
0.021507
0.021884
0.0222653
0.0226508
0.0230407
0.0234349
0.0238335
0.0242365
0.0246439
0.025056
0.0254727
0.025894
0.0263202
0.0267511
0.0271868
0.0276274
0.0280728
0.0285231
0.0289783
0.0294386
0.0299037
0.0303737
0.0308487
0.0313287
0.0318136
0.0323033
0.032798
0.0332975
0.0338019
0.0343111
0.034825
0.0353438
0.0358672
0.0363954
0.0369282
0.0374656
0.0380075
0.038554
0.039105
0.0396604
0.04022
0.040784
0.0413523
0.0419247
0.0425011
0.0430815
0.0436659
0.0442542
0.0448462
0.0454419
0.0460412
0.0466441
0.0472504
0.04786
0.048473
0.0490891
0.0497083
0.0503304
0.0509555
0.0515834
0.052214
0.0528473
0.0534829
0.054121
0.0547613
0.0554038
0.0560484
0.0566949
0.0573432
0.0579932
0.0586448
0.0592979
0.0599523
0.060608
0.0612648
0.0619228
0.0625818
0.0632419
0.0639029
0.0645647
0.0652274
0.065891
0.0665552
0.0672202
0.0678858
0.0685521
0.069219
0.0698865
0.0705545
0.0712231
0.0718922
0.0725617
0.0732318
0.0739024
0.0745734
0.0752448
0.0759167
0.0765891
0.0772618
0.077935
0.0786086
0.0792808
0.07995
0.0806152
0.0812761
0.0819326
0.0825851
0.0832343
0.0838805
0.0845245
0.0851666
0.0858073
0.0864473
0.0870869
0.0877264
0.0883663
0.0890067
0.0896479
0.09029
0.0909332
0.0915775
0.0922229
0.0928694
0.093517
0.0941656
0.0948154
0.0954663
0.0961184
0.0967715
0.0974257
0.098081
0.0987374
0.099395
0.100054
0.100713
0.101374
0.102036
0.102699
0.103363
0.104028
0.104695
0.105362
0.10603
0.1067
0.10737
0.108042
0.108715
0.109389
0.110064
0.11074
0.111417
0.112095
0.112774
0.113455
0.114136
0.114819
0.115503
0.116188
0.116874
0.117561
0.118249
0.118938
0.119629
0.120321
0.121013
0.121707
0.122403
0.123099
0.123796
0.124495
0.125195
0.125896
0.126598
0.127302
0.128007
0.128713
0.12942
0.130128
0.130838
0.131547
0.132257
0.132968
0.133681
0.134394
0.135109
0.135825
0.136543
0.137261
0.137981
0.138701
0.139423
0.140146
0.140871
0.141596
0.142323
0.143051
0.14378
0.14451
0.145242
0.145975
0.14671
0.147445
0.148183
0.148921
0.149661
0.150402
0.151145
0.151889
0.152634
0.153381
0.154129
0.154879
0.155629
0.156381
0.157134
0.157889
0.158645
0.159402
0.160161
0.160921
0.161683
0.162447
0.163211
0.163978
0.164744
0.165509
0.166276
0.167044
0.167814
0.168585
0.169357
0.17013
0.170905
0.171682
0.17246
0.17324
0.17402
0.174803
0.175587
0.176371
0.177158
0.177945
0.178733
0.179522
0.180311
0.181102
0.181893
0.182685
0.183478
0.184271
0.185064
0.185857
0.186651
0.187445
0.188239
0.189033
0.189827
0.190621
0.191414
0.192208
0.193001
0.193794
0.194586
0.195378
0.19617
0.196961
0.197752
0.198542
0.199331
0.20012
0.200908
0.201695
0.202482
0.203268
0.204054
0.204838
0.205622
0.206406
0.207188
0.20797
0.208751
0.209531
0.210311
0.21109
0.211869
0.212647
0.213424
0.214201
0.214977
0.215752
0.216527
0.217302
0.218076
0.21885
0.219624
0.220397
0.22117
0.221942
0.222715
0.223487
0.224259
0.22503
0.225802
0.226573
0.227345
0.228116
0.228888
0.229659
0.230431
0.231202
0.231974
0.232746
0.233518
0.23429
0.235063
0.235836
0.23661
0.237384
0.238158
0.238933
0.239709
0.240485
0.241262
0.242039
0.242818
0.243597
0.244377
0.245157
0.245939
0.246722
0.247506
0.248291
0.249077
0.249864
0.250652
0.251442
0.252233
0.253025
0.253819
0.254614
0.255411
0.256209
0.257008
0.257809
0.258612
0.259416
0.260222
0.26103
0.26184
0.262651
0.263464
0.264279
0.265097
0.265916
0.266737
0.26756
0.268386
0.269213
0.270043
0.270875
0.27171
0.272546
0.273386
0.274227
0.275071
0.275918
0.276767
0.277618
0.278472
0.279329
0.280188
0.28105
0.281915
0.282782
0.283652
0.284525
0.2854
0.286279
0.28716
0.288044
0.288931
0.28982
0.290713
0.291608
0.292507
0.293408
0.294313
0.29522
0.29613
0.297044
0.29796
0.298879
0.299802
0.300727
0.301656
0.302587
0.303522
0.30446
0.305401
0.306345
0.307291
0.308242
0.309195
0.310151
0.31111
0.312073
0.313038
0.314007
0.314979
0.315954
0.316932
0.317913
0.318898
0.319885
0.320876
0.32187
0.322867
0.323867
0.32487
0.325877
0.326887
0.327899
0.328915
0.329935
0.330957
0.331982
0.333011
0.334043
0.335077
0.336115
0.337156
0.338201
0.339248
0.340298
0.341351
0.342408
0.343467
0.344529
0.345595
0.346663
0.347734
0.348808
0.349885
0.350965
0.352047
0.353133
0.354221
0.355311
0.356404
0.3575
0.358599
0.3597
0.360803
0.361909
0.363017
0.364128
0.36524
0.366355
0.367472
0.368591
0.369712
0.370835
0.37196
0.373086
0.374215
0.375345
0.376476
0.377609
0.378743
0.379879
0.381016
0.382154
0.383293
0.384434
0.385576
0.386718
0.387862
0.389006
0.390152
0.391298
0.392445
0.393593
0.394742
0.395891
0.397041
0.398191
0.399342
0.400493
0.401645
0.402798
0.403951
0.405104
0.406256
0.407408
0.408561
0.409714
0.410863
0.412007
0.413145
0.414277
0.415403
0.416526
0.417646
0.418764
0.419881
0.420997
0.422114
0.42323
0.424347
0.425464
0.426582
0.427701
0.42882
0.429939
0.43106
0.432181
0.433302
0.434425
0.435548
0.436672
0.437796
0.438921
0.440047
0.441173
0.4423
0.443427
0.444555
0.445684
0.446814
0.447944
0.449075
0.450207
0.45134
0.452474
0.453609
0.454744
0.455879
0.457016
0.458153
0.459291
0.460429
0.461568
0.462708
0.463848
0.464989
0.46613
0.467272
0.468415
0.469558
0.470702
0.471847
0.472993
0.47414
0.475288
0.476435
0.477584
0.478734
0.479885
0.481036
0.482188
0.483341
0.484495
0.48565
0.486802
0.487952
0.489097
0.490239
0.491378
0.492515
0.493651
0.494786
0.495921
0.497057
0.498193
0.49933
0.500468
0.501607
0.502747
0.503889
0.505032
0.506176
0.507322
0.508468
0.509617
0.510766
0.511917
0.513069
0.514223
0.515379
0.516535
0.517694
0.518853
0.520014
0.521177
0.522341
0.523506
0.524673
0.525841
0.527011
0.528181
0.529354
0.530527
0.531702
0.532878
0.534055
0.535233
0.536413
0.537593
0.538775
0.539959
0.541143
0.542328
0.543515
0.544703
0.545892
0.547082
0.548273
0.549466
0.55066
0.551854
0.553051
0.554248
0.555446
0.556646
0.557846
0.559048
0.560251
0.561456
0.562661
0.563868
0.565076
0.566285
0.567495
0.568706
0.569919
0.571132
0.572347
0.573563
0.574781
0.575999
0.577219
0.57844
0.579662
0.580885
0.58211
0.583336
0.584563
0.585791
0.587021
0.588252
0.589484
0.590718
0.591951
0.593183
0.594413
0.595641
0.596868
0.598092
0.599314
0.600534
0.601753
0.602969
0.604184
0.605398
0.606611
0.607824
0.609037
0.610246
0.611452
0.612655
0.613855
0.61505
0.616242
0.617429
0.618613
0.619795
0.620975
0.622154
0.623333
0.624511
0.625689
0.626867
0.628045
0.629225
0.630404
0.631585
0.632766
0.633948
0.635131
0.636314
0.637497
0.638681
0.639864
0.641048
0.642231
0.643415
0.644597
0.645779
0.646961
0.648141
0.649321
0.650499
0.651675
0.652849
0.654021
0.655191
0.656358
0.657522
0.658683
0.659841
0.660996
0.662147
0.663294
0.664438
0.665579
0.666716
0.667849
0.668979
0.670106
0.671229
0.672349
0.673466
0.67458
0.67569
0.676798
0.677903
0.679005
0.680104
0.6812
0.682294
0.683386
0.684475
0.685562
0.686647
0.687729
0.688809
0.689888
0.690964
0.692038
0.69311
0.694181
0.69525
0.696316
0.697381
0.698445
0.699506
0.700566
0.701624
0.70268
0.703734
0.704787
0.705838
0.706888
0.707935
0.708982
0.710026
0.711069
0.71211
0.713149
0.714187
0.715224
0.716258
0.717292
0.718323
0.719353
0.720382
0.72141
0.722435
0.72346
0.724483
0.725505
0.726525
0.727544
0.728562
0.729578
0.730593
0.731607
0.73262
0.733631
0.734641
0.73565
0.736658
0.737664
0.738669
0.739674
0.740676
0.741678
0.742679
0.743678
0.744676
0.745674
0.74667
0.747665
0.748658
0.749651
0.750642
0.751633
0.752622
0.75361
0.754598
0.755584
0.756568
0.757552
0.758535
0.759517
0.760497
0.761477
0.762455
0.763432
0.764408
0.765383
0.766357
0.76733
0.768301
0.769272
0.770241
0.771209
0.772176
0.773141
0.774105
0.775068
0.77603
0.776991
0.77795
0.778908
0.779864
0.780819
0.781774
0.782726
0.783678
0.784628
0.785577
0.786525
0.787472
0.788417
0.789362
0.790305
0.791247
0.792187
0.793127
0.794066
0.795003
0.79594
0.796875
0.79781
0.798743
0.799676
0.800607
0.801538
0.802467
0.803396
0.804324
0.805251
0.806177
0.807102
0.808026
0.80895
0.809873
0.810795
0.811716
0.812637
0.813557
0.814476
0.815395
0.816313
0.81723
0.818147
0.819063
0.819979
0.820894
0.821808
0.822722
0.823636
0.824549
0.825462
0.826375
0.827287
0.828198
0.82911
0.830021
0.830932
0.831843
0.832753
0.833663
0.834573
0.835483
0.836393
0.837302
0.838212
0.839121
0.84003
0.84094
0.841849
0.842758
0.843667
0.844576
0.845486
0.846395
0.847304
0.848214
0.849123
0.850033
0.850943
0.851853
0.852763
0.853673
0.854584
0.855494
0.856405
0.857316
0.858228
0.859139
0.860051
0.860963
0.861876
0.862788
0.863702
0.864615
0.865529
0.866443
0.867357
0.868272
0.869187
0.870103
0.871019
0.871935
0.872852
0.873769
0.874687
0.875605
0.876523
0.877442
0.878362
0.879282
0.880202
0.881122
0.882044
0.882965
0.883887
0.88481
0.885733
0.886656
0.88758
0.888505
0.88943
0.890355
0.89128
0.892205
0.89313
0.894054
0.894978
0.895901
0.896824
0.897746
0.898667
0.899588
0.900508
0.901428
0.902348
0.903268
0.904187
0.905107
0.906026
0.906946
0.907865
0.908786
0.909706
0.910627
0.911548
0.91247
0.913393
0.914316
0.915239
0.916164
0.917089
0.918015
0.918941
0.919869
0.920797
0.921726
0.922656
0.923587
0.924519
0.925452
0.926385
0.92732
0.928255
0.929192
0.93013
0.931068
0.932008
0.932949
0.93389
0.934833
0.935777
0.936722
0.937668
0.938615
0.939563
0.940512
0.941463
0.942414
0.943367
0.944321
0.945276
0.946232
0.947189
0.948147
0.949107
0.950067
0.951029
0.951992
0.952956
0.953921
0.954887
0.955854
0.956822
0.957791
0.958762
0.959733
0.960705
0.961679
0.962653
0.963628
0.964605
0.965582
0.966561
0.96754
0.96852
0.969501
0.970484
0.971467
0.972451
0.973436
0.974422
0.975408
0.976396
0.977384
0.978374
0.979364
0.980355
0.981347
0.98234
0.983333
0.984328
0.985323
0.986319
0.987316
0.988314
0.989313
0.990312
0.991312
0.992313
0.993315
0.994318
0.995319
0.996316
0.997306
0.99829
0.999269
1.00024
1.00122
1.00219
1.00316
1.00414
1.00511
1.00608
1.00706
1.00803
1.00901
1.00999
1.01097
1.01195
1.01293
1.01391
1.01489
1.01588
1.01686
1.01784
1.01883
1.01982
1.0208
1.02179
1.02278
1.02377
1.02476
1.02575
1.02674
1.02773
1.02873
1.02972
1.03072
1.03171
1.03271
1.0337
1.0347
1.0357
1.0367
1.0377
1.0387
1.0397
1.0407
1.0417
1.04271
1.04371
1.04471
1.04572
1.04672
1.04773
1.04873
1.04974
1.05075
1.05176
1.05277
1.05378
1.05479
1.0558
1.05681
1.05783
1.05884
1.05985
1.06087
1.06189
1.0629
1.06392
1.06494
1.06596
1.06698
1.068
1.06903
1.07005
1.07108
1.0721
1.07313
1.07416
1.07518
1.07621
1.07725
1.07828
1.07931
1.08034
1.08138
1.08242
1.08345
1.08449
1.08553
1.08657
1.08761
1.08866
1.0897
1.09075
1.0918
1.09284
1.09389
1.09494
1.096
1.09705
1.09811
1.09916
1.10022
1.10128
1.10234
1.1034
1.10446
1.10553
1.10659
1.10766
1.10873
1.1098
1.11087
1.11194
1.11302
1.11409
1.11517
1.11625
1.11733
1.11841
1.11949
1.12057
1.12166
1.12275
1.12383
1.12492
1.12602
1.12711
1.1282
1.1293
1.1304
1.13149
1.13259
1.1337
1.1348
1.1359
1.13701
1.13812
1.13922
1.14033
1.14145
1.14256
1.14367
1.14479
1.14591
1.14703
1.14815
1.14927
1.15039
1.15152
1.15264
1.15377
1.1549
1.15603
1.15716
1.1583
1.15943
1.16057
1.16171
1.16285
1.16399
1.16513
1.16628
1.16742
1.16857
1.16972
1.17087
1.17202
1.17318
1.17433
1.17549
1.17665
1.17781
1.17897
1.18013
1.18129
1.18246
1.18363
1.18479
1.18596
1.18714
1.18831
1.18948
1.19066
1.19184
1.19302
1.1942
1.19538
1.19656
1.19775
1.19893
1.20012
1.20131
1.2025
1.20369
1.20488
1.20608
1.20727
1.20847
1.20967
1.21087
1.21207
1.21327
1.21448
1.21568
1.21689
1.2181
1.21931
1.22052
1.22173
1.22295
1.22416
1.22538
1.2266
1.22782
1.22904
1.23026
1.23148
1.23271
1.23393
1.23516
1.23639
1.23762
1.23885
1.24009
1.24132
1.24256
1.24379
1.24503
1.24627
1.24751
1.24875
1.24999
1.25122
1.25246
1.2537
1.25494
1.25618
1.25741
1.25865
1.25989
1.26112
1.26236
1.2636
1.26483
1.26607
1.26731
1.26854
1.26978
1.27102
1.27225
1.27349
1.27473
1.27596
1.2772
1.27843
1.27966
1.2809
1.28213
1.28336
1.28459
1.28582
1.28705
1.28829
1.28952
1.29075
1.29198
1.29321
1.29443
1.29566
1.29689
1.29812
1.29935
1.30057
1.3018
1.30302
1.30425
1.30547
1.30669
1.30791
1.30913
1.31035
1.31157
1.31279
1.314
1.31521
1.31642
1.31763
1.31884
1.32005
1.32125
1.32246
1.32366
1.32486
1.32605
1.32725
1.32844
1.32963
1.33082
1.33201
1.33319
1.33438
1.33556
1.33674
1.33791
1.33909
1.34026
1.34143
1.3426
1.34376
1.34493
1.34609
1.34725
1.34841
1.34957
1.35072
1.35188
1.35303
1.35418
1.35533
1.35647
1.35762
1.35876
1.35991
1.36105
1.36219
1.36332
1.36446
1.3656
1.36673
1.36786
1.36899
1.37012
1.37125
1.37238
1.37351
1.37463
1.37575
1.37688
1.378
1.37912
1.38023
1.38135
1.38247
1.38358
1.38469
1.3858
1.38691
1.38802
1.38912
1.39022
1.39132
1.39242
1.39352
1.39462
1.39571
1.39681
1.3979
1.39899
1.40008
1.40116
1.40225
1.40333
1.40442
1.4055
1.40658
1.40766
1.40874
1.40981
1.41089
1.41196
1.41304
1.41411
1.41519
1.41626
1.41733
1.4184
1.41947
1.42054
1.42162
1.42269
1.42375
1.42482
1.42589
1.42696
1.42803
1.4291
1.43017
1.43124
1.43231
1.43338
1.43445
1.43552
1.43659
1.43766
1.43873
1.4398
1.44087
1.44194
1.44301
1.44408
1.44515
1.44622
1.4473
1.44837
1.44944
1.45052
1.45159
1.45267
1.45374
1.45482
1.45589
1.45697
1.45805
1.45912
1.4602
1.46128
1.46236
1.46344
1.46452
1.4656
1.46668
1.46776
1.46884
1.46993
1.47101
1.4721
1.47318
1.47427
1.47535
1.47644
1.47753
1.47861
1.4797
1.48079
1.48188
1.48297
1.48407
1.48516
1.48625
1.48734
1.48844
1.48953
1.49063
1.49173
1.49282
1.49392
1.49502
1.49612
1.49722
1.49832
1.49942
1.50053
1.50163
1.50273
1.50384
1.50494
1.50605
1.50716
1.50827
1.50938
1.51048
1.5116
1.51271
1.51382
1.51493
1.51604
1.51716
1.51827
1.51939
1.5205
1.52162
1.52274
1.52386
1.52498
1.5261
1.52722
1.52834
1.52946
1.53058
1.53171
1.53283
1.53395
1.53508
1.53621
1.53733
1.53846
1.53959
1.54072
1.54185
1.54298
1.54411
1.54524
1.54637
1.54751
1.54864
1.54977
1.55091
1.55204
1.55318
1.55432
1.55546
1.5566
1.55774
1.55888
1.56002
1.56116
1.5623
1.56345
1.56459
1.56574
1.56688
1.56803
1.56918
1.57033
1.57148
1.57263
1.57378
1.57493
1.57609
1.57724
1.5784
1.57955
1.58071
1.58187
1.58303
1.58419
1.58535
1.58652
1.58768
1.58885
1.59001
1.59118
1.59235
1.59352
1.59469
1.59586
1.59703
1.59821
1.59938
1.60056
1.60174
1.60292
1.6041
1.60528
1.60646
1.60765
1.60883
1.61002
1.61121
1.6124
1.61359
1.61478
1.61598
1.61717
1.61837
1.61957
1.62077
1.62197
1.62317
1.62437
1.62558
1.62679
1.62799
1.62921
1.63042
1.63163
1.63284
1.63406
1.63528
1.6365
1.63772
1.63894
1.64017
1.64139
1.64262
1.64385
1.64508
1.64631
1.64754
1.64878
1.65002
1.65126
1.6525
1.65374
1.65498
1.65623
1.65747
1.65872
1.65997
1.66122
1.66248
1.66373
1.66499
1.66624
1.6675
1.66876
1.67003
1.67129
1.67256
1.67382
1.67509
1.67636
1.67763
1.67891
1.68018
1.68146
1.68274
1.68401
1.68528
1.68655
1.68781
1.68907
1.69032
1.69157
1.69282
1.69407
1.69533
1.69658
1.69784
1.69909
1.70035
1.70162
1.70288
1.70414
1.70541
1.70668
1.70795
1.70922
1.71049
1.71177
1.71304
1.71432
1.7156
1.71688
1.71817
1.71945
1.72074
1.72202
1.72331
1.7246
1.72589
1.72719
1.72848
1.72978
1.73108
1.73238
1.73368
1.73498
1.73628
1.73759
1.73889
1.7402
1.74151
1.74282
1.74413
1.74545
1.74676
1.74808
1.7494
1.75072
1.75204
1.75336
1.75468
1.75601
1.75734
1.75867
1.75999
1.76132
1.76266
1.76399
1.76532
1.76666
1.76799
1.76933
1.77067
1.77201
1.77335
1.7747
1.77605
1.77739
1.77874
1.7801
1.78145
1.78281
1.78417
1.78553
1.78689
1.78825
1.78962
1.79098
1.79235
1.79372
1.79508
1.79645
1.79782
1.79918
1.80055
1.80192
1.80329
1.80466
1.80603
1.80741
1.80878
1.81016
1.81153
1.81291
1.81429
1.81567
1.81705
1.81844
1.81982
1.82121
1.8226
1.82398
1.82537
1.82676
1.82816
1.82955
1.83094
1.83234
1.83373
1.83513
1.83653
1.83792
1.83932
1.84072
1.84212
1.84352
1.84492
1.84632
1.84772
1.84912
1.85052
1.85192
1.85332
1.85472
1.85611
1.85751
1.8589
1.8603
1.86169
1.86308
1.86447
1.86586
1.86725
1.86863
1.87002
1.8714
1.87278
1.87417
1.87555
1.87693
1.8783
1.87968
1.88106
1.88243
1.8838
1.88517
1.88655
1.88792
1.88928
1.89065
1.89202
1.89338
1.89475
1.89611
1.89747
1.89883
1.90019
1.90155
1.90291
1.90426
1.90562
1.90697
1.90833
1.90968
1.91103
1.91237
1.91372
1.91507
1.91641
1.91775
1.91909
1.92043
1.92177
1.9231
1.92444
1.92577
1.9271
1.92843
1.92976
1.93109
1.93241
1.93373
1.93505
1.93637
1.93769
1.93901
1.94032
1.94164
1.94295
1.94426
1.94557
1.94687
1.94818
1.94948
1.95079
1.95209
1.95339
1.95469
1.95598
1.95728
1.95857
1.95986
1.96115
1.96244
1.96373
1.96502
1.96631
1.96759
1.96887
1.97015
1.97143
1.97271
1.97399
1.97527
1.97654
1.97781
1.97909
1.98036
1.98163
1.9829
1.98416
1.98543
1.98669
1.98796
1.98922
1.99048
1.99174
1.993
1.99426
1.99552
1.99677
1.99803
1.99928
2.00054
2.00179
2.00304
2.00429
2.00554
2.00679
2.00804
2.00929
2.01054
2.01178
2.01303
2.01428
2.01552
2.01677
2.01801
2.01926
2.0205
2.02175
2.02299
2.02424
2.02548
2.02673
2.02797
2.02921
2.03046
2.0317
2.03295
2.03419
2.03544
2.03668
2.03792
2.03917
2.04041
2.04166
2.04291
2.04415
2.0454
2.04664
2.04789
2.04914
2.05039
2.05163
2.05288
2.05413
2.05538
2.05663
2.05788
2.05913
2.06038
2.06163
2.06288
2.06414
2.06539
2.06664
2.0679
2.06915
2.07041
2.07166
2.07292
2.07418
2.07543
2.07669
2.07795
2.07921
2.08047
2.08173
2.08299
2.08425
2.08552
2.08678
2.08804
2.0893
2.09056
2.09182
2.09309
2.09435
2.09561
2.09687
2.09813
2.09939
2.10065
2.10191
2.10318
2.10444
2.1057
2.10696
2.10822
2.10949
2.11075
2.11202
2.11328
2.11455
2.11581
2.11708
2.11834
2.11961
2.12088
2.12215
2.12342
2.12469
2.12596
2.12724
2.12851
2.12978
2.13106
2.13233
2.13361
2.13489
2.13617
2.13744
2.13872
2.14
2.14129
2.14257
2.14385
2.14514
2.14642
2.14771
2.149
2.15028
2.15157
2.15286
2.15416
2.15545
2.15674
2.15804
2.15933
2.16063
2.16192
2.16322
2.16452
2.16582
2.16712
2.16843
2.16973
2.17104
2.17234
2.17365
2.17496
2.17627
2.17758
2.17889
2.1802
2.18151
2.18283
2.18415
2.18546
2.18678
2.1881
2.18942
2.19074
2.19207
2.19339
2.19472
2.19605
2.19737
2.1987
2.20004
2.20137
2.2027
2.20404
2.20537
2.20671
2.20805
2.20939
2.21073
2.21208
2.21342
2.21477
2.21612
2.21747
2.21882
2.22017
2.22152
2.22288
2.22423
2.22559
2.22695
2.22831
2.22968
2.23104
2.23241
2.23377
2.23514
2.23651
2.23788
2.23926
2.24063
2.24201
2.24338
2.24476
2.24614
2.24752
2.24891
2.25029
2.25168
2.25307
2.25446
2.25585
2.25724
2.25863
2.26003
2.26143
2.26283
2.26423
2.26563
2.26703
2.26843
2.26984
2.27125
2.27265
2.27406
2.27547
2.27687
2.27827
2.27966
2.28105
2.28244
2.28382
2.28521
2.28659
2.28798
2.28936
2.29075
2.29214
2.29353
2.29493
2.29632
2.29772
2.29912
2.30052
2.30192
2.30333
2.30473
2.30614
2.30755
2.30896
2.31037
2.31179
2.3132
2.31462
2.31604
2.31746
2.31888
2.3203
2.32172
2.32315
2.32458
2.32601
2.32744
2.32887
2.3303
2.33173
2.33317
2.33461
2.33605
2.33749
2.33893
2.34037
2.34182
2.34326
2.34471
2.34616
2.34761
2.34906
2.35052
2.35197
2.35343
2.35489
2.35635
2.35781
2.35927
2.36074
2.3622
2.36367
2.36514
2.36661
2.36809
2.36956
2.37104
2.37252
2.374
2.37548
2.37697
2.37846
2.37994
2.38143
2.38293
2.38442
2.38592
2.38741
2.38891
2.39041
2.39192
2.39342
2.39493
2.39644
2.39795
2.39946
2.40098
2.40249
2.40401
2.40552
2.40704
2.40856
2.41008
2.4116
2.41312
2.41464
2.41616
2.41768
2.4192
2.42072
2.42225
2.42377
2.4253
2.42683
2.42836
2.42989
2.43142
2.43295
2.43448
2.43601
2.43754
2.43907
2.44059
2.44212
2.44364
2.44516
2.44668
2.4482
2.44972
2.45124
2.45276
2.45428
2.45579
2.45731
2.45883
2.46035
2.46187
2.46339
2.46491
2.46643
2.46795
2.46947
2.47099
2.47251
2.47403
2.47555
2.47707
2.47859
2.48011
2.48163
2.48315
2.48467
2.48619
2.48771
2.48922
2.49074
2.49225
2.49376
2.49527
2.49678
2.49828
2.49978
2.50128
2.50278
2.50427
2.50576
2.50725
2.50874
2.51022
2.5117
2.51318
2.51466
2.51613
2.5176
2.51906
2.52053
2.52199
2.52345
2.52491
2.52636
2.52781
2.52926
2.53071
2.53216
2.5336
2.53504
2.53649
2.53792
2.53936
2.5408
2.54223
2.54366
2.5451
2.54653
2.54795
2.54938
2.55081
2.55223
2.55365
2.55507
2.55649
2.55791
2.55933
2.56074
2.56216
2.56357
2.56498
2.56639
2.5678
2.5692
2.57061
2.57201
2.57341
2.57481
2.57621
2.5776
2.579
2.58039
2.58178
2.58317
2.58456
2.58595
2.58733
2.58872
2.5901
2.59148
2.59286
2.59424
2.59562
2.59699
2.59837
2.59974
2.60111
2.60248
2.60385
2.60522
2.60658
2.60795
2.60931
2.61067
2.61204
2.6134
2.61476
2.61611
2.61747
2.61883
2.62018
2.62154
2.62289
2.62424
2.6256
2.62695
2.6283
2.62965
2.631
2.63234
2.63369
2.63504
2.63638
2.63773
2.63908
2.64042
2.64176
2.64311
2.64445
2.64579
2.64714
2.64848
2.64982
2.65116
2.65251
2.65385
2.65519
2.65653
2.65787
2.65922
2.66056
2.6619
2.66324
2.66458
2.66592
2.66727
2.66861
2.66995
2.67129
2.67263
2.67398
2.67532
2.67666
2.67801
2.67935
2.68069
2.68204
2.68338
2.68473
2.68607
2.68742
2.68876
2.69011
2.69146
2.69281
2.69415
2.6955
2.69685
2.6982
2.69955
2.7009
2.70225
2.7036
2.70495
2.7063
2.70766
2.70901
2.71036
2.71172
2.71307
2.71443
2.71578
2.71714
2.71849
2.71985
2.72121
2.72257
2.72393
2.72529
2.72665
2.72801
2.72937
2.73073
2.73209
2.73345
2.73482
2.73618
2.73754
2.73891
2.74027
2.74164
2.74301
2.74437
2.74574
2.74711
2.74848
2.74985
2.75122
2.75259
2.75396
2.75533
2.7567
2.75808
2.75945
2.76082
2.7622
2.76357
2.76495
2.76633
2.7677
2.76908
2.77045
2.77183
2.7732
2.77458
2.77595
2.77732
2.7787
2.78007
2.78144
2.78281
2.78418
2.78555
2.78692
2.78829
2.78967
2.79104
2.79241
2.79378
2.79515
2.79653
2.7979
2.79927
2.80065
2.80202
2.8034
2.80478
2.80615
2.80753
2.80891
2.81029
2.81167
2.81305
2.81444
2.81582
2.8172
2.81859
2.81998
2.82136
2.82275
2.82414
2.82553
2.82692
2.82831
2.8297
2.8311
2.83249
2.83389
2.83528
2.83668
2.83808
2.83948
2.84088
2.84228
2.84368
2.84508
2.84648
2.84789
2.84929
2.8507
2.85211
2.85352
2.85492
2.85634
2.85775
2.85916
2.86057
2.86199
2.86341
2.86482
2.86624
2.86766
2.86908
2.8705
2.87193
2.87335
2.87478
2.87621
2.87763
2.87906
2.88049
2.88193
2.88336
2.8848
2.88623
2.88767
2.88911
2.89055
2.89199
2.89344
2.89488
2.89633
2.89777
2.89922
2.90067
2.90212
2.90358
2.90503
2.90649
2.90795
2.9094
2.91087
2.91233
2.91379
2.91525
2.91672
2.91819
2.91966
2.92113
2.9226
2.92407
2.92555
2.92702
2.9285
2.92998
2.93146
2.93294
2.93442
2.93591
2.93739
2.93886
2.94033
2.9418
2.94326
2.94472
2.94618
2.94764
2.9491
2.95056
2.95202
2.95348
2.95495
2.95641
2.95788
2.95935
2.96082
2.9623
2.96377
2.96525
2.96673
2.96821
2.96969
2.97117
2.97266
2.97415
2.97564
2.97713
2.97862
2.98011
2.98161
2.9831
2.9846
2.9861
2.9876
2.9891
2.99061
2.99211
2.99362
2.99513
2.99664
2.99815
2.99966
3.00118
3.00269
3.00421
3.00573
3.00725
3.00877
3.0103
3.01182
3.01335
3.01488
3.01641
3.01794
3.01947
3.02101
3.02255
3.02408
3.02562
3.02717
3.02871
3.03026
3.0318
3.03335
3.0349
3.03646
3.03801
3.03957
3.04113
3.04269
3.04425
3.04582
3.04738
3.04895
3.05052
3.0521
3.05367
3.05525
3.05683
3.05841
3.05999
3.06157
3.06315
3.06473
3.06631
3.06789
3.06948
3.07106
3.07264
3.07423
3.07582
3.07741
3.079
3.08059
3.08218
3.08378
3.08538
3.08698
3.08857
3.09017
3.09177
3.09337
3.09497
3.09656
3.09816
3.09975
3.10135
3.10294
3.10452
3.10611
3.1077
3.10929
3.11088
3.11246
3.11405
3.11564
3.11722
3.11881
3.1204
3.12198
3.12357
3.12516
3.12675
3.12834
3.12993
3.13152
3.13311
3.1347
3.13629
3.13788
3.13948
3.14107
3.14266
3.14425
3.14584
3.14743
3.14902
3.1506
3.15219
3.15377
3.15535
3.15693
3.15851
3.16008
3.16165
3.16322
3.16479
3.16635
3.16791
3.16947
3.17102
3.17258
3.17413
3.17567
3.17722
3.17876
3.1803
3.18183
3.18336
3.18489
3.18642
3.18795
3.18947
3.19099
3.19251
3.19403
3.19555
3.19706
3.19857
3.20008
3.20159
3.2031
3.20461
3.20611
3.20762
3.20912
3.21062
3.21212
3.21362
3.21511
3.21661
3.2181
3.21959
3.22108
3.22257
3.22406
3.22555
3.22703
3.22852
3.23
3.23148
3.23296
3.23443
3.23591
3.23738
3.23886
3.24033
3.2418
3.24326
3.24473
3.2462
3.24766
3.24912
3.25058
3.25204
3.2535
3.25495
3.25641
3.25786
3.25931
3.26076
3.26221
3.26366
3.2651
3.26655
3.26799
3.26944
3.27088
3.27232
3.27376
3.2752
3.27663
3.27807
3.2795
3.28094
3.28237
3.2838
3.28523
3.28666
3.28809
3.28951
3.29094
3.29237
3.29379
3.29521
3.29664
3.29806
3.29948
3.3009
3.30232
3.30374
3.30516
3.30657
3.30799
3.30941
3.31082
3.31224
3.31365
3.31507
3.31648
3.3179
3.31931
3.32072
3.32214
3.32355
3.32496
3.32638
3.32779
3.3292
3.33061
3.33202
3.33344
3.33485
3.33626
3.33767
3.33908
3.3405
3.34191
3.34332
3.34473
3.34615
3.34756
3.34897
3.35039
3.3518
3.35321
3.35463
3.35604
3.35746
3.35887
3.36029
3.3617
3.36312
3.36453
3.36595
3.36737
3.36878
3.3702
3.37162
3.37304
3.37446
3.37588
3.3773
3.37872
3.38014
3.38156
3.38298
3.3844
3.38583
3.38725
3.38867
3.3901
3.39152
3.39295
3.39437
3.3958
3.39723
3.39865
3.40008
3.40151
3.40294
3.40437
3.4058
3.40723
3.40866
3.41009
3.41152
3.41295
3.41438
3.41582
3.41725
3.41869
3.42012
3.42156
3.42299
3.42443
3.42587
3.4273
3.42874
3.43018
3.43162
3.43306
3.4345
3.43594
3.43738
3.43882
3.44027
3.44171
3.44315
3.44459
3.44603
3.44746
3.4489
3.45034
3.45177
3.4532
3.45464
3.45607
3.4575
3.45893
3.46036
3.46179
3.46322
3.46466
3.46609
3.46752
3.46895
3.47039
3.47182
3.47325
3.47469
3.47612
3.47756
3.479
3.48043
3.48187
3.48331
3.48475
3.48619
3.48763
3.48908
3.49052
3.49196
3.49341
3.49485
3.4963
3.49775
3.4992
3.50064
3.50209
3.50355
3.505
3.50645
3.5079
3.50936
3.51081
3.51227
3.51372
3.51518
3.51664
3.5181
3.51956
3.52102
3.52248
3.52394
3.52541
3.52687
3.52834
3.52981
3.53127
3.53274
3.53421
3.53568
3.53716
3.53863
3.5401
3.54158
3.54306
3.54453
3.54601
3.54749
3.54897
3.55046
3.55194
3.55342
3.55491
3.5564
3.55789
3.55938
3.56087
3.56236
3.56385
3.56535
3.56685
3.56834
3.56984
3.57134
3.57284
3.57435
3.57585
3.57736
3.57886
3.58037
3.58188
3.58339
3.58491
3.58642
3.58794
3.58945
3.59097
3.59249
3.59401
3.59553
3.59705
3.59858
3.60011
3.60163
3.60316
3.60469
3.60622
3.60776
3.60929
3.61083
3.61236
3.6139
3.61544
3.61697
3.6185
3.62003
3.62155
3.62306
3.62457
3.62609
3.6276
3.62911
3.63063
3.63215
3.63366
3.63518
3.6367
3.63823
3.63975
3.64128
3.64281
3.64433
3.64587
3.6474
3.64893
3.65047
3.65201
3.65355
3.65509
3.65663
3.65818
3.65973
3.66128
3.66283
3.66438
3.66594
3.6675
3.66906
3.67062
3.67218
3.67375
3.67531
3.67688
3.67845
3.68002
3.68159
3.68317
3.68475
3.68632
3.6879
3.68948
3.69107
3.69265
3.69424
3.69583
3.69742
3.69901
3.7006
3.70219
3.70379
3.70539
3.70699
3.70859
3.7102
3.7118
3.71341
3.71502
3.71663
3.71825
3.71986
3.72148
3.7231
3.72472
3.72635
3.72797
3.7296
3.73123
3.73286
3.7345
3.73613
3.73777
3.73941
3.74105
3.7427
3.74434
3.74599
3.74763
3.74928
3.75093
3.75257
3.75422
3.75587
3.75752
3.75917
3.76082
3.76247
3.76412
3.76578
3.76744
3.7691
3.77076
3.77242
3.77408
3.77574
3.7774
3.77907
3.78073
3.78239
3.78405
3.7857
3.78736
3.78901
3.79067
3.79232
3.79397
3.79561
3.79726
3.79891
3.80055
3.8022
3.80384
3.80549
3.80714
3.80878
3.81043
3.81207
3.81372
3.81536
3.81701
3.81866
3.8203
3.82195
3.8236
3.82524
3.82689
3.82853
3.83018
3.83182
3.83346
3.8351
3.83674
3.83837
3.84
3.84163
3.84326
3.84488
3.8465
3.84812
3.84973
3.85134
3.85294
3.85454
3.85614
3.85773
3.85932
3.8609
3.86248
3.86405
3.86562
3.86719
3.86875
3.87031
3.87186
3.87341
3.87496
3.8765
3.87804
3.87958
3.88111
3.88265
3.88417
3.8857
3.88722
3.88874
3.89026
3.89178
3.89329
3.8948
3.89631
3.89782
3.89932
3.90082
3.90232
3.90382
3.90532
3.90681
3.90831
3.9098
3.91128
3.91277
3.91425
3.91573
3.91721
3.91869
3.92016
3.92163
3.9231
3.92457
3.92603
3.9275
3.92896
3.93041
3.93187
3.93332
3.93478
3.93623
3.93768
3.93912
3.94057
3.94201
3.94345
3.94489
3.94633
3.94776
3.94919
3.95063
3.95206
3.95349
3.95492
3.95634
3.95777
3.95919
3.96061
3.96203
3.96345
3.96487
3.96629
3.96771
3.96912
3.97054
3.97195
3.97337
3.97478
3.97619
3.9776
3.97901
3.98042
3.98183
3.98324
3.98465
3.98606
3.98746
3.98887
3.99028
3.99169
3.99309
3.9945
3.99591
3.99731
3.99872
4.00012
4.00152
4.00292
4.00432
4.00571
4.00711
4.0085
4.00989
4.01128
4.01266
4.01405
4.01543
4.01682
4.0182
4.01958
4.02096
4.02234
4.02372
4.0251
4.02649
4.02787
4.02925
4.03063
4.03201
4.03339
4.03477
4.03615
4.03754
4.03892
4.0403
4.04169
4.04307
4.04445
4.04584
4.04722
4.04861
4.04999
4.05138
4.05277
4.05416
4.05554
4.05693
4.05832
4.05971
4.0611
4.06249
4.06388
4.06527
4.06666
4.06806
4.06945
4.07085
4.07224
4.07364
4.07504
4.07643
4.07783
4.07923
4.08063
4.08203
4.08343
4.08484
4.08624
4.08765
4.08905
4.09046
4.09186
4.09327
4.09468
4.09609
4.0975
4.09891
4.10032
4.10173
4.10314
4.10456
4.10597
4.10739
4.1088
4.11022
4.11164
4.11306
4.11448
4.1159
4.11732
4.11874
4.12016
4.12159
4.12301
4.12444
4.12587
4.12729
4.12872
4.13015
4.13158
4.13301
4.13445
4.13588
4.13731
4.13875
4.14018
4.14162
4.14306
4.1445
4.14594
4.14738
4.14882
4.15026
4.15171
4.15315
4.1546
4.15604
4.15749
4.15894
4.16039
4.16184
4.16329
4.16475
4.1662
4.16766
4.16911
4.17057
4.17203
4.17349
4.17495
4.17641
4.17788
4.17934
4.18081
4.18228
4.18375
4.18522
4.18669
4.18816
4.18963
4.19111
4.19259
4.19406
4.19554
4.19702
4.1985
4.19999
4.20147
4.20296
4.20444
4.20593
4.20742
4.20891
4.2104
4.2119
4.21339
4.21489
4.21638
4.21788
4.21938
4.22088
4.22238
4.22389
4.22539
4.2269
4.22841
4.22991
4.23142
4.23294
4.23445
4.23596
4.23748
4.23899
4.24051
4.24203
4.24355
4.24507
4.24659
4.24812
4.24964
4.25117
4.25269
4.25422
4.25575
4.25728
4.25881
4.26035
4.26188
4.26342
4.26495
4.26649
4.26803
4.26957
4.27111
4.27266
4.2742
4.27574
4.27729
4.27884
4.28039
4.28194
4.28349
4.28504
4.28659
4.28815
4.2897
4.29126
4.29282
4.29438
4.29594
4.2975
4.29906
4.30063
4.30219
4.30376
4.30533
4.3069
4.30847
4.31004
4.31161
4.31319
4.31476
4.31634
4.31792
4.31949
4.32105
4.32262
4.32417
4.32573
4.32728
4.32883
4.33038
4.33193
4.33348
4.33504
4.33659
4.33815
4.33971
4.34127
4.34283
4.34439
4.34595
4.34752
4.34909
4.35065
4.35222
4.35379
4.35537
4.35694
4.35851
4.36009
4.36167
4.36324
4.36482
4.36641
4.36799
4.36957
4.37116
4.37274
4.37433
4.37592
4.37751
4.3791
4.38069
4.38229
4.38388
4.38548
4.38708
4.38867
4.39027
4.39188
4.39348
4.39508
4.39669
4.3983
4.3999
4.40151
4.40313
4.40474
4.40636
4.40797
4.40959
4.41121
4.41283
4.41446
4.41608
4.41771
4.41934
4.42097
4.4226
4.42423
4.42587
4.42751
4.42915
4.43079
4.43243
4.43408
4.43572
4.43737
4.43902
4.44067
4.44231
4.44396
4.4456
4.44724
4.44889
4.45053
4.45216
4.4538
4.45543
4.45706
4.45869
4.46032
4.46195
4.46357
4.4652
4.46682
4.46845
4.47007
4.47169
4.47332
4.47495
4.47657
4.4782
4.47983
4.48147
4.4831
4.48474
4.48637
4.48801
4.48965
4.49129
4.49293
4.49457
4.4962
4.49784
4.49948
4.50112
4.50276
4.5044
4.50603
4.50767
4.50931
4.51094
4.51257
4.51421
4.51584
4.51747
4.51909
4.52072
4.52235
4.52397
4.5256
4.52722
4.52884
4.53046
4.53208
4.53371
4.53532
4.53694
4.53856
4.54017
4.54178
4.54339
4.54499
4.5466
4.5482
4.54979
4.55139
4.55298
4.55457
4.55616
4.55774
4.55933
4.56091
4.56249
4.56406
4.56564
4.56721
4.56879
4.57036
4.57192
4.57349
4.57506
4.57662
4.57819
4.57975
4.5813
4.58286
4.58441
4.58595
4.58749
4.58903
4.59057
4.5921
4.59362
4.59515
4.59667
4.59819
4.5997
4.60121
4.60272
4.60422
4.60572
4.60722
4.60871
4.6102
4.61169
4.61317
4.61465
4.61613
4.61761
4.61908
4.62055
4.62202
4.62348
4.62494
4.6264
4.62785
4.6293
4.63075
4.6322
4.63364
4.63507
4.63651
4.63793
4.63936
4.64078
4.6422
4.64361
4.64502
4.64643
4.64783
4.64923
4.65063
4.65202
4.65341
4.65479
4.65617
4.65755
4.65892
4.66029
4.66166
4.66302
4.66438
4.66574
4.66709
4.66844
4.66979
4.67113
4.67247
4.67381
4.67514
4.67647
4.6778
4.67912
4.68044
4.68176
4.68307
4.68438
4.68569
4.68699
4.6883
4.6896
4.69089
4.69218
4.69348
4.69476
4.69605
4.69733
4.69861
4.69989
4.70116
4.70244
4.70371
4.70498
4.70625
4.70751
4.70878
4.71004
4.7113
4.71256
4.71382
4.71508
4.71634
4.71759
4.71885
4.7201
4.72136
4.72261
4.72386
4.72512
4.72637
4.72762
4.72887
4.73013
4.73138
4.73263
4.73388
4.73513
4.73639
4.73764
4.73889
4.74015
4.7414
4.74265
4.74391
4.74516
4.74642
4.74767
4.74893
4.75018
4.75144
4.7527
4.75396
4.75522
4.75648
4.75774
4.759
4.76026
4.76152
4.76279
4.76405
4.76531
4.76658
4.76784
4.76911
4.77038
4.77164
4.77291
4.77418
4.77545
4.77672
4.77799
4.77926
4.78053
4.7818
4.78308
4.78435
4.78562
4.7869
4.78817
4.78945
4.79072
4.792
4.79327
4.79455
4.79583
4.79711
4.79839
4.79967
4.80095
4.80223
4.80351
4.80479
4.80607
4.80735
4.80863
4.80992
4.8112
4.81249
4.81377
4.81506
4.81634
4.81763
4.81891
4.8202
4.82149
4.82278
4.82407
4.82536
4.82665
4.82794
4.82923
4.83052
4.83181
4.83311
4.8344
4.83569
4.83699
4.83828
4.83958
4.84088
4.84217
4.84347
4.84477
4.84607
4.84737
4.84867
4.84997
4.85127
4.85257
4.85388
4.85518
4.85649
4.85779
4.8591
4.8604
4.86171
4.86302
4.86433
4.86564
4.86695
4.86826
4.86957
4.87089
4.8722
4.87351
4.87483
4.87615
4.87746
4.87878
4.8801
4.88142
4.88274
4.88406
4.88538
4.8867
4.88802
4.88935
4.89067
4.892
4.89332
4.89465
4.89598
4.8973
4.89863
4.89996
4.90129
4.90262
4.90395
4.90528
4.90662
4.90795
4.90928
4.91062
4.91195
4.91329
4.91462
4.91596
4.9173
4.91864
4.91997
4.92131
4.92265
4.92399
4.92533
4.92667
4.92801
4.92936
4.9307
4.93204
4.93338
4.93473
4.93607
4.93742
4.93876
4.94011
4.94146
4.9428
4.94415
4.9455
4.94685
4.94819
4.94954
4.95089
4.95224
4.95359
4.95495
4.9563
4.95765
4.959
4.96036
4.96171
4.96306
4.96441
4.96575
4.96708
4.96841
4.96974
4.97106
4.97238
4.9737
4.97502
4.97634
4.97766
4.97898
4.9803
4.98162
4.98295
4.98427
4.98559
4.98692
4.98824
4.98957
4.99089
4.99222
4.99354
4.99487
4.9962
4.99753
4.99885
5.00018
5.00151
5.00284
5.00417
5.0055
5.00683
5.00816
5.00949
5.01082
5.01215
5.01348
5.01482
5.01615
5.01748
5.01881
5.02015
5.02148
5.02281
5.02415
5.02548
5.02682
5.02816
5.02949
5.03083
5.03217
5.03351
5.03485
5.03619
5.03753
5.03887
5.04021
5.04155
5.0429
5.04424
5.04559
5.04693
5.04828
5.04963
5.05098
5.05233
5.05368
5.05503
5.05638
5.05774
5.05909
5.06045
5.06181
5.06317
5.06453
5.06589
5.06725
5.06862
5.06999
5.07136
5.07273
5.0741
5.07547
5.07685
5.07822
5.0796
5.08098
5.08237
5.08375
5.08514
5.08652
5.08791
5.0893
5.09069
5.09209
5.09348
5.09488
5.09628
5.09768
5.09909
5.10049
5.1019
5.1033
5.10471
5.10613
5.10754
5.10895
5.11037
5.11179
5.11321
5.11463
5.11606
5.11748
5.11891
5.12034
5.12177
5.12321
5.12464
5.12608
5.12752
5.12896
5.1304
5.13184
5.13329
5.13473
5.13618
5.13763
5.13908
5.14054
5.14199
5.14345
5.14491
5.14637
5.14783
5.14929
5.15075
5.15222
5.15369
5.15516
5.15663
5.1581
5.15958
5.16105
5.16253
5.16401
5.16549
5.16697
5.16846
5.16994
5.17143
5.17292
5.17441
5.1759
5.17739
5.17889
5.18038
5.18188
5.18338
5.18488
5.18638
5.18788
5.18939
5.19089
5.1924
5.19391
5.19542
5.19693
5.19845
5.19996
5.20148
5.203
5.20452
5.20604
5.20756
5.20908
5.21061
5.21214
5.21367
5.2152
5.21673
5.21826
5.2198
5.22133
5.22287
5.22441
5.22594
5.22747
5.229
5.23053
5.23206
5.23358
5.2351
5.23662
5.23813
5.23964
5.24115
5.24266
5.24416
5.24566
5.24716
5.24865
5.25014
5.25163
5.25312
5.25461
5.25609
5.25757
5.25905
5.26053
5.26201
5.26349
5.26496
5.26643
5.26791
5.26938
5.27085
5.27232
5.27379
5.27526
5.27673
5.27819
5.27966
5.28112
5.28258
5.28404
5.2855
5.28695
5.2884
5.28985
5.2913
5.29275
5.29419
5.29564
5.29708
5.29851
5.29995
5.30138
5.30281
5.30424
5.30566
5.30707
5.30849
5.3099
5.3113
5.3127
5.3141
5.31549
5.31688
5.31826
5.31964
5.32102
5.32239
5.32375
5.32511
5.32647
5.32782
5.32917
5.33052
5.33186
5.3332
5.33453
5.33586
5.33719
5.33851
5.33983
5.34115
5.34247
5.34378
5.34509
5.3464
5.3477
5.349
5.3503
5.3516
5.3529
5.35419
5.35548
5.35677
5.35806
5.35935
5.36063
5.36191
5.36319
5.36447
5.36574
5.36702
5.36829
5.36956
5.37082
5.37209
5.37335
5.37461
5.37586
5.37712
5.37837
5.37962
5.38086
5.38211
5.38335
5.38459
5.38583
5.38706
5.38829
5.38952
5.39075
5.39197
5.39319
5.39441
5.39563
5.39684
5.39806
5.39927
5.40047
5.40168
5.40288
5.40408
5.40528
5.40648
5.40767
5.40886
5.41005
5.41124
5.41243
5.41361
5.41479
5.41597
5.41715
5.41833
5.4195
5.42068
5.42185
5.42302
5.42419
5.42535
5.42652
5.42768
5.42885
5.43001
5.43117
5.43233
5.43349
5.43465
5.43581
5.43696
5.43812
5.43928
5.44043
5.44159
5.44274
5.44389
5.44505
5.4462
5.44735
5.4485
5.44965
5.45081
5.45196
5.45311
5.45426
5.45541
5.45656
5.4577
5.45885
5.46
5.46115
5.4623
5.46345
5.46459
5.46574
5.46689
5.46803
5.46918
5.47033
5.47147
5.47262
5.47377
5.47491
5.47606
5.4772
5.47835
5.47949
5.48064
5.48179
5.48293
5.48408
5.48522
5.48637
5.48751
5.48866
5.4898
5.49095
5.49209
5.49324
5.49438
5.49553
5.49667
5.49782
5.49897
5.50011
5.50126
5.50241
5.50355
5.5047
5.50585
5.507
5.50814
5.50929
5.51044
5.51159
5.51274
5.51389
5.51504
5.51619
5.51734
5.51849
5.51964
5.52079
5.52195
5.5231
5.52425
5.5254
5.52656
5.52771
5.52887
5.53002
5.53118
5.53234
5.53349
5.53465
5.53582
5.53698
5.53814
5.53931
5.54047
5.54164
5.54281
5.54398
5.54515
5.54633
5.5475
5.54867
5.54985
5.55103
5.55221
5.55339
5.55457
5.55575
5.55693
5.55812
5.55931
5.56049
5.56168
5.56287
5.56406
5.56526
5.56645
5.56764
5.56884
5.57004
5.57123
5.57243
5.57363
5.57484
5.57604
5.57724
5.57844
5.57965
5.58085
5.58206
5.58327
5.58447
5.58568
5.58689
5.5881
5.5893
5.59051
5.59172
5.59293
5.59415
5.59536
5.59657
5.59778
5.599
5.60021
5.60143
5.60264
5.60386
5.60507
5.60629
5.60751
5.60873
5.60995
5.61117
5.61239
5.61362
5.61484
5.61606
5.61729
5.61851
5.61974
5.62096
5.62219
5.62342
5.62465
5.62587
5.6271
5.62833
5.62956
5.63079
5.63203
5.63326
5.63449
5.63572
5.63695
5.63819
5.63942
5.64065
5.64189
5.64312
5.64436
5.64559
5.64683
5.64806
5.6493
5.65053
5.65177
5.65301
5.65424
5.65548
5.65672
5.65796
5.65919
5.66043
5.66167
5.66291
5.66415
5.66539
5.66663
5.66787
5.66912
5.67036
5.6716
5.67284
5.67408
5.67533
5.67657
5.67782
5.67906
5.6803
5.68155
5.6828
5.68404
5.68528
5.68652
5.68775
5.68898
5.69019
5.69141
5.69262
5.69382
5.69503
5.69624
5.69745
5.69865
5.69986
5.70107
5.70228
5.70349
5.7047
5.70591
5.70712
5.70833
5.70954
5.71075
5.71197
5.71318
5.71439
5.7156
5.71682
5.71803
5.71924
5.72046
5.72167
5.72288
5.7241
5.72531
5.72653
5.72774
5.72896
5.73018
5.73139
5.73261
5.73383
5.73504
5.73626
5.73748
5.7387
5.73991
5.74113
5.74235
5.74357
5.74479
5.74601
5.74723
5.74845
5.74968
5.7509
5.75212
5.75335
5.75457
5.75579
5.75702
5.75825
5.75947
5.7607
5.76193
5.76316
5.76439
5.76562
5.76686
5.76809
5.76932
5.77056
5.77179
5.77303
5.77427
5.77551
5.77675
5.77799
5.77924
5.78048
5.78173
5.78298
5.78423
5.78548
5.78673
5.78798
5.78924
5.7905
5.79176
5.79302
5.79428
5.79554
5.79681
5.79807
5.79934
5.80061
5.80188
5.80316
5.80443
5.80571
5.80699
5.80827
5.80955
5.81083
5.81212
5.8134
5.81469
5.81598
5.81727
5.81856
5.81986
5.82116
5.82245
5.82375
5.82506
5.82636
5.82767
5.82897
5.83028
5.83159
5.8329
5.83422
5.83553
5.83685
5.83817
5.83949
5.84081
5.84214
5.84346
5.84479
5.84612
5.84745
5.84878
5.85011
5.85145
5.85279
5.85412
5.85546
5.85681
5.85815
5.85949
5.86084
5.86219
5.86354
5.86489
5.86624
5.8676
5.86895
5.87031
5.87167
5.87303
5.87439
5.87576
5.87712
5.87849
5.87986
5.88123
5.8826
5.88398
5.88535
5.88672
5.88809
5.88947
5.89084
5.89221
5.89358
5.89495
5.89632
5.89769
5.89906
5.90043
5.90179
5.90316
5.90453
5.90589
5.90726
5.90863
5.90999
5.91136
5.91272
5.91408
5.91545
5.91681
5.91818
5.91954
5.9209
5.92227
5.92363
5.925
5.92636
5.92772
5.92909
5.93045
5.93182
5.93318
5.93454
5.93591
5.93727
5.93863
5.94
5.94136
5.94272
5.94408
5.94544
5.9468
5.94816
5.94951
5.95087
5.95222
5.95357
5.95492
5.95627
5.95762
5.95896
5.96031
5.96165
5.96298
5.96432
5.96565
5.96698
5.96831
5.96964
5.97097
5.97229
5.97361
5.97493
5.97624
5.97756
5.97887
5.98018
5.98148
5.98279
5.98409
5.98539
5.98669
5.98798
5.98928
5.99057
5.99185
5.99314
5.99442
5.9957
5.99698
5.99826
5.99954
6.00081
6.00208
6.00335
6.00461
6.00588
6.00714
6.0084
6.00966
6.01092
6.01217
6.01342
6.01468
6.01593
6.01717
6.01842
6.01967
6.02091
6.02215
6.02339
6.02463
6.02587
6.0271
6.02834
6.02957
6.0308
6.03203
6.03325
6.03448
6.0357
6.03692
6.03814
6.03936
6.04057
6.04178
6.043
6.0442
6.04541
6.04662
6.04782
6.04902
6.05022
6.05142
6.05261
6.05381
6.055
6.05619
6.05737
6.05856
6.05974
6.06092
6.0621
6.06328
6.06446
6.06563
6.0668
6.06797
6.06914
6.07031
6.07147
6.07263
6.07379
6.07495
6.07611
6.07726
6.07842
6.07957
6.08072
6.08187
6.08302
6.08416
6.08531
6.08645
6.08759
6.08873
6.08987
6.09101
6.09214
6.09328
6.09441
6.09555
6.09668
6.09781
6.09894
6.10007
6.10119
6.10232
6.10345
6.10457
6.1057
6.10682
6.10794
6.10907
6.11019
6.11131
6.11243
6.11355
6.11467
6.11579
6.11691
6.11803
6.11915
6.12027
6.12138
6.1225
6.12362
6.12474
6.12586
6.12698
6.1281
6.12923
6.13035
6.13147
6.1326
6.13372
6.13485
6.13598
6.1371
6.13823
6.13936
6.14049
6.14163
6.14276
6.14389
6.14503
6.14616
6.1473
6.14844
6.14958
6.15072
6.15186
6.153
6.15414
6.15528
6.15643
6.15757
6.15872
6.15986
6.16101
6.16216
6.16331
6.16446
6.16561
6.16676
6.16791
6.16906
6.17021
6.17137
6.17252
6.17368
6.17483
6.17599
6.17715
6.17831
6.17947
6.18063
6.18179
6.18295
6.18411
6.18528
6.18644
6.18761
6.18878
6.18995
6.19112
6.19229
6.19346
6.19464
6.19581
6.19699
6.19817
6.19935
6.20054
6.20172
6.2029
6.20409
6.20528
6.20647
6.20766
6.20885
6.21005
6.21125
6.21244
6.21364
6.21484
6.21605
6.21725
6.21845
6.21966
6.22087
6.22208
6.22329
6.22451
6.22572
6.22694
6.22815
6.22937
6.2306
6.23182
6.23304
6.23427
6.23549
6.23672
6.23795
6.23918
6.24042
6.24165
6.24289
6.24413
6.24536
6.2466
6.24784
6.24909
6.25033
6.25157
6.25281
6.25406
6.2553
6.25654
6.25779
6.25903
6.26028
6.26152
6.26277
6.26401
6.26526
6.26651
6.26776
6.26901
6.27025
6.27151
6.27276
6.27401
6.27526
6.27652
6.27777
6.27903
6.28028
6.28154
6.2828
6.28406
6.28532
6.28658
6.28784
6.2891
6.29037
6.29163
6.2929
6.29416
6.29543
6.2967
6.29796
6.29923
6.3005
6.30177
6.30304
6.30431
6.30559
6.30686
6.30813
6.3094
6.31068
6.31195
6.31323
6.31451
6.31578
6.31706
6.31834
6.31962
6.3209
6.32218
6.32346
6.32474
6.32602
6.32731
6.32859
6.32987
6.33116
6.33244
6.33373
6.33502
6.3363
6.33759
6.33888
6.34017
6.34146
6.34275
6.34404
6.34533
6.34662
6.34792
6.34921
6.3505
6.3518
6.35308
6.35437
6.35564
6.35691
6.35818
6.35945
6.36071
6.36197
6.36324
6.3645
6.36577
6.36703
6.3683
6.36957
6.37084
6.37211
6.37338
6.37465
6.37592
6.37719
6.37846
6.37974
6.38101
6.38229
6.38356
6.38484
6.38612
6.38739
6.38867
6.38995
6.39123
6.39252
6.3938
6.39508
6.39636
6.39765
6.39893
6.40022
6.40151
6.4028
6.40408
6.40537
6.40666
6.40796
6.40925
6.41054
6.41184
6.41313
6.41443
6.41572
6.41702
6.41832
6.41962
6.42092
6.42223
6.42353
6.42484
6.42614
6.42745
6.42876
6.43007
6.43138
6.4327
6.43401
6.43533
6.43665
6.43797
6.43929
6.44062
6.44194
6.44327
6.4446
6.44593
6.44726
6.4486
6.44993
6.45127
6.45261
6.45396
6.4553
6.45665
6.45799
6.45934
6.4607
6.46205
6.46341
6.46477
6.46613
6.46749
6.46885
6.47022
6.47159
6.47296
6.47433
6.47571
6.47708
6.47846
6.47984
6.48122
6.48259
6.48397
6.48535
6.48673
6.48811
6.48949
6.49087
6.49225
6.49363
6.49501
6.4964
6.49778
6.49916
6.50054
6.50192
6.50331
6.50469
6.50608
6.50746
6.50885
6.51024
6.51163
6.51302
6.51441
6.51581
6.5172
6.5186
6.52
6.5214
6.5228
6.5242
6.52561
6.52701
6.52842
6.52983
6.53123
6.53264
6.53405
6.53546
6.53688
6.53829
6.5397
6.54111
6.54252
6.54393
6.54535
6.54676
6.54817
6.54958
6.55099
6.5524
6.5538
6.55521
6.55662
6.55803
6.55944
6.56084
6.56225
6.56366
6.56507
6.56647
6.56788
6.56929
6.5707
6.5721
6.57351
6.57492
6.57632
6.57773
6.57913
6.58054
6.58194
6.58334
6.58474
6.58614
6.58753
6.58893
6.59032
6.59172
6.59311
6.5945
6.59589
6.59727
6.59866
6.60005
6.60143
6.60281
6.6042
6.60558
6.60696
6.60833
6.60971
6.61109
6.61246
6.61384
6.61521
6.61658
6.61795
6.61932
6.62069
6.62205
6.62342
6.62478
6.62614
6.6275
6.62885
6.63021
6.63156
6.63291
6.63426
6.63561
6.63696
6.6383
6.63964
6.64098
6.64231
6.64365
6.64498
6.64631
6.64763
6.64896
6.65028
6.6516
6.65291
6.65423
6.65554
6.65685
6.65815
6.65946
6.66076
6.66205
6.66334
6.66463
6.66592
6.6672
6.66848
6.66976
6.67104
6.67231
6.67358
6.67485
6.67612
6.67738
6.67864
6.6799
6.68116
6.68241
6.68366
6.68491
6.68615
6.6874
6.68864
6.68988
6.69112
6.69235
6.69358
6.69481
6.69604
6.69726
6.69848
6.69971
6.70092
6.70214
6.70335
6.70456
6.70577
6.70698
6.70818
6.70938
6.71058
6.71177
6.71296
6.71415
6.71534
6.71652
6.7177
6.71888
6.72005
6.72122
6.72239
6.72356
6.72472
6.72588
6.72704
6.7282
6.72935
6.7305
6.73165
6.7328
6.73395
6.73509
6.73623
6.73737
6.73851
6.73965
6.74079
6.74192
6.74306
6.74419
6.74533
6.74646
6.74759
6.74873
6.74986
6.75099
6.75212
6.75326
6.75439
6.75552
6.75665
6.75779
6.75892
6.76006
6.76119
6.76233
6.76347
6.7646
6.76574
6.76688
6.76802
6.76916
6.7703
6.77145
6.77259
6.77373
6.77488
6.77602
6.77717
6.77832
6.77947
6.78061
6.78176
6.78292
6.78407
6.78522
6.78637
6.78753
6.78869
6.78984
6.791
6.79216
6.79332
6.79448
6.79564
6.79681
6.79797
6.79914
6.80031
6.80147
6.80264
6.80381
6.80498
6.80616
6.80733
6.80851
6.80968
6.81086
6.81204
6.81322
6.8144
6.81558
6.81677
6.81795
6.81914
6.82033
6.82151
6.8227
6.82389
6.82509
6.82628
6.82748
6.82867
6.82987
6.83106
6.83226
6.83346
6.83466
6.83586
6.83706
6.83827
6.83947
6.84067
6.84188
6.84308
6.84429
6.8455
6.84671
6.84791
6.84912
6.85033
6.85154
6.85275
6.85397
6.85518
6.85639
6.85761
6.85882
6.86004
6.86125
6.86247
6.86369
6.86491
6.86612
6.86734
6.86857
6.86979
6.87101
6.87223
6.87345
6.87468
6.8759
6.87713
6.87835
6.87958
6.88081
6.88204
6.88326
6.88449
6.88572
6.88695
6.88818
6.88942
6.89065
6.89188
6.89311
6.89435
6.89558
6.89682
6.89805
6.89929
6.90053
6.90176
6.903
6.90424
6.90548
6.90672
6.90796
6.9092
6.91044
6.91168
6.91292
6.91416
6.91541
6.91665
6.91789
6.91914
6.92038
6.92163
6.92288
6.92412
6.92537
6.92662
6.92787
6.92912
6.93037
6.93162
6.93287
6.93412
6.93537
6.93662
6.93788
6.93913
6.94038
6.94164
6.94289
6.94415
6.94541
6.94666
6.94792
6.94918
6.95044
6.9517
6.95296
6.95422
6.95548
6.95674
6.958
6.95926
6.96053
6.96179
6.96306
6.96432
6.96559
6.96685
6.96812
6.96939
6.97065
6.97191
6.97316
6.9744
6.97565
6.97689
6.97812
6.97936
6.9806
6.98184
6.98308
6.98432
6.98556
6.9868
6.98804
6.98929
6.99053
6.99177
6.99302
6.99426
6.99551
6.99675
6.998
6.99925
7.00049
7.00174
7.00299
7.00424
7.00549
7.00674
7.00799
7.00924
7.0105
7.01175
7.013
7.01426
7.01551
7.01677
7.01802
7.01928
7.02054
7.02179
7.02305
7.02431
7.02557
7.02683
7.02809
7.02935
7.03061
7.03188
7.03314
7.03441
7.03567
7.03694
7.03821
7.03947
7.04074
7.04201
7.04329
7.04456
7.04583
7.04711
7.04838
7.04966
7.05094
7.05222
7.0535
7.05478
7.05607
7.05735
7.05864
7.05993
7.06122
7.06251
7.06381
7.0651
7.0664
7.0677
7.069
7.07031
7.07161
7.07292
7.07422
7.07554
7.07685
7.07816
7.07948
7.0808
7.08212
7.08344
7.08476
7.08609
7.08741
7.08874
7.09007
7.09141
7.09274
7.09408
7.09542
7.09676
7.0981
7.09945
7.10079
7.10214
7.10349
7.10484
7.1062
7.10755
7.10891
7.11027
7.11163
7.11299
7.11436
7.11573
7.1171
7.11847
7.11984
7.12121
7.12259
7.12397
7.12535
7.12673
7.12812
7.1295
7.13089
7.13228
7.13367
7.13506
7.13645
7.13785
7.13925
7.14065
7.14205
7.14345
7.14486
7.14626
7.14767
7.14908
7.15049
7.15191
7.15332
7.15474
7.15616
7.15758
7.159
7.16042
7.16185
7.16327
7.1647
7.16613
7.16757
7.169
7.17043
7.17187
7.17331
7.17475
7.17619
7.17763
7.17908
7.18052
7.18197
7.18342
7.18487
7.18632
7.18776
7.18921
7.19065
7.1921
7.19354
7.19498
7.19642
7.19786
7.19929
7.20073
7.20216
7.20359
7.20502
7.20645
7.20788
7.2093
7.21073
7.21215
7.21357
7.21499
7.21641
7.21783
7.21925
7.22067
7.22209
7.22351
7.22493
7.22635
7.22777
7.22919
7.23061
7.23203
7.23345
7.23487
7.23629
7.23771
7.23913
7.24054
7.24195
7.24337
7.24478
7.24619
7.24759
7.249
7.2504
7.2518
7.2532
7.2546
7.256
7.25739
7.25878
7.26017
7.26156
7.26294
7.26432
7.26569
7.26706
7.26843
7.2698
7.27116
7.27252
7.27387
7.27522
7.27657
7.27791
7.27925
7.28059
7.28192
7.28325
7.28458
7.2859
7.28722
7.28854
7.28985
7.29116
7.29247
7.29378
7.29508
7.29638
7.29768
7.29897
7.30027
7.30156
7.30284
7.30413
7.30541
7.3067
7.30798
7.30925
7.31053
7.3118
7.31307
7.31434
7.31561
7.31687
7.31814
7.3194
7.32066
7.32191
7.32317
7.32442
7.32567
7.32692
7.32816
7.32941
7.33065
7.33188
7.33312
7.33435
7.33558
7.33681
7.33803
7.33925
7.34047
7.34168
7.3429
7.34411
7.34531
7.34652
7.34772
7.34892
7.35012
7.35131
7.3525
7.35369
7.35488
7.35606
7.35724
7.35842
7.35959
7.36077
7.36194
7.36311
7.36427
7.36544
7.3666
7.36776
7.36891
7.37007
7.37122
7.37237
7.37352
7.37466
7.37581
7.37695
7.37809
7.37923
7.38036
7.3815
7.38263
7.38376
7.38488
7.38601
7.38714
7.38826
7.38938
7.3905
7.39162
7.39274
7.39386
7.39498
7.39609
7.39721
7.39832
7.39944
7.40055
7.40166
7.40277
7.40388
7.40499
7.4061
7.4072
7.40831
7.40942
7.41052
7.41163
7.41273
7.41383
7.41494
7.41604
7.41714
7.41824
7.41934
7.42044
7.42154
7.42264
7.42374
7.42484
7.42593
7.42703
7.42813
7.42922
7.43032
7.43142
7.43251
7.43361
7.4347
7.4358
7.43689
7.43799
7.43908
7.44017
7.44127
7.44236
7.44346
7.44455
7.44565
7.44674
7.44783
7.44893
7.45002
7.45112
7.45221
7.45331
7.4544
7.4555
7.45659
7.45769
7.45878
7.45988
7.46097
7.46207
7.46316
7.46426
7.46536
7.46645
7.46755
7.46865
7.46975
7.47086
7.47196
7.47307
7.47417
7.47528
7.47639
7.4775
7.47861
7.47972
7.48084
7.48195
7.48307
7.48419
7.48531
7.48643
7.48755
7.48867
7.4898
7.49092
7.49205
7.49318
7.49431
7.49544
7.49657
7.4977
7.49884
7.49997
7.50111
7.50225
7.50339
7.50453
7.50567
7.50681
7.50796
7.5091
7.51025
7.5114
7.51255
7.5137
7.51485
7.516
7.51716
7.51831
7.51947
7.52063
7.52179
7.52295
7.52411
7.52527
7.52643
7.5276
7.52877
7.52993
7.5311
7.53227
7.53344
7.53461
7.53578
7.53696
7.53813
7.5393
7.54048
7.54165
7.54283
7.544
7.54518
7.54635
7.54753
7.54871
7.54988
7.55106
7.55224
7.55342
7.5546
7.55578
7.55696
7.55814
7.55932
7.5605
7.56168
7.56286
7.56405
7.56523
7.56641
7.5676
7.56878
7.56996
7.57115
7.57233
7.57352
7.5747
7.57589
7.57708
7.57826
7.57945
7.58064
7.58182
7.58301
7.5842
7.58539
7.58657
7.58776
7.58895
7.59014
7.59133
7.59251
7.5937
7.59489
7.59608
7.59727
7.59846
7.59965
7.60084
7.60203
7.60322
7.60441
7.6056
7.60679
7.60798
7.60918
7.61037
7.61156
7.61275
7.61394
7.61514
7.61633
7.61752
7.61872
7.61991
7.6211
7.6223
7.62349
7.62469
7.62588
7.62708
7.62827
7.62947
7.63066
7.63186
7.63305
7.63424
7.63542
7.63659
7.63776
7.63892
7.64008
7.64124
7.6424
7.64356
7.64472
7.64588
7.64704
7.6482
7.64936
7.65052
7.65168
7.65284
7.654
7.65516
7.65633
7.65749
7.65865
7.65981
7.66097
7.66214
7.6633
7.66446
7.66563
7.66679
7.66795
7.66912
7.67028
7.67145
7.67261
7.67378
7.67494
7.67611
7.67727
7.67844
7.67961
7.68077
7.68194
7.68311
7.68427
7.68544
7.68661
7.68778
7.68894
7.69011
7.69128
7.69245
7.69362
7.69479
7.69597
7.69714
7.69831
7.69949
7.70066
7.70184
7.70301
7.70419
7.70537
7.70654
7.70772
7.7089
7.71008
7.71126
7.71245
7.71363
7.71482
7.716
7.71719
7.71838
7.71957
7.72076
7.72195
7.72315
7.72434
7.72554
7.72674
7.72794
7.72914
7.73034
7.73154
7.73275
7.73396
7.73517
7.73638
7.73759
7.73881
7.74002
7.74124
7.74246
7.74368
7.7449
7.74612
7.74735
7.74858
7.74981
7.75104
7.75227
7.7535
7.75474
7.75598
7.75722
7.75846
7.7597
7.76095
7.76219
7.76344
7.76469
7.76594
7.7672
7.76845
7.76971
7.77097
7.77223
7.77349
7.77475
7.77602
7.77728
7.77855
7.77982
7.7811
7.78237
7.78364
7.78492
7.7862
7.78748
7.78876
7.79005
7.79133
7.79262
7.79391
7.7952
7.79649
7.79778
7.79907
7.80037
7.80167
7.80297
7.80427
7.80557
7.80687
7.80818
7.80949
7.8108
7.81211
7.81342
7.81473
7.81605
7.81736
7.81868
7.82
7.82132
7.82265
7.82397
7.8253
7.82662
7.82795
7.82928
7.83061
7.83195
7.83328
7.83462
7.83596
7.8373
7.83864
7.83998
7.84132
7.84266
7.844
7.84534
7.84668
7.84802
7.84936
7.8507
7.85204
7.85337
7.85471
7.85605
7.85739
7.85872
7.86006
7.86139
7.86273
7.86406
7.8654
7.86673
7.86807
7.8694
7.87074
7.87207
7.87341
7.87475
7.87608
7.87742
7.87875
7.88009
7.88143
7.88276
7.8841
7.88544
7.88677
7.88811
7.88945
7.89079
7.89212
7.89346
7.89479
7.89613
7.89746
7.89879
7.90012
7.90145
7.90278
7.9041
7.90543
7.90675
7.90807
7.90939
7.91071
7.91203
7.91334
7.91465
7.91596
7.91727
7.91857
7.91987
7.92117
7.92247
7.92377
7.92506
7.92635
7.92764
7.92892
7.93021
7.93149
7.93276
7.93404
7.93531
7.93659
7.93785
7.93912
7.94039
7.94165
7.94291
7.94416
7.94542
7.94667
7.94792
7.94917
7.95042
7.95166
7.9529
7.95414
7.95538
7.95661
7.95785
7.95908
7.96031
7.96153
7.96276
7.96398
7.9652
7.96642
7.96764
7.96885
7.97007
7.97128
7.97249
7.9737
7.97491
7.97611
7.97731
7.97851
7.97971
7.98091
7.98211
7.9833
7.98449
7.98568
7.98687
7.98806
7.98924
7.99042
7.9916
7.99278
7.99395
7.99513
7.9963
7.99747
7.99863
7.9998
8.00096
8.00212
8.00328
8.00444
8.00559
8.00674
8.00789
8.00904
8.01019
8.01133
8.01247
8.01361
8.01475
8.01588
8.01702
8.01815
8.01928
8.0204
8.02153
8.02265
8.02378
8.0249
8.02601
8.02713
8.02824
8.02936
8.03047
8.03158
8.03268
8.03379
8.03489
8.036
8.0371
8.0382
8.0393
8.04039
8.04149
8.04258
8.04368
8.04477
8.04586
8.04695
8.04804
8.04912
8.05021
8.05129
8.05238
8.05346
8.05454
8.05563
8.05671
8.05779
8.05887
8.05995
8.06103
8.0621
8.06318
8.06426
8.06534
8.06641
8.06749
8.06856
8.06964
8.07072
8.07179
8.07287
8.07394
8.07502
8.0761
8.07717
8.07825
8.07933
8.0804
8.08148
8.08256
8.08364
8.08472
8.0858
8.08688
8.08796
8.08904
8.09012
8.09121
8.09229
8.09338
8.09446
8.09555
8.09664
8.09773
8.09882
8.09991
8.101
8.10209
8.10319
8.10428
8.10537
8.10647
8.10757
8.10866
8.10976
8.11086
8.11196
8.11305
8.11415
8.11525
8.11636
8.11746
8.11856
8.11966
8.12077
8.12187
8.12297
8.12408
8.12519
8.1263
8.12741
8.12852
8.12963
8.13074
8.13186
8.13297
8.13409
8.13521
8.13633
8.13745
8.13858
8.1397
8.14083
8.14196
8.14308
8.14422
8.14535
8.14648
8.14762
8.14875
8.14989
8.15103
8.15217
8.15331
8.15446
8.1556
8.15675
8.1579
8.15905
8.1602
8.16136
8.16251
8.16367
8.16483
8.16599
8.16715
8.16831
8.16948
8.17065
8.17181
8.17298
8.17416
8.17533
8.1765
8.17768
8.17886
8.18004
8.18122
8.1824
8.18358
8.18477
8.18596
8.18714
8.18833
8.18952
8.19072
8.19191
8.19311
8.1943
8.1955
8.1967
8.19791
8.19911
8.20031
8.20152
8.20273
8.20394
8.20515
8.20636
8.20758
8.20879
8.21001
8.21123
8.21245
8.21367
8.21489
8.21611
8.21733
8.21855
8.21977
8.22099
8.22221
8.22343
8.22465
8.22587
8.22708
8.2283
8.22952
8.23073
8.23195
8.23317
8.23438
8.2356
8.23682
8.23804
8.23926
8.24048
8.2417
8.24292
8.24414
8.24536
8.24658
8.2478
8.24903
8.25025
8.25148
8.2527
8.25393
8.25516
8.25638
8.25761
8.25884
8.26007
8.2613
8.26253
8.26376
8.26499
8.26622
8.26746
8.26869
8.26992
8.27116
8.27239
8.27363
8.27486
8.2761
8.27733
8.27857
8.27981
8.28105
8.28228
8.28352
8.28476
8.286
8.28724
8.28848
8.28972
8.29096
8.29219
8.29342
8.29464
8.29586
8.29708
8.29829
8.2995
8.30071
8.30192
8.30313
8.30434
8.30555
8.30676
8.30797
8.30919
8.3104
8.31161
8.31283
8.31404
8.31526
8.31647
8.31769
8.3189
8.32012
8.32133
8.32255
8.32377
8.32499
8.32621
8.32743
8.32865
8.32987
8.33109
8.33231
8.33353
8.33475
8.33598
8.3372
8.33842
8.33965
8.34087
8.3421
8.34332
8.34455
8.34578
8.34701
8.34824
8.34947
8.3507
8.35193
8.35316
8.35439
8.35563
8.35686
8.3581
8.35934
8.36057
8.36181
8.36305
8.3643
8.36554
8.36678
8.36803
8.36928
8.37053
8.37178
8.37303
8.37428
8.37554
8.37679
8.37805
8.37931
8.38057
8.38184
8.3831
8.38437
8.38564
8.38691
8.38819
8.38946
8.39074
8.39202
8.3933
8.39458
8.39587
8.39715
8.39844
8.39973
8.40103
8.40232
8.40362
8.40492
8.40622
8.40753
8.40883
8.41014
8.41145
8.41276
8.41408
8.41539
8.41671
8.41803
8.41936
8.42068
8.42201
8.42334
8.42467
8.426
8.42733
8.42867
8.43001
8.43135
8.43269
8.43404
8.43538
8.43673
8.43808
8.43944
8.44079
8.44214
8.44349
8.44484
8.4462
8.44755
8.4489
8.45026
8.45161
8.45297
8.45432
8.45568
8.45703
8.45839
8.45974
8.4611
8.46246
8.46381
8.46517
8.46653
8.46789
8.46925
8.47061
8.47197
8.47333
8.4747
8.47606
8.47743
8.4788
8.48017
8.48154
8.48291
8.48428
8.48566
8.48703
8.48841
8.48978
8.49116
8.49254
8.49392
8.4953
8.49668
8.49806
8.49944
8.50082
8.5022
8.50357
8.50495
8.50633
8.5077
8.50908
8.51046
8.51183
8.5132
8.51458
8.51595
8.51732
8.5187
8.52007
8.52144
8.52281
8.52418
8.52555
8.52692
8.52829
8.52966
8.53103
8.53239
8.53376
8.53512
8.53649
8.53785
8.5392
8.54056
8.54192
8.54327
8.54463
8.54598
8.54733
8.54867
8.55002
8.55137
8.55271
8.55405
8.55539
8.55673
8.55807
8.5594
8.56073
8.56207
8.5634
8.56473
8.56605
8.56738
8.5687
8.57003
8.57135
8.57267
8.57398
8.5753
8.57661
8.57793
8.57924
8.58054
8.58185
8.58315
8.58446
8.58575
8.58705
8.58835
8.58964
8.59093
8.59222
8.5935
8.59479
8.59607
8.59735
8.59862
8.5999
8.60117
8.60243
8.6037
8.60496
8.60622
8.60748
8.60874
8.60999
8.61124
8.61249
8.61373
8.61497
8.61621
8.61745
8.61868
8.61991
8.62114
8.62236
8.62359
8.62481
8.62603
8.62724
8.62845
8.62966
8.63087
8.63207
8.63328
8.63448
8.63567
8.63687
8.63806
8.63925
8.64043
8.64161
8.6428
8.64397
8.64515
8.64632
8.64749
8.64866
8.64982
8.65098
8.65214
8.6533
8.65446
8.65561
8.65676
8.65791
8.65906
8.6602
8.66135
8.66249
8.66363
8.66477
8.6659
8.66704
8.66817
8.6693
8.67043
8.67156
8.67268
8.67381
8.67493
8.67605
8.67717
8.67829
8.67941
8.68052
8.68164
8.68275
8.68386
8.68497
8.68608
8.68719
8.6883
8.6894
8.69051
8.69161
8.69272
8.69382
8.69492
8.69602
8.69712
8.69822
8.69932
8.70041
8.70151
8.70261
8.7037
8.7048
8.70589
8.70699
8.70808
8.70917
8.71027
8.71136
8.71245
8.71354
8.71464
8.71573
8.71682
8.71791
8.71901
8.7201
8.72119
8.72229
8.72339
8.72448
8.72558
8.72669
8.72779
8.72889
8.73
8.7311
8.73221
8.73332
8.73443
8.73554
8.73665
8.73777
8.73888
8.74
8.74112
8.74224
8.74336
8.74448
8.74561
8.74673
8.74786
8.74899
8.75012
8.75125
8.75238
8.75352
8.75465
8.75579
8.75692
8.75806
8.7592
8.76035
8.76149
8.76263
8.76378
8.76493
8.76608
8.76723
8.76838
8.76953
8.77068
8.77184
8.77299
8.77415
8.77531
8.77647
8.77763
8.77879
8.77995
8.78112
8.78229
8.78345
8.78462
8.78579
8.78696
8.78813
8.78931
8.79048
8.79166
8.79284
8.79402
8.7952
8.79638
8.79756
8.79874
8.79993
8.80112
8.80231
8.8035
8.80469
8.80588
8.80707
8.80826
8.80946
8.81065
8.81185
8.81305
8.81424
8.81544
8.81664
8.81783
8.81903
8.82023
8.82143
8.82263
8.82383
8.82503
8.82623
8.82744
8.82864
8.82984
8.83104
8.83225
8.83345
8.83466
8.83586
8.83707
8.83828
8.83948
8.84069
8.8419
8.84311
8.84432
8.84553
8.84674
8.84795
8.84916
8.85037
8.85158
8.8528
8.85401
8.85522
8.85644
8.85765
8.85887
8.86008
8.8613
8.86251
8.86373
8.86494
8.86616
8.86738
8.8686
8.86981
8.87103
8.87225
8.87347
8.87469
8.87591
8.87713
8.87836
8.87958
8.8808
8.88202
8.88325
8.88447
8.88569
8.88692
8.88814
8.88937
8.89059
8.89182
8.89304
8.89427
8.8955
8.89672
8.89795
8.89918
8.90041
8.90164
8.90287
8.9041
8.90532
8.90656
8.90779
8.90902
8.91025
8.91148
8.91271
8.91394
8.91518
8.91641
8.91764
8.91888
8.9201
8.92132
8.92254
8.92375
8.92495
8.92616
8.92736
8.92856
8.92976
8.93097
8.93217
8.93337
8.93458
8.93578
8.93699
8.93819
8.9394
8.9406
8.94181
8.94302
8.94423
8.94543
8.94664
8.94785
8.94906
8.95027
8.95148
8.9527
8.95391
8.95512
8.95633
8.95755
8.95876
8.95998
8.96119
8.96241
8.96362
8.96484
8.96606
8.96728
8.96849
8.96971
8.97093
8.97215
8.97338
8.9746
8.97582
8.97704
8.97827
8.97949
8.98072
8.98195
8.98317
8.9844
8.98563
8.98686
8.98809
8.98933
8.99056
8.99179
8.99303
8.99427
8.99551
8.99675
8.99799
8.99923
9.00048
9.00172
9.00297
9.00422
9.00547
9.00672
9.00797
9.00923
9.01049
9.01175
9.01301
9.01427
9.01553
9.0168
9.01806
9.01933
9.0206
9.02188
9.02315
9.02443
9.02571
9.02699
9.02827
9.02955
9.03084
9.03213
9.03342
9.03471
9.036
9.0373
9.03859
9.03989
9.04119
9.0425
9.0438
9.04511
9.04641
9.04772
9.04904
9.05035
9.05167
9.05298
9.0543
9.05562
9.05695
9.05827
9.0596
9.06093
9.06226
9.06359
9.06492
9.06626
9.0676
9.06894
9.07028
9.07162
9.07296
9.07431
9.07566
9.07701
9.07836
9.07971
9.08107
9.08242
9.08378
9.08514
9.0865
9.08787
9.08923
9.0906
9.09196
9.09333
9.09471
9.09608
9.09745
9.09883
9.10021
9.10159
9.10297
9.10435
9.10574
9.10713
9.10851
9.1099
9.11129
9.11269
9.11408
9.11548
9.11688
9.11827
9.11967
9.12108
9.12248
9.12388
9.12528
9.12668
9.12808
9.12948
9.13088
9.13228
9.13367
9.13507
9.13646
9.13785
9.13924
9.14063
9.14202
9.14341
9.1448
9.14618
9.14757
9.14895
9.15033
9.15172
9.1531
9.15448
9.15586
9.15724
9.15862
9.16
9.16138
9.16276
9.16414
9.16552
9.1669
9.16829
9.16967
9.17105
9.17243
9.17381
9.17519
9.17657
9.17794
9.17932
9.18069
9.18207
9.18344
9.18481
9.18618
9.18754
9.18891
9.19027
9.19163
9.19299
9.19434
9.1957
9.19705
9.1984
9.19974
9.20109
9.20243
9.20376
9.20509
9.20642
9.20775
9.20907
9.21039
9.21171
9.21302
9.21433
9.21564
9.21694
9.21824
9.21953
9.22083
9.22212
9.22341
9.22469
9.22597
9.22725
9.22853
9.2298
9.23107
9.23234
9.23361
9.23487
9.23613
9.23739
9.23865
9.2399
9.24115
9.2424
9.24365
9.2449
9.24614
9.24738
9.24862
9.24986
9.2511
9.25233
9.25356
9.25479
9.25602
9.25725
9.25847
9.25969
9.26091
9.26213
9.26334
9.26456
9.26577
9.26698
9.26818
9.26938
9.27058
9.27178
9.27298
9.27417
9.27536
9.27655
9.27773
9.27891
9.28009
9.28127
9.28245
9.28362
9.28479
9.28595
9.28712
9.28828
9.28944
9.2906
9.29175
9.2929
9.29405
9.2952
9.29634
9.29749
9.29863
9.29977
9.3009
9.30203
9.30317
9.30429
9.30542
9.30655
9.30767
9.30879
9.30991
9.31102
9.31214
9.31325
9.31436
9.31547
9.31658
9.31768
9.31878
9.31989
9.32099
9.32208
9.32318
9.32428
9.32537
9.32646
9.32755
9.32864
9.32973
9.33081
9.3319
9.33298
9.33407
9.33515
9.33623
9.33731
9.33839
9.33947
9.34055
9.34163
9.34271
9.34379
9.34486
9.34594
9.34702
9.34809
9.34917
9.35024
9.35132
9.35239
9.35347
9.35454
9.35561
9.35668
9.35776
9.35883
9.3599
9.36097
9.36204
9.36311
9.36419
9.36526
9.36633
9.3674
9.36847
9.36954
9.37061
9.37168
9.37275
9.37382
9.37489
9.37596
9.37703
9.3781
9.37917
9.38024
9.38131
9.38238
9.38345
9.38452
9.38559
9.38666
9.38773
9.3888
9.38987
9.39094
9.39201
9.39308
9.39415
9.39523
9.3963
9.39738
9.39845
9.39953
9.40061
9.40169
9.40277
9.40386
9.40494
9.40603
9.40711
9.4082
9.40929
9.41038
9.41147
9.41257
9.41366
9.41476
9.41585
9.41695
9.41805
9.41915
9.42025
9.42136
9.42246
9.42357
9.42467
9.42578
9.42689
9.428
9.42911
9.43023
9.43134
9.43246
9.43357
9.43469
9.43581
9.43693
9.43805
9.43917
9.4403
9.44142
9.44255
9.44368
9.4448
9.44593
9.44707
9.4482
9.44933
9.45047
9.4516
9.45274
9.45388
9.45502
9.45616
9.45731
9.45845
9.4596
9.46074
9.46189
9.46304
9.46419
9.46534
9.46649
9.46764
9.46879
9.46995
9.4711
9.47225
9.47341
9.47456
9.47572
9.47688
9.47803
9.47919
9.48034
9.4815
9.48266
9.48382
9.48498
9.48614
9.4873
9.48846
9.48962
9.49078
9.49194
9.4931
9.49427
9.49543
9.49659
9.49776
9.49892
9.50009
9.50125
9.50242
9.50358
9.50475
9.50591
9.50708
9.50824
9.50941
9.51058
9.51174
9.51291
9.51408
9.51525
9.51641
9.51758
9.51875
9.51991
9.52108
9.52225
9.52342
9.52459
9.52575
9.52692
9.52809
9.52926
9.53043
9.5316
9.53277
9.53394
9.53511
9.53628
9.53745
9.53862
9.53979
9.54096
9.54213
9.5433
9.54447
9.54564
9.54681
9.54798
9.54916
9.55033
9.5515
9.55267
9.55384
9.55502
9.55619
9.55736
9.55854
9.55971
9.56088
9.56205
9.56322
9.56438
9.56553
9.56667
9.56782
9.56896
9.57009
9.57123
9.57237
9.57351
9.57464
9.57578
9.57692
9.57806
9.5792
9.58034
9.58148
9.58262
9.58376
9.5849
9.58604
9.58718
9.58832
9.58946
9.5906
9.59174
9.59288
9.59402
9.59517
9.59631
9.59745
9.59859
9.59974
9.60088
9.60202
9.60317
9.60431
9.60545
9.6066
9.60774
9.60889
9.61003
9.61118
9.61232
9.61347
9.61461
9.61576
9.61691
9.61805
9.6192
9.62035
9.6215
9.62265
9.6238
9.62495
9.6261
9.62725
9.6284
9.62956
9.63071
9.63186
9.63302
9.63417
9.63533
9.63649
9.63765
9.63881
9.63997
9.64113
9.64229
9.64346
9.64462
9.64579
9.64695
9.64812
9.64929
9.65046
9.65164
9.65281
9.65399
9.65516
9.65634
9.65752
9.6587
9.65989
9.66107
9.66226
9.66345
9.66463
9.66583
9.66702
9.66821
9.66941
9.67061
9.67181
9.67301
9.67421
9.67541
9.67662
9.67783
9.67904
9.68025
9.68146
9.68267
9.68389
9.68511
9.68633
9.68755
9.68877
9.68999
9.69122
9.69245
9.69367
9.6949
9.69612
9.69735
9.69858
9.6998
9.70103
9.70225
9.70348
9.7047
9.70593
9.70716
9.70838
9.7096
9.71083
9.71205
9.71328
9.7145
9.71573
9.71695
9.71818
9.7194
9.72063
9.72185
9.72308
9.72431
9.72554
9.72677
9.728
9.72923
9.73046
9.73169
9.73293
9.73416
9.7354
9.73663
9.73787
9.73911
9.74035
9.74159
9.74283
9.74407
9.74531
9.74655
9.74779
9.74903
9.75027
9.75151
9.75274
9.75398
9.75522
9.75646
9.75769
9.75893
9.76016
9.7614
9.76263
9.76386
9.76509
9.76632
9.76754
9.76877
9.77
9.77122
9.77245
9.77367
9.77489
9.77611
9.77733
9.77856
9.77978
9.781
9.78222
9.78343
9.78465
9.78587
9.78709
9.7883
9.78951
9.79073
9.79194
9.79315
9.79436
9.79556
9.79677
9.79797
9.79918
9.80038
9.80158
9.80278
9.80398
9.80517
9.80637
9.80756
9.80875
9.80994
9.81113
9.81232
9.8135
9.81468
9.81587
9.81704
9.81822
9.8194
9.82057
9.82175
9.82292
9.82409
9.82526
9.82643
9.82759
9.82876
9.82992
9.83108
9.83224
9.8334
9.83455
9.83571
9.83686
9.83801
9.83916
9.84031
9.84146
9.8426
9.84374
9.84488
9.84602
9.84716
9.84829
9.84942
9.85055
9.85168
9.8528
9.85392
9.85504
9.85616
9.85728
9.85839
9.8595
9.86061
9.86171
9.86282
9.86392
9.86501
9.86611
9.8672
9.86829
9.86938
9.87046
9.87154
9.87262
9.8737
9.87477
9.87584
9.87691
9.87797
9.87903
9.88009
9.88115
9.8822
9.88325
9.8843
9.88534
9.88639
9.88743
9.88846
9.8895
9.89053
9.89155
9.89258
9.8936
9.89462
9.89564
9.89665
9.89767
9.89867
9.89968
9.90069
9.90169
9.90269
9.90368
9.90468
9.90567
9.90666
9.90765
9.90864
9.90962
9.91061
9.91159
9.91257
9.91354
9.91452
9.91549
9.91647
9.91744
9.91841
9.91938
9.92034
9.92131
9.92228
9.92324
9.9242
9.92517
9.92613
9.92709
9.92806
9.92902
9.92998
9.93095
9.93191
9.93287
9.93383
9.9348
9.93576
9.93672
9.93768
9.93865
9.93961
9.94057
9.94154
9.9425
9.94346
9.94443
9.94539
9.94635
9.94732
9.94828
9.94925
9.95021
9.95118
9.95214
9.95311
9.95407
9.95504
9.95601
9.95697
9.95794
9.95891
9.95988
9.96084
9.96181
9.96278
9.96375
9.96472
9.9657
9.96667
9.96765
9.96862
9.9696
9.97058
9.97156
9.97255
9.97353
9.97452
9.9755
9.97649
9.97748
9.97847
9.97947
9.98046
9.98146
9.98245
9.98345
9.98445
9.98546
9.98646
9.98747
9.98847
9.98948
9.99049
9.9915
9.99252
9.99353
9.99455
9.99556
9.99658
9.9976
9.99863
9.99965
10.0007
10.0017
10.0027
10.0038
10.0048
10.0058
10.0069
10.0079
10.0089
10.01
10.011
10.0121
10.0131
10.0141
10.0152
10.0162
10.0173
10.0183
10.0194
10.0204
10.0215
10.0225
10.0236
10.0247
10.0257
10.0268
10.0278
10.0289
10.03
10.031
10.0321
10.0332
10.0342
10.0353
10.0364
10.0374
10.0385
10.0395
10.0406
10.0417
10.0427
10.0438
10.0448
10.0459
10.0469
10.048
10.0491
10.0501
10.0512
10.0522
10.0533
10.0543
10.0554
10.0564
10.0575
10.0586
10.0596
10.0607
10.0617
10.0628
10.0639
10.0649
10.066
10.067
10.0681
10.0691
10.0702
10.0713
10.0723
10.0734
10.0744
10.0755
10.0765
10.0775
10.0786
10.0796
10.0806
10.0817
10.0827
10.0838
10.0848
10.0858
10.0869
10.0879
10.089
10.09
10.0911
10.0921
10.0932
10.0942
10.0953
10.0963
10.0974
10.0984
10.0995
10.1006
10.1016
10.1027
10.1037
10.1048
10.1059
10.1069
10.108
10.109
10.1101
10.1112
10.1122
10.1133
10.1144
10.1154
10.1165
10.1176
10.1186
10.1197
10.1208
10.1218
10.1229
10.1239
10.125
10.1261
10.1271
10.1282
10.1293
10.1303
10.1314
10.1324
10.1335
10.1346
10.1356
10.1367
10.1377
10.1388
10.1399
10.1409
10.142
10.143
10.1441
10.1451
10.1462
10.1472
10.1483
10.1493
10.1504
10.1514
10.1524
10.1535
10.1545
10.1555
10.1566
10.1576
10.1586
10.1597
10.1607
10.1617
10.1627
10.1638
10.1648
10.1658
10.1668
10.1678
10.1688
10.1698
10.1708
10.1718
10.1728
10.1738
10.1748
10.1758
10.1768
10.1778
10.1788
10.1797
10.1807
10.1817
10.1827
10.1836
10.1846
10.1856
10.1865
10.1875
10.1884
10.1894
10.1904
10.1913
10.1923
10.1932
10.1941
10.1951
10.196
10.197
10.1979
10.1988
10.1998
10.2007
10.2016
10.2026
10.2035
10.2044
10.2053
10.2063
10.2072
10.2081
10.209
10.2099
10.2108
10.2117
10.2127
10.2136
10.2145
10.2154
10.2163
10.2172
10.2181
10.219
10.2199
10.2208
10.2217
10.2226
10.2235
10.2244
10.2253
10.2262
10.2271
10.228
10.2289
10.2298
10.2306
10.2315
10.2324
10.2333
10.2341
10.235
10.2359
10.2368
10.2376
10.2385
10.2394
10.2402
10.2411
10.242
10.2428
10.2437
10.2446
10.2454
10.2463
10.2472
10.248
10.2489
10.2498
10.2506
10.2515
10.2524
10.2532
10.2541
10.255
10.2558
10.2567
10.2576
10.2585
10.2593
10.2602
10.2611
10.262
10.2628
10.2637
10.2646
10.2654
10.2663
10.2672
10.2681
10.269
10.2698
10.2707
10.2716
10.2725
10.2733
10.2742
10.2751
10.276
10.2769
10.2777
10.2786
10.2795
10.2804
10.2813
10.2822
10.283
10.2839
10.2848
10.2857
10.2865
10.2874
10.2883
10.2892
10.2901
10.2909
10.2918
10.2927
10.2936
10.2944
10.2953
10.2962
10.297
10.2979
10.2988
10.2996
10.3005
10.3014
10.3022
10.3031
10.304
10.3048
10.3057
10.3065
10.3074
10.3082
10.3091
10.31
10.3108
10.3117
10.3125
10.3134
10.3142
10.3151
10.3159
10.3168
10.3176
10.3185
10.3193
10.3202
10.321
10.3219
10.3227
10.3236
10.3244
10.3253
10.3261
10.327
10.3278
10.3287
10.3295
10.3304
10.3312
10.3321
10.3329
10.3338
10.3346
10.3355
10.3363
10.3372
10.338
10.3389
10.3398
10.3406
10.3415
10.3423
10.3432
10.3441
10.3449
10.3458
10.3467
10.3475
10.3484
10.3493
10.3501
10.351
10.3519
10.3528
10.3536
10.3545
10.3554
10.3563
10.3572
10.358
10.3589
10.3598
10.3607
10.3616
10.3625
10.3634
10.3643
10.3652
10.3661
10.367
10.3679
10.3688
10.3697
10.3706
10.3715
10.3724
10.3733
10.3742
10.3751
10.376
10.3769
10.3779
10.3788
10.3797
10.3806
10.3815
10.3825
10.3834
10.3843
10.3853
10.3862
10.3871
10.3881
10.389
10.3899
10.3909
10.3918
10.3927
10.3937
10.3946
10.3956
10.3965
10.3975
10.3984
10.3994
10.4003
10.4013
10.4022
10.4032
10.4042
10.4051
10.4061
10.407
10.408
10.409
10.4099
10.4109
10.4119
10.4128
10.4138
10.4148
10.4157
10.4167
10.4177
10.4186
10.4196
10.4206
10.4216
10.4225
10.4235
10.4245
10.4254
10.4264
10.4273
10.4283
10.4293
10.4302
10.4312
10.4321
10.4331
10.4341
10.435
10.436
10.437
10.4379
10.4389
10.4399
10.4409
10.4419
10.4428
10.4438
10.4448
10.4458
10.4468
10.4478
10.4487
10.4497
10.4507
10.4517
10.4527
10.4537
10.4547
10.4557
10.4567
10.4577
10.4587
10.4597
10.4607
10.4617
10.4627
10.4637
10.4647
10.4657
10.4667
10.4677
10.4688
10.4698
10.4708
10.4718
10.4728
10.4738
10.4748
10.4758
10.4768
10.4778
10.4788
10.4798
10.4808
10.4818
10.4828
10.4838
10.4848
10.4858
10.4868
10.4878
10.4888
10.4898
10.4908
10.4918
10.4928
10.4938
10.4948
10.4957
10.4967
10.4977
10.4987
10.4997
10.5007
10.5017
10.5026
10.5036
10.5046
10.5056
10.5065
10.5075
10.5085
10.5095
10.5104
10.5114
10.5124
10.5133
10.5143
10.5152
10.5162
10.5172
10.5181
10.5191
10.52
10.521
10.5219
10.5229
10.5238
10.5248
10.5257
10.5267
10.5276
10.5285
10.5295
10.5304
10.5313
10.5323
10.5332
10.5341
10.535
10.536
10.5369
10.5378
10.5387
10.5397
10.5406
10.5415
10.5424
10.5433
10.5442
10.5451
10.5461
10.547
10.5479
10.5488
10.5497
10.5506
10.5515
10.5524
10.5533
10.5542
10.5551
10.556
10.5569
10.5578
10.5586
10.5595
10.5604
10.5613
10.5622
10.5631
10.564
10.5649
10.5657
10.5666
10.5675
10.5684
10.5693
10.5701
10.571
10.5719
10.5728
10.5737
10.5745
10.5754
10.5763
10.5772
10.578
10.5789
10.5798
10.5806
10.5815
10.5824
10.5833
10.5841
10.585
10.5859
10.5867
10.5876
10.5885
10.5893
10.5902
10.5911
10.5919
10.5928
10.5937
10.5945
10.5954
10.5963
10.5971
10.598
10.5989
10.5997
10.6006
10.6015
10.6023
10.6032
10.6041
10.6049
10.6058
10.6066
10.6075
10.6083
10.6092
10.61
10.6109
10.6117
10.6126
10.6134
10.6142
10.6151
10.6159
10.6167
10.6176
10.6184
10.6192
10.62
10.6209
10.6217
10.6225
10.6234
10.6242
10.625
10.6258
10.6267
10.6275
10.6283
10.6292
10.63
10.6308
10.6316
10.6325
10.6333
10.6341
10.635
10.6358
10.6366
10.6375
10.6383
10.6391
10.64
10.6408
10.6416
10.6425
10.6433
10.6441
10.645
10.6458
10.6467
10.6475
10.6483
10.6492
10.65
10.6509
10.6517
10.6525
10.6534
10.6542
10.6551
10.6559
10.6567
10.6576
10.6584
10.6593
10.6601
10.6609
10.6618
10.6626
10.6635
10.6643
10.6652
10.666
10.6668
10.6677
10.6685
10.6694
10.6702
10.6711
10.6719
10.6727
10.6736
10.6744
10.6753
10.6761
10.677
10.6778
10.6786
10.6795
10.6803
10.6812
10.682
10.6829
10.6837
10.6846
10.6854
10.6863
10.6871
10.688
10.6888
10.6897
10.6905
10.6914
10.6922
10.6931
10.6939
10.6948
10.6957
10.6965
10.6974
10.6982
10.6991
10.7
10.7008
10.7017
10.7026
10.7034
10.7043
10.7052
10.706
10.7069
10.7078
10.7087
10.7095
10.7104
10.7113
10.7122
10.7131
10.7139
10.7148
10.7157
10.7166
10.7175
10.7184
10.7193
10.7202
10.7211
10.722
10.7229
10.7238
10.7247
10.7256
10.7265
10.7274
10.7283
10.7292
10.7301
10.731
10.7319
10.7328
10.7338
10.7347
10.7356
10.7365
10.7374
10.7384
10.7393
10.7402
10.7411
10.7421
10.743
10.7439
10.7449
10.7458
10.7467
10.7477
10.7486
10.7496
10.7505
10.7515
10.7524
10.7534
10.7543
10.7553
10.7562
10.7572
10.7581
10.7591
10.76
10.761
10.762
10.7629
10.7639
10.7649
10.7658
10.7668
10.7678
10.7687
10.7697
10.7707
10.7716
10.7726
10.7736
10.7746
10.7755
10.7765
10.7775
10.7785
10.7794
10.7804
10.7814
10.7823
10.7833
10.7843
10.7853
10.7863
10.7872
10.7882
10.7892
10.7902
10.7912
10.7922
10.7932
10.7942
10.7952
10.7962
10.7972
10.7982
10.7992
10.8002
10.8012
10.8022
10.8032
10.8042
10.8053
10.8063
10.8073
10.8083
10.8093
10.8103
10.8114
10.8124
10.8134
10.8144
10.8154
10.8165
10.8175
10.8185
10.8195
10.8206
10.8216
10.8226
10.8236
10.8246
10.8257
10.8267
10.8277
10.8287
10.8298
10.8308
10.8318
10.8328
10.8338
10.8349
10.8359
10.8369
10.8379
10.8389
10.8399
10.841
10.842
10.843
10.844
10.845
10.846
10.847
10.848
10.8491
10.8501
10.8511
10.8521
10.8531
10.8541
10.8551
10.8561
10.8571
10.8581
10.8591
10.8601
10.8611
10.8621
10.8631
10.8641
10.865
10.866
10.867
10.868
10.869
10.87
10.871
10.8719
10.8729
10.8739
10.8749
10.8759
10.8768
10.8778
10.8788
10.8797
10.8807
10.8817
10.8826
10.8836
10.8846
10.8855
10.8865
10.8875
10.8884
10.8894
10.8903
10.8913
10.8922
10.8932
10.8941
10.8951
10.896
10.897
10.8979
10.8989
10.8998
10.9008
10.9017
10.9027
10.9036
10.9046
10.9055
10.9064
10.9074
10.9083
10.9092
10.9102
10.9111
10.9121
10.913
10.9139
10.9149
10.9158
10.9167
10.9177
10.9186
10.9195
10.9204
10.9214
10.9223
10.9232
10.9242
10.9251
10.926
10.9269
10.9279
10.9288
10.9297
10.9306
10.9316
10.9325
10.9334
10.9343
10.9353
10.9362
10.9371
10.938
10.939
10.9399
10.9408
10.9417
10.9427
10.9436
10.9445
10.9454
10.9463
10.9473
10.9482
10.9491
10.95
10.951
10.9519
10.9528
10.9537
10.9546
10.9556
10.9565
10.9574
10.9583
10.9593
10.9602
10.9611
10.962
10.9629
10.9639
10.9648
10.9657
10.9666
10.9675
10.9685
10.9694
10.9703
10.9712
10.9721
10.9731
10.974
10.9749
10.9758
10.9768
10.9777
10.9786
10.9795
10.9804
10.9813
10.9823
10.9832
10.9841
10.985
10.9859
10.9868
10.9877
10.9886
10.9895
10.9903
10.9912
10.9921
10.993
10.9939
10.9947
10.9956
10.9965
10.9974
10.9982
10.9991
11
11.0009
11.0017
11.0026
11.0035
11.0043
11.0052
11.0061
11.0069
11.0078
11.0087
11.0096
11.0104
11.0113
11.0122
11.013
11.0139
11.0148
11.0157
11.0165
11.0174
11.0183
11.0192
11.0201
11.0209
11.0218
11.0227
11.0236
11.0245
11.0253
11.0262
11.0271
11.028
11.0289
11.0298
11.0307
11.0316
11.0325
11.0334
11.0342
11.0351
11.036
11.0369
11.0378
11.0387
11.0396
11.0406
11.0415
11.0424
11.0433
11.0442
11.0451
11.046
11.0469
11.0478
11.0487
11.0497
11.0506
11.0515
11.0524
11.0533
11.0543
11.0552
11.0561
11.057
11.058
11.0589
11.0598
11.0608
11.0617
11.0626
11.0636
11.0645
11.0655
11.0664
11.0673
11.0683
11.0692
11.0702
11.0711
11.0721
11.073
11.074
11.0749
11.0759
11.0769
11.0778
11.0788
11.0798
11.0807
11.0817
11.0827
11.0836
11.0846
11.0856
11.0866
11.0875
11.0885
11.0895
11.0905
11.0915
11.0924
11.0934
11.0944
11.0954
11.0964
11.0974
11.0984
11.0994
11.1004
11.1014
11.1024
11.1034
11.1044
11.1054
11.1064
11.1074
11.1084
11.1094
11.1105
11.1115
11.1125
11.1135
11.1145
11.1156
11.1166
11.1176
11.1186
11.1197
11.1207
11.1217
11.1228
11.1238
11.1248
11.1259
11.1269
11.1279
11.129
11.13
11.1311
11.1321
11.1332
11.1342
11.1353
11.1363
11.1374
11.1384
11.1395
11.1406
11.1416
11.1427
11.1437
11.1448
11.1459
11.1469
11.148
11.1491
11.1501
11.1512
11.1523
11.1534
11.1544
11.1555
11.1566
11.1577
11.1588
11.1599
11.161
11.1621
11.1632
11.1643
11.1654
11.1665
11.1676
11.1687
11.1698
11.1709
11.172
11.1731
11.1743
11.1754
11.1765
11.1776
11.1787
11.1798
11.181
11.1821
11.1832
11.1843
11.1855
11.1866
11.1877
11.1888
11.19
11.1911
11.1922
11.1933
11.1945
11.1956
11.1967
11.1978
11.199
11.2001
11.2012
11.2023
11.2035
11.2046
11.2057
11.2068
11.208
11.2091
11.2102
11.2113
11.2125
11.2136
11.2147
11.2158
11.217
11.2181
11.2192
11.2203
11.2214
11.2225
11.2237
11.2248
11.2259
11.227
11.2281
11.2292
11.2303
11.2315
11.2326
11.2337
11.2348
11.2359
11.237
11.2381
11.2392
11.2403
11.2414
11.2425
11.2436
11.2447
11.2458
11.2469
11.248
11.2491
11.2502
11.2513
11.2524
11.2534
11.2545
11.2556
11.2567
11.2578
11.2589
11.26
11.261
11.2621
11.2632
11.2643
11.2654
11.2664
11.2675
11.2686
11.2697
11.2708
11.2718
11.2729
11.274
11.275
11.2761
11.2772
11.2783
11.2793
11.2804
11.2815
11.2825
11.2836
11.2847
11.2857
11.2868
11.2879
11.2889
11.29
11.291
11.2921
11.2932
11.2942
11.2953
11.2964
11.2974
11.2985
11.2995
11.3006
11.3017
11.3027
11.3038
11.3048
11.3059
11.307
11.308
11.3091
11.3101
11.3112
11.3122
11.3133
11.3144
11.3154
11.3165
11.3175
11.3186
11.3197
11.3207
11.3218
11.3228
11.3239
11.325
11.326
11.3271
11.3281
11.3292
11.3303
11.3313
11.3324
11.3335
11.3345
11.3356
11.3366
11.3377
11.3388
11.3398
11.3409
11.342
11.343
11.3441
11.3452
11.3462
11.3473
11.3483
11.3494
11.3505
11.3515
11.3526
11.3537
11.3547
11.3558
11.3569
11.3579
11.359
11.3601
11.3611
11.3622
11.3633
11.3643
11.3654
11.3665
11.3675
11.3686
11.3697
11.3707
11.3718
11.3729
11.3739
11.375
11.3761
11.3771
11.3782
11.3793
11.3804
11.3814
11.3825
11.3836
11.3846
11.3857
11.3868
11.3878
11.3889
11.39
11.391
11.3921
11.3932
11.3942
11.3953
11.3964
11.3974
11.3985
11.3995
11.4006
11.4016
11.4027
11.4037
11.4048
11.4058
11.4068
11.4079
11.4089
11.4099
11.4109
11.412
11.413
11.414
11.415
11.416
11.4171
11.4181
11.4191
11.4201
11.4211
11.4222
11.4232
11.4242
11.4252
11.4262
11.4273
11.4283
11.4293
11.4303
11.4314
11.4324
11.4334
11.4344
11.4355
11.4365
11.4375
11.4385
11.4396
11.4406
11.4416
11.4426
11.4437
11.4447
11.4457
11.4468
11.4478
11.4488
11.4498
11.4509
11.4519
11.4529
11.454
11.455
11.456
11.4571
11.4581
11.4592
11.4602
11.4612
11.4623
11.4633
11.4644
11.4654
11.4664
11.4675
11.4685
11.4696
11.4706
11.4717
11.4727
11.4738
11.4749
11.4759
11.477
11.478
11.4791
11.4802
11.4812
11.4823
11.4834
11.4844
11.4855
11.4866
11.4877
11.4887
11.4898
11.4909
11.492
11.4931
11.4941
11.4952
11.4963
11.4974
11.4985
11.4996
11.5007
11.5018
11.5029
11.504
11.5051
11.5062
11.5073
11.5084
11.5096
11.5107
11.5118
11.5129
11.514
11.5152
11.5163
11.5174
11.5185
11.5197
11.5208
11.522
11.5231
11.5242
11.5254
11.5265
11.5277
11.5288
11.53
11.5311
11.5323
11.5335
11.5346
11.5358
11.5369
11.5381
11.5393
11.5405
11.5416
11.5428
11.544
11.5452
11.5464
11.5475
11.5487
11.5499
11.5511
11.5523
11.5535
11.5547
11.5559
11.5571
11.5583
11.5596
11.5608
11.562
11.5632
11.5644
11.5657
11.5669
11.5681
11.5694
11.5706
11.5719
11.5731
11.5743
11.5756
11.5768
11.5781
11.5793
11.5806
11.5819
11.5831
11.5844
11.5857
11.5869
11.5882
11.5895
11.5907
11.592
11.5933
11.5946
11.5958
11.5971
11.5984
11.5997
11.601
11.6023
11.6036
11.6048
11.6061
11.6074
11.6087
11.61
11.6113
11.6126
11.6139
11.6152
11.6165
11.6178
11.6191
11.6204
11.6217
11.6229
11.6242
11.6255
11.6268
11.6281
11.6294
11.6307
11.632
11.6333
11.6346
11.6358
11.6371
11.6384
11.6397
11.641
11.6423
11.6435
11.6448
11.6461
11.6474
11.6487
11.6499
11.6512
11.6525
11.6537
11.655
11.6563
11.6575
11.6588
11.66
11.6613
11.6626
11.6638
11.6651
11.6663
11.6676
11.6688
11.6701
11.6713
11.6725
11.6738
11.675
11.6763
11.6775
11.6787
11.68
11.6812
11.6824
11.6836
11.6849
11.6861
11.6873
11.6885
11.6897
11.691
11.6922
11.6934
11.6946
11.6958
11.697
11.6982
11.6994
11.7006
11.7018
11.703
11.7042
11.7054
11.7066
11.7078
11.709
11.7102
11.7114
11.7126
11.7138
11.715
11.7162
11.7174
11.7186
11.7198
11.721
11.7221
11.7233
11.7245
11.7257
11.7269
11.7281
11.7293
11.7305
11.7316
11.7328
11.734
11.7352
11.7364
11.7376
11.7388
11.74
11.7411
11.7423
11.7435
11.7447
11.7459
11.7471
11.7483
11.7495
11.7507
11.7519
11.7531
11.7543
11.7555
11.7566
11.7578
11.759
11.7602
11.7614
11.7626
11.7638
11.765
11.7662
11.7674
11.7686
11.7698
11.7711
11.7723
11.7735
11.7747
11.7759
11.7771
11.7783
11.7795
11.7807
11.7819
11.7831
11.7844
11.7856
11.7868
11.788
11.7892
11.7904
11.7916
11.7929
11.7941
11.7953
11.7965
11.7978
11.799
11.8002
11.8014
11.8027
11.8039
11.8051
11.8063
11.8076
11.8088
11.81
11.8113
11.8125
11.8138
11.815
11.8162
11.8175
11.8187
11.8199
11.8212
11.8224
11.8237
11.8249
11.8262
11.8274
11.8287
11.8299
11.8312
11.8324
11.8337
11.8349
11.8362
11.8374
11.8387
11.8399
11.8412
11.8424
11.8437
11.8449
11.8462
11.8474
11.8487
11.8499
11.8512
11.8524
11.8537
11.8549
11.8562
11.8575
11.8587
11.86
11.8612
11.8625
11.8637
11.865
11.8662
11.8674
11.8687
11.8699
11.8711
11.8723
11.8736
11.8748
11.876
11.8772
11.8784
11.8796
11.8808
11.882
11.8832
11.8844
11.8856
11.8868
11.888
11.8892
11.8904
11.8916
11.8928
11.894
11.8952
11.8964
11.8976
11.8988
11.9
11.9012
11.9024
11.9036
11.9048
11.906
11.9072
11.9084
11.9096
11.9108
11.912
11.9132
11.9144
11.9156
11.9168
11.918
11.9192
11.9204
11.9216
11.9228
11.924
11.9252
11.9264
11.9276
11.9288
11.9301
11.9313
11.9325
11.9337
11.9349
11.9361
11.9373
11.9385
11.9397
11.9409
11.9421
11.9433
11.9445
11.9458
11.947
11.9482
11.9494
11.9506
11.9518
11.953
11.9542
11.9555
11.9567
11.9579
11.9591
11.9603
11.9615
11.9628
11.964
11.9652
11.9664
11.9676
11.9689
11.9701
11.9713
11.9725
11.9738
11.975
11.9762
11.9774
11.9787
11.9799
11.9811
11.9824
11.9836
11.9848
11.9861
11.9873
11.9885
11.9898
11.991
11.9922
11.9935
11.9947
11.996
11.9972
11.9984
11.9997
12.0009
12.0022
12.0034
12.0046
12.0059
12.0071
12.0084
12.0096
12.0109
12.0121
12.0134
12.0146
12.0159
12.0172
12.0184
12.0197
12.0209
12.0222
12.0235
12.0247
12.026
12.0273
12.0286
12.0298
12.0311
12.0324
12.0337
12.035
12.0362
12.0375
12.0388
12.0401
12.0414
12.0427
12.044
12.0453
12.0466
12.0479
12.0491
12.0504
12.0517
12.053
12.0543
12.0556
12.0569
12.0582
12.0595
12.0608
12.0621
12.0634
12.0647
12.066
12.0673
12.0685
12.0698
12.0711
12.0724
12.0737
12.0749
12.0762
12.0775
12.0788
12.08
12.0813
12.0826
12.0839
12.0851
12.0864
12.0876
12.0889
12.0902
12.0914
12.0927
12.0939
12.0952
12.0964
12.0976
12.0989
12.1001
12.1013
12.1026
12.1038
12.105
12.1062
12.1074
12.1087
12.1099
12.1111
12.1123
12.1135
12.1146
12.1158
12.117
12.1182
12.1194
12.1206
12.1217
12.1229
12.1241
12.1252
12.1264
12.1275
12.1287
12.1299
12.131
12.1321
12.1333
12.1344
12.1356
12.1367
12.1378
12.139
12.1401
12.1412
12.1423
12.1435
12.1446
12.1457
12.1468
12.1479
12.149
12.1501
12.1512
12.1523
12.1534
12.1545
12.1556
12.1567
12.1578
12.1589
12.16
12.1611
12.1621
12.1632
12.1643
12.1654
12.1665
12.1675
12.1686
12.1697
12.1707
12.1718
12.1729
12.1739
12.175
12.1761
12.1771
12.1782
12.1792
12.1803
12.1813
12.1824
12.1835
12.1845
12.1856
12.1866
12.1877
12.1887
12.1898
12.1908
12.1919
12.1929
12.194
12.195
12.1961
12.1972
12.1982
12.1993
12.2003
12.2014
12.2024
12.2035
12.2045
12.2056
12.2066
12.2077
12.2087
12.2098
12.2108
12.2119
12.213
12.214
12.2151
12.2161
12.2172
12.2183
12.2193
12.2204
12.2214
12.2225
12.2236
12.2246
12.2257
12.2268
12.2279
12.2289
12.23
12.2311
12.2322
12.2332
12.2343
12.2354
12.2365
12.2376
12.2386
12.2397
12.2408
12.2419
12.243
12.2441
12.2452
12.2463
12.2474
12.2485
12.2496
12.2507
12.2518
12.2529
12.254
12.2551
12.2562
12.2573
12.2584
12.2595
12.2606
12.2617
12.2629
12.264
12.2651
12.2663
12.2674
12.2685
12.2697
12.2708
12.272
12.2731
12.2743
12.2754
12.2766
12.2778
12.2789
12.2801
12.2813
12.2825
12.2836
12.2848
12.286
12.2872
12.2884
12.2895
12.2907
12.2919
12.2931
12.2943
12.2955
12.2967
12.2979
12.2991
12.3003
12.3015
12.3027
12.3039
12.3051
12.3063
12.3076
12.3088
12.31
12.3112
12.3124
12.3136
12.3148
12.3161
12.3173
12.3185
12.3197
12.3209
12.3221
12.3234
12.3246
12.3258
12.327
12.3282
12.3295
12.3307
12.3319
12.3331
12.3343
12.3356
12.3368
12.338
12.3392
12.3404
12.3416
12.3429
12.3441
12.3453
12.3465
12.3478
12.349
12.3502
12.3514
12.3527
12.3539
12.3551
12.3563
12.3576
12.3588
12.36
12.3612
12.3625
12.3637
12.3649
12.3662
12.3674
12.3686
12.3699
12.3711
12.3723
12.3736
12.3748
12.3761
12.3773
12.3785
12.3798
12.381
12.3823
12.3835
12.3847
12.386
12.3872
12.3885
12.3897
12.391
12.3922
12.3935
12.3948
12.396
12.3973
12.3985
12.3998
12.4011
12.4023
12.4036
12.4049
12.4061
12.4074
12.4087
12.41
12.4112
12.4125
12.4138
12.4151
12.4163
12.4176
12.4189
12.4201
12.4214
12.4227
12.4239
12.4252
12.4265
12.4277
12.429
12.4303
12.4316
12.4328
12.4341
12.4354
12.4367
12.438
12.4393
12.4406
12.4418
12.4431
12.4444
12.4457
12.447
12.4483
12.4496
12.4509
12.4522
12.4535
12.4548
12.4562
12.4575
12.4588
12.4601
12.4614
12.4627
12.464
12.4653
12.4667
12.468
12.4693
12.4706
12.4719
12.4733
12.4746
12.4759
12.4772
12.4785
12.4799
12.4812
12.4825
12.4838
12.4852
12.4865
12.4878
12.4891
12.4904
12.4918
12.4931
12.4944
12.4957
12.4971
12.4984
12.4997
12.501
12.5024
12.5037
12.505
12.5063
12.5077
12.509
12.5103
12.5116
12.513
12.5143
12.5156
12.5169
12.5182
12.5195
12.5208
12.5221
12.5234
12.5247
12.526
12.5272
12.5285
12.5297
12.531
12.5322
12.5335
12.5347
12.5359
12.5371
12.5384
12.5396
12.5408
12.542
12.5432
12.5444
12.5455
12.5467
12.5479
12.5491
12.5503
12.5514
12.5526
12.5537
12.5549
12.556
12.5572
12.5583
12.5595
12.5606
12.5617
12.5629
12.564
12.5651
12.5662
12.5673
12.5684
12.5695
12.5706
12.5717
12.5728
12.5739
12.575
12.576
12.5771
12.5782
12.5792
12.5803
12.5814
12.5824
12.5835
12.5845
12.5856
12.5866
12.5876
12.5887
12.5897
12.5907
12.5917
12.5928
12.5938
12.5948
12.5958
12.5968
12.5978
12.5988
12.5998
12.6008
12.6018
12.6028
12.6038
12.6048
12.6058
12.6068
12.6078
12.6087
12.6097
12.6107
12.6117
12.6127
12.6136
12.6146
12.6156
12.6165
12.6175
12.6184
12.6194
12.6203
12.6213
12.6222
12.6232
12.6241
12.625
12.626
12.6269
12.6278
12.6287
12.6297
12.6306
12.6315
12.6324
12.6333
12.6342
12.6351
12.6361
12.637
12.6379
12.6388
12.6397
12.6406
12.6415
12.6424
12.6432
12.6441
12.645
12.6459
12.6468
12.6477
12.6486
12.6494
12.6503
12.6512
12.6521
12.6529
12.6538
12.6547
12.6555
12.6564
12.6573
12.6581
12.659
12.6598
12.6607
12.6615
12.6624
12.6632
12.6641
12.6649
12.6657
12.6666
12.6674
12.6682
12.6691
12.6699
12.6707
12.6716
12.6724
12.6732
12.674
12.6748
12.6757
12.6765
12.6773
12.6781
12.6789
12.6797
12.6805
12.6814
12.6822
12.683
12.6838
12.6846
12.6854
12.6862
12.687
12.6878
12.6886
12.6894
12.6902
12.691
12.6918
12.6926
12.6934
12.6942
12.695
12.6958
12.6966
12.6974
12.6982
12.699
12.6999
12.7007
12.7015
12.7023
12.7031
12.7039
12.7047
12.7055
12.7063
12.7071
12.7079
12.7087
12.7095
12.7103
12.7111
12.7119
12.7127
12.7135
12.7143
12.7151
12.7159
12.7167
12.7175
12.7183
12.7191
12.7199
12.7207
12.7215
12.7223
12.7231
12.7239
12.7247
12.7255
12.7263
12.7271
12.7279
12.7287
12.7295
12.7303
12.7311
12.7319
12.7327
12.7335
12.7343
12.7351
12.7359
12.7367
12.7375
12.7383
12.7391
12.7399
12.7407
12.7415
12.7423
12.7431
12.7439
12.7447
12.7455
12.7463
12.7471
12.7479
12.7487
12.7495
12.7503
12.7511
12.7519
12.7527
12.7535
12.7542
12.755
12.7558
12.7566
12.7574
12.7582
12.759
12.7598
12.7606
12.7614
12.7621
12.7629
12.7637
12.7645
12.7653
12.7661
12.7669
12.7676
12.7684
12.7692
12.77
12.7708
12.7716
12.7723
12.7731
12.7739
12.7747
12.7755
12.7762
12.777
12.7778
12.7786
12.7794
12.7801
12.7809
12.7817
12.7824
12.7832
12.784
12.7847
12.7855
12.7863
12.787
12.7878
12.7886
12.7893
12.7901
12.7909
12.7916
12.7924
12.7931
12.7939
12.7946
12.7954
12.7961
12.7969
12.7977
12.7984
12.7991
12.7999
12.8006
12.8014
12.8021
12.8029
12.8036
12.8044
12.8051
12.8058
12.8066
12.8073
12.8081
12.8088
12.8095
12.8103
12.811
12.8117
12.8124
12.8132
12.8139
12.8146
12.8153
12.816
12.8167
12.8174
12.8181
12.8188
12.8195
12.8202
12.821
12.8217
12.8224
12.8231
12.8238
12.8245
12.8252
12.8259
12.8266
12.8272
12.8279
12.8286
12.8293
12.83
12.8307
12.8315
12.8322
12.8329
12.8336
12.8343
12.835
12.8357
12.8364
12.8371
12.8378
12.8385
12.8392
12.8399
12.8406
12.8413
12.842
12.8427
12.8434
12.8441
12.8448
12.8456
12.8463
12.847
12.8477
12.8484
12.8491
12.8498
12.8505
12.8512
12.8519
12.8527
12.8534
12.8541
12.8548
12.8555
12.8562
12.8569
12.8576
12.8583
12.859
12.8597
12.8605
12.8612
12.8619
12.8626
12.8633
12.864
12.8647
12.8654
12.8661
12.8668
12.8675
12.8682
12.8689
12.8696
12.8703
12.871
12.8717
12.8724
12.8731
12.8738
12.8745
12.8753
12.876
12.8767
12.8774
12.8781
12.8788
12.8795
12.8802
12.8809
12.8816
12.8823
12.8831
12.8838
12.8845
12.8852
12.8859
12.8866
12.8873
12.8881
12.8888
12.8895
12.8902
12.8909
12.8916
12.8924
12.8931
12.8938
12.8945
12.8953
12.896
12.8967
12.8974
12.8982
12.8989
12.8996
12.9004
12.9011
12.9018
12.9026
12.9033
12.9041
12.9048
12.9055
12.9063
12.907
12.9078
12.9085
12.9093
12.91
12.9108
12.9115
12.9123
12.913
12.9138
12.9145
12.9153
12.9161
12.9168
12.9176
12.9183
12.9191
12.9198
12.9206
12.9213
12.9221
12.9229
12.9236
12.9244
12.9251
12.9259
12.9266
12.9274
12.9281
12.9289
12.9297
12.9304
12.9312
12.9319
12.9327
12.9334
12.9342
12.9349
12.9357
12.9364
12.9371
12.9379
12.9386
12.9394
12.9401
12.9408
12.9416
12.9423
12.9431
12.9438
12.9445
12.9452
12.9459
12.9467
12.9474
12.9481
12.9488
12.9495
12.9502
12.9509
12.9515
12.9522
12.9529
12.9536
12.9543
12.9549
12.9556
12.9563
12.957
12.9576
12.9583
12.959
12.9596
12.9603
12.9609
12.9616
12.9623
12.9629
12.9636
12.9642
12.9648
12.9655
12.9661
12.9668
12.9674
12.968
12.9687
12.9693
12.9699
12.9705
12.9712
12.9718
12.9724
12.973
12.9736
12.9742
12.9749
12.9755
12.9761
12.9767
12.9773
12.9779
12.9785
12.9792
12.9798
12.9804
12.981
12.9816
12.9822
12.9829
12.9835
12.9841
12.9848
12.9854
12.986
12.9867
12.9873
12.9879
12.9886
12.9892
12.9899
12.9905
12.9912
12.9918
12.9925
12.9931
12.9938
12.9944
12.9951
12.9958
12.9964
12.9971
12.9978
12.9984
12.9991
12.9998
13.0004
13.0011
13.0018
13.0025
13.0032
13.0038
13.0045
13.0052
13.0059
13.0066
13.0073
13.0079
13.0086
13.0093
13.01
13.0107
13.0114
13.0121
13.0128
13.0135
13.0141
13.0148
13.0155
13.0162
13.0169
13.0176
13.0183
13.019
13.0197
13.0204
13.0211
13.0218
13.0225
13.0232
13.0239
13.0246
13.0253
13.026
13.0267
13.0274
13.0281
13.0287
13.0294
13.0301
13.0308
13.0315
13.0322
13.0329
13.0336
13.0343
13.035
13.0357
13.0364
13.0371
13.0378
13.0385
13.0393
13.04
13.0407
13.0414
13.0421
13.0428
13.0435
13.0442
13.0449
13.0456
13.0463
13.047
13.0478
13.0485
13.0492
13.0499
13.0506
13.0513
13.052
13.0528
13.0535
13.0542
13.0549
13.0556
13.0564
13.0571
13.0578
13.0585
13.0593
13.06
13.0607
13.0614
13.0622
13.0629
13.0636
13.0644
13.0651
13.0658
13.0666
13.0673
13.068
13.0688
13.0695
13.0703
13.071
13.0718
13.0725
13.0733
13.074
13.0748
13.0755
13.0763
13.077
13.0778
13.0786
13.0793
13.0801
13.0809
13.0816
13.0824
13.0832
13.0839
13.0847
13.0855
13.0863
13.087
13.0878
13.0886
13.0894
13.0902
13.091
13.0918
13.0926
13.0934
13.0942
13.095
13.0958
13.0966
13.0974
13.0982
13.099
13.0998
13.1006
13.1014
13.1022
13.103
13.1039
13.1047
13.1055
13.1063
13.1072
13.108
13.1088
13.1097
13.1105
13.1113
13.1122
13.113
13.1138
13.1147
13.1155
13.1164
13.1172
13.1181
13.1189
13.1198
13.1206
13.1215
13.1224
13.1232
13.1241
13.125
13.1259
13.1267
13.1276
13.1285
13.1294
13.1303
13.1312
13.1321
13.133
13.1339
13.1348
13.1357
13.1366
13.1375
13.1385
13.1394
13.1403
13.1412
13.1422
13.1431
13.144
13.145
13.1459
13.1469
13.1478
13.1488
13.1497
13.1507
13.1516
13.1526
13.1536
13.1545
13.1555
13.1565
13.1574
13.1584
13.1594
13.1604
13.1614
13.1624
13.1634
13.1644
13.1654
13.1664
13.1674
13.1684
13.1694
13.1704
13.1714
13.1724
13.1734
13.1745
13.1755
13.1765
13.1775
13.1785
13.1796
13.1806
13.1816
13.1827
13.1837
13.1847
13.1857
13.1868
13.1878
13.1888
13.1899
13.1909
13.1919
13.193
13.194
13.195
13.196
13.1971
13.1981
13.1991
13.2002
13.2012
13.2022
13.2033
13.2043
13.2053
13.2063
13.2074
13.2084
13.2094
13.2105
13.2115
13.2125
13.2135
13.2146
13.2156
13.2166
13.2176
13.2187
13.2197
13.2207
13.2217
13.2227
13.2238
13.2248
13.2258
13.2268
13.2278
13.2289
13.2299
13.2309
13.2319
13.2329
13.2339
13.235
13.236
13.237
13.238
13.239
13.24
13.241
13.242
13.243
13.244
13.2451
13.2461
13.2471
13.2481
13.2491
13.2501
13.2511
13.2521
13.2531
13.2541
13.2551
13.2561
13.2571
13.2581
13.2591
13.2601
13.2611
13.2621
13.2631
13.2641
13.2651
13.2661
13.2671
13.2681
13.2691
13.2701
13.271
13.272
13.273
13.274
13.275
13.276
13.277
13.278
13.279
13.28
13.2809
13.2819
13.2829
13.2839
13.2849
13.2858
13.2868
13.2878
13.2888
13.2898
13.2907
13.2917
13.2927
13.2937
13.2946
13.2956
13.2966
13.2975
13.2985
13.2995
13.3004
13.3014
13.3023
13.3033
13.3043
13.3052
13.3062
13.3071
13.3081
13.309
13.31
13.3109
13.3119
13.3128
13.3138
13.3147
13.3157
13.3166
13.3175
13.3185
13.3194
13.3203
13.3213
13.3222
13.3231
13.3241
13.325
13.3259
13.3269
13.3278
13.3287
13.3296
13.3306
13.3315
13.3324
13.3333
13.3342
13.3352
13.3361
13.337
13.3379
13.3388
13.3398
13.3407
13.3416
13.3425
13.3434
13.3443
13.3453
13.3462
13.3471
13.348
13.3489
13.3499
13.3508
13.3517
13.3526
13.3535
13.3545
13.3554
13.3563
13.3572
13.3582
13.3591
13.36
13.3609
13.3619
13.3628
13.3637
13.3647
13.3656
13.3665
13.3675
13.3684
13.3694
13.3703
13.3713
13.3722
13.3731
13.3741
13.3751
13.376
13.377
13.3779
13.3789
13.3798
13.3808
13.3818
13.3828
13.3837
13.3847
13.3857
13.3867
13.3876
13.3886
13.3896
13.3906
13.3916
13.3926
13.3936
13.3946
13.3956
13.3966
13.3976
13.3986
13.3996
13.4007
13.4017
13.4027
13.4037
13.4048
13.4058
13.4068
13.4079
13.4089
13.41
13.411
13.4121
13.4131
13.4142
13.4153
13.4163
13.4174
13.4185
13.4196
13.4206
13.4217
13.4228
13.4239
13.425
13.4261
13.4272
13.4283
13.4294
13.4305
13.4316
13.4327
13.4339
13.435
13.4361
13.4372
13.4384
13.4395
13.4406
13.4418
13.4429
13.4441
13.4452
13.4464
13.4475
13.4487
13.4499
13.451
13.4522
13.4534
13.4545
13.4557
13.4569
13.4581
13.4593
13.4605
13.4617
13.4629
13.4641
13.4653
13.4665
13.4677
13.4689
13.4701
13.4713
13.4726
13.4738
13.475
13.4763
13.4775
13.4787
13.48
13.4812
13.4825
13.4837
13.485
13.4862
13.4875
13.4888
13.49
13.4913
13.4926
13.4938
13.4951
13.4964
13.4977
13.499
13.5003
13.5016
13.5029
13.5042
13.5055
13.5068
13.5081
13.5094
13.5107
13.512
13.5133
13.5146
13.516
13.5173
13.5186
13.52
13.5213
13.5226
13.524
13.5253
13.5266
13.528
13.5293
13.5307
13.532
13.5334
13.5347
13.5361
13.5375
13.5388
13.5402
13.5415
13.5429
13.5443
13.5456
13.547
13.5484
13.5498
13.5511
13.5525
13.5539
13.5553
13.5567
13.5581
13.5595
13.5608
13.5622
13.5636
13.565
13.5664
13.5678
13.5692
13.5706
13.572
13.5735
13.5749
13.5763
13.5777
13.5791
13.5805
13.5819
13.5834
13.5848
13.5862
13.5876
13.589
13.5905
13.5919
13.5933
13.5948
13.5962
13.5976
13.5991
13.6005
13.6019
13.6034
13.6048
13.6063
13.6077
13.6091
13.6106
13.612
13.6135
13.6149
13.6164
13.6178
13.6193
13.6208
13.6222
13.6237
13.6252
13.6266
13.6281
13.6296
13.631
13.6325
13.634
13.6355
13.637
13.6385
13.64
13.6414
13.6429
13.6444
13.6459
13.6474
13.6489
13.6505
13.652
13.6535
13.655
13.6565
13.658
13.6596
13.6611
13.6626
13.6641
13.6657
13.6672
13.6687
13.6703
13.6718
13.6734
13.6749
13.6764
13.678
13.6795
13.6811
13.6826
13.6842
13.6858
13.6873
13.6889
13.6905
13.692
13.6936
13.6952
13.6968
13.6983
13.6999
13.7015
13.7031
13.7047
13.7063
13.7079
13.7095
13.7111
13.7127
13.7143
13.7159
13.7176
13.7192
13.7208
13.7224
13.7241
13.7257
13.7274
13.729
13.7307
13.7323
13.734
13.7356
13.7373
13.739
13.7407
13.7423
13.744
13.7457
13.7474
13.7491
13.7508
13.7525
13.7542
13.7559
13.7576
13.7593
13.7611
13.7628
13.7645
13.7662
13.768
13.7697
13.7715
13.7732
13.7749
13.7767
13.7785
13.7802
13.782
13.7837
13.7855
13.7873
13.7891
13.7908
13.7926
13.7944
13.7962
13.798
13.7998
13.8016
13.8034
13.8052
13.807
13.8088
13.8106
13.8124
13.8142
13.816
13.8178
13.8197
13.8215
13.8233
13.8252
13.827
13.8288
13.8307
13.8325
13.8343
13.8362
13.838
13.8399
13.8417
13.8436
13.8454
13.8473
13.8492
13.851
13.8529
13.8548
13.8566
13.8585
13.8604
13.8622
13.8641
13.866
13.8679
13.8697
13.8716
13.8735
13.8754
13.8773
13.8792
13.881
13.8829
13.8848
13.8867
13.8886
13.8905
13.8924
13.8943
13.8962
13.8981
13.9
13.9019
13.9038
13.9057
13.9077
13.9096
13.9115
13.9134
13.9153
13.9172
13.9191
13.9211
13.923
13.9249
13.9268
13.9288
13.9307
13.9326
13.9346
13.9365
13.9384
13.9404
13.9423
13.9442
13.9462
13.9481
13.9501
13.952
13.9539
13.9559
13.9578
13.9598
13.9618
13.9637
13.9657
13.9676
13.9696
13.9716
13.9735
13.9755
13.9775
13.9794
13.9814
13.9834
13.9853
13.9873
13.9893
13.9913
13.9933
13.9953
13.9972
13.9992
14.0012
14.0032
14.0052
14.0072
14.0092
14.0112
14.0132
14.0152
14.0173
14.0193
14.0213
14.0233
14.0253
14.0274
14.0294
14.0314
14.0335
14.0355
14.0375
14.0396
14.0416
14.0437
14.0457
14.0478
14.0498
14.0519
14.0539
14.056
14.0581
14.0601
14.0622
14.0643
14.0664
14.0684
14.0705
14.0726
14.0747
14.0768
14.0789
14.081
14.0831
14.0852
14.0873
14.0894
14.0915
14.0936
14.0958
14.0979
14.1
14.1021
14.1043
14.1064
14.1085
14.1107
14.1128
14.115
14.1171
14.1193
14.1214
14.1236
14.1258
14.1279
14.1301
14.1323
14.1344
14.1366
14.1388
14.141
14.1432
14.1454
14.1476
14.1498
14.152
14.1542
14.1564
14.1586
14.1608
14.163
14.1652
14.1675
14.1697
14.1719
14.1742
14.1764
14.1786
14.1809
14.1831
14.1854
14.1876
14.1899
14.1921
14.1944
14.1967
14.1989
14.2012
14.2035
14.2057
14.208
14.2103
14.2126
14.2149
14.2172
14.2195
14.2218
14.2241
14.2264
14.2287
14.231
14.2333
14.2356
14.2379
14.2402
14.2425
14.2449
14.2472
14.2495
14.2518
14.2542
14.2565
14.2588
14.2612
14.2635
14.2659
14.2682
14.2706
14.2729
14.2752
14.2776
14.2799
14.2823
14.2846
14.287
14.2893
14.2917
14.294
14.2963
14.2987
14.301
14.3034
14.3057
14.308
14.3104
14.3127
14.315
14.3174
14.3197
14.322
14.3244
14.3267
14.329
14.3314
14.3337
14.336
14.3384
14.3407
14.343
14.3454
14.3477
14.35
14.3524
14.3547
14.3571
14.3594
14.3617
14.3641
14.3664
14.3687
14.3711
14.3734
14.3757
14.378
14.3804
14.3827
14.385
14.3874
14.3897
14.392
14.3943
14.3967
14.399
14.4013
14.4037
14.406
14.4084
14.4107
14.413
14.4154
14.4177
14.4201
14.4224
14.4247
14.4271
14.4294
14.4318
14.4341
14.4365
14.4388
14.4412
14.4436
14.446
14.4484
14.4508
14.4532
14.4556
14.4581
14.4606
14.463
14.4655
14.468
14.4705
14.4731
14.4756
