distance
0
-1.08216e-07
-4.10136e-07
-7.64601e-07
-1.28871e-06
-1.94394e-06
-2.80363e-06
-3.82713e-06
-5.08728e-06
-6.54542e-06
-8.27056e-06
-1.02259e-05
-1.24749e-05
-1.49834e-05
-1.78089e-05
-2.09308e-05
-2.44041e-05
-2.82071e-05
-3.23847e-05
-3.69201e-05
-4.18495e-05
-4.71271e-05
-5.28469e-05
-5.90395e-05
-6.57704e-05
-7.3045e-05
-8.09133e-05
-8.93567e-05
-9.84367e-05
-0.00010817
-0.000118595
-0.000129704
-0.000141542
-0.000154074
-0.000167181
-0.000180734
-0.000194479
-0.000208614
-0.000222997
-0.000237387
-0.000252087
-0.000266893
-0.000281595
-0.000296363
-0.000311129
-0.000325741
-0.000340472
-0.000355118
-0.00036954
-0.000384003
-0.000398338
-0.000412405
-0.000426055
-0.000439616
-0.000452971
-0.000465859
-0.000478218
-0.000490363
-0.000502171
-0.000513447
-0.000524216
-0.000534823
-0.000545
-0.000554566
-0.000563394
-0.000571844
-0.000579715
-0.000586992
-0.000593366
-0.000598662
-0.000603116
-0.0006065
-0.000609176
-0.000610993
-0.000611712
-0.000611595
-0.000610368
-0.000608137
-0.000604571
-0.000599439
-0.000593132
-0.00058552
-0.000576346
-0.00056542
-0.000552521
-0.000538155
-0.000522148
-0.000504281
-0.000484349
-0.000462137
-0.000438141
-0.000412198
-0.000384089
-0.000353538
-0.000320377
-0.000285149
-0.000247619
-0.00020755
-0.000164675
-0.00011881
-7.00479e-05
-1.81361e-05
3.68299e-05
9.5036e-05
0.000156621
0.000221615
0.000290103
0.00036202
0.000437556
0.000516801
0.000599715
0.000686471
0.00077712
0.000871525
0.000969812
0.00107121
0.00117591
0.00128408
0.00139585
0.00151049
0.0016282
0.00174905
0.00187254
0.00199877
0.00212733
0.00225832
0.00239173
0.00252724
0.00266485
0.00280283
0.00294217
0.00308328
0.00322598
0.00336978
0.00351488
0.00366133
0.00380892
0.00395778
0.0041082
0.00425995
0.00441328
0.00456838
0.00472527
0.00488416
0.00504534
0.00520881
0.00537494
0.00554386
0.00571544
0.00588968
0.00606662
0.00624613
0.00642801
0.00661227
0.00679898
0.00698809
0.0071795
0.0073733
0.00756963
0.00776848
0.0079698
0.00817368
0.00838027
0.00858957
0.00880152
0.00901623
0.00923382
0.00945431
0.00967769
0.00990403
0.0101334
0.0103659
0.0106015
0.0108401
0.0110821
0.0113274
0.0115759
0.0118277
0.012083
0.0123417
0.0126039
0.0128697
0.0131391
0.013412
0.0136886
0.0139689
0.0142529
0.0145406
0.0148322
0.0151275
0.0154268
0.0157299
0.016037
0.016348
0.0166632
0.0169823
0.0173056
0.017633
0.0179645
0.0183002
0.0186399
0.0189838
0.0193318
0.019684
0.0200404
0.0204008
0.0207654
0.0211342
0.021507
0.021884
0.0222653
0.0226508
0.0230407
0.0234349
0.0238335
0.0242365
0.0246439
0.025056
0.0254727
0.025894
0.0263202
0.0267511
0.0271868
0.0276274
0.0280728
0.0285231
0.0289783
0.0294386
0.0299037
0.0303737
0.0308487
0.0313287
0.0318136
0.0323033
0.032798
0.0332975
0.0338019
0.0343111
0.034825
0.0353438
0.0358672
0.0363954
0.0369282
0.0374656
0.0380075
0.038554
0.039105
0.0396604
0.04022
0.040784
0.0413523
0.0419247
0.0425011
0.0430815
0.0436659
0.0442542
0.0448462
0.0454419
0.0460412
0.0466441
0.0472504
0.04786
0.048473
0.0490891
0.0497083
0.0503304
0.0509555
0.0515834
0.052214
0.0528473
0.0534829
0.054121
0.0547613
0.0554038
0.0560484
0.0566949
0.0573432
0.0579932
0.0586448
0.0592979
0.0599523
0.060608
0.0612648
0.0619228
0.0625818
0.0632419
0.0639029
0.0645647
0.0652274
0.065891
0.0665552
0.0672202
0.0678858
0.0685521
0.069219
0.0698865
0.0705545
0.0712231
0.0718922
0.0725617
0.0732318
0.0739024
0.0745734
0.0752448
0.0759167
0.0765891
0.0772618
0.077935
0.0786086
0.0792808
0.07995
0.0806152
0.0812761
0.0819326
0.0825851
0.0832343
0.0838805
0.0845245
0.0851666
0.0858073
0.0864473
0.0870869
0.0877264
0.0883663
0.0890067
0.0896479
0.09029
0.0909332
0.0915775
0.0922229
0.0928694
0.093517
0.0941656
0.0948154
0.0954663
0.0961184
0.0967715
0.0974257
0.098081
0.0987374
0.099395
0.100054
0.100713
0.101374
0.102036
0.102699
0.103363
0.104028
0.104695
0.105362
0.10603
0.1067
0.10737
0.108042
0.108715
0.109389
0.110064
0.11074
0.111417
0.112095
0.112774
0.113455
0.114136
0.114819
0.115503
0.116188
0.116874
0.117561
0.118249
0.118938
0.119629
0.120321
0.121013
0.121707
0.122403
0.123099
0.123796
0.124495
0.125195
0.125896
0.126598
0.127302
0.128007
0.128713
0.12942
0.130128
0.130838
0.131547
0.132257
0.132968
0.133681
0.134394
0.135109
0.135825
0.136543
0.137261
0.137981
0.138701
0.139423
0.140146
0.140871
0.141596
0.142323
0.143051
0.14378
0.14451
0.145242
0.145975
0.14671
0.147445
0.148183
0.148921
0.149661
0.150402
0.151145
0.151889
0.152634
0.153381
0.154129
0.154879
0.155629
0.156381
0.157134
0.157889
0.158645
0.159402
0.160161
0.160921
0.161683
0.162447
0.163211
0.163978
0.164744
0.165509
0.166276
0.167044
0.167814
0.168585
0.169357
0.17013
0.170905
0.171682
0.17246
0.17324
0.17402
0.174803
0.175587
0.176371
0.177158
0.177945
0.178733
0.179522
0.180311
0.181102
0.181893
0.182685
0.183478
0.184271
0.185064
0.185857
0.186651
0.187445
0.188239
0.189033
0.189827
0.190621
0.191414
0.192208
0.193001
0.193794
0.194586
0.195378
0.19617
0.196961
0.197752
0.198542
0.199331
0.20012
0.200908
0.201695
0.202482
0.203268
0.204054
0.204838
0.205622
0.206406
0.207188
0.20797
0.208751
0.209531
0.210311
0.21109
0.211869
0.212647
0.213424
0.214201
0.214977
0.215752
0.216527
0.217302
0.218076
0.21885
0.219624
0.220397
0.22117
0.221942
0.222715
0.223487
0.224259
0.22503
0.225802
0.226573
0.227345
0.228116
0.228888
0.229659
0.230431
0.231202
0.231974
0.232746
0.233518
0.23429
0.235063
0.235836
0.23661
0.237384
0.238158
0.238933
0.239709
0.240485
0.241262
0.242039
0.242818
0.243597
0.244377
0.245157
0.245939
0.246722
0.247506
0.248291
0.249077
0.249864
0.250652
0.251442
0.252233
0.253025
0.253819
0.254614
0.255411
0.256209
0.257008
0.257809
0.258612
0.259416
0.260222
0.26103
0.26184
0.262651
0.263464
0.264279
0.265097
0.265916
0.266737
0.26756
0.268386
0.269213
0.270043
0.270875
0.27171
0.272546
0.273386
0.274227
0.275071
0.275918
0.276767
0.277618
0.278472
0.279329
0.280188
0.28105
0.281915
0.282782
0.283652
0.284525
0.2854
0.286279
0.28716
0.288044
0.288931
0.28982
0.290713
0.291608
0.292507
0.293408
0.294313
0.29522
0.29613
0.297044
0.29796
0.298879
0.299802
0.300727
0.301656
0.302587
0.303522
0.30446
0.305401
0.306345
0.307291
0.308242
0.309195
0.310151
0.31111
0.312073
0.313038
0.314007
0.314979
0.315954
0.316932
0.317913
0.318898
0.319885
0.320876
0.32187
0.322867
0.323867
0.32487
0.325877
0.326887
0.327899
0.328915
0.329935
0.330957
0.331982
0.333011
0.334043
0.335077
0.336115
0.337156
0.338201
0.339248
0.340298
0.341351
0.342408
0.343467
0.344529
0.345595
0.346663
0.347734
0.348808
0.349885
0.350965
0.352047
0.353133
0.354221
0.355311
0.356404
0.3575
0.358599
0.3597
0.360803
0.361909
0.363017
0.364128
0.36524
0.366355
0.367472
0.368591
0.369712
0.370835
0.37196
0.373086
0.374215
0.375345
0.376476
0.377609
0.378743
0.379879
0.381016
0.382154
0.383293
0.384434
0.385576
0.386718
0.387862
0.389006
0.390152
0.391298
0.392445
0.393593
0.394742
0.395891
0.397041
0.398191
0.399342
0.400493
0.401645
0.402798
0.403951
0.405104
0.406256
0.407408
0.408561
0.409714
0.410863
0.412007
0.413145
0.414277
0.415403
0.416526
0.417646
0.418764
0.419881
0.420997
0.422114
0.42323
0.424347
0.425464
0.426582
0.427701
0.42882
0.429939
0.43106
0.432181
0.433302
0.434425
0.435548
0.436672
0.437796
0.438921
0.440047
0.441173
0.4423
0.443427
0.444555
0.445684
0.446814
0.447944
0.449075
0.450207
0.45134
0.452474
0.453609
0.454744
0.455879
0.457016
0.458153
0.459291
0.460429
0.461568
0.462708
0.463848
0.464989
0.46613
0.467272
0.468415
0.469558
0.470702
0.471847
0.472993
0.47414
0.475288
0.476435
0.477584
0.478734
0.479885
0.481036
0.482188
0.483341
0.484495
0.48565
0.486802
0.487952
0.489097
0.490239
0.491378
0.492515
0.493651
0.494786
0.495921
0.497057
0.498193
0.49933
0.500468
0.501607
0.502747
0.503889
0.505032
0.506176
0.507322
0.508468
0.509617
0.510766
0.511917
0.513069
0.514223
0.515379
0.516535
0.517694
0.518853
0.520014
0.521177
0.522341
0.523506
0.524673
0.525841
0.527011
0.528181
0.529354
0.530527
0.531702
0.532878
0.534055
0.535233
0.536413
0.537593
0.538775
0.539959
0.541143
0.542328
0.543515
0.544703
0.545892
0.547082
0.548273
0.549466
0.55066
0.551854
0.553051
0.554248
0.555446
0.556646
0.557846
0.559048
0.560251
0.561456
0.562661
0.563868
0.565076
0.566285
0.567495
0.568706
0.569919
0.571132
0.572347
0.573563
0.574781
0.575999
0.577219
0.57844
0.579662
0.580885
0.58211
0.583336
0.584563
0.585791
0.587021
0.588252
0.589484
0.590718
0.591951
0.593183
0.594413
0.595641
0.596868
0.598092
0.599314
0.600534
0.601753
0.602969
0.604184
0.605398
0.606611
0.607824
0.609037
0.610246
0.611452
0.612655
0.613855
0.61505
0.616242
0.617429
0.618613
0.619795
0.620975
0.622154
0.623333
0.624511
0.625689
0.626867
0.628045
0.629225
0.630404
0.631585
0.632766
0.633948
0.635131
0.636314
0.637497
0.638681
0.639864
0.641048
0.642231
0.643415
0.644597
0.645779
0.646961
0.648141
0.649321
0.650499
0.651675
0.652849
0.654021
0.655191
0.656358
0.657522
0.658683
0.659841
0.660996
0.662147
0.663294
0.664438
0.665579
0.666716
0.667849
0.668979
0.670106
0.671229
0.672349
0.673466
0.67458
0.67569
0.676798
0.677903
0.679005
0.680104
0.6812
0.682294
0.683386
0.684475
0.685562
0.686647
0.687729
0.688809
0.689888
0.690964
0.692038
0.69311
0.694181
0.69525
0.696316
0.697381
0.698445
0.699506
0.700566
0.701624
0.70268
0.703734
0.704787
0.705838
0.706888
0.707935
0.708982
0.710026
0.711069
0.71211
0.713149
0.714187
0.715224
0.716258
0.717292
0.718323
0.719353
0.720382
0.72141
0.722435
0.72346
0.724483
0.725505
0.726525
0.727544
0.728562
0.729578
0.730593
0.731607
0.73262
0.733631
0.734641
0.73565
0.736658
0.737664
0.738669
0.739674
0.740676
0.741678
0.742679
0.743678
0.744676
0.745674
0.74667
0.747665
0.748658
0.749651
0.750642
0.751633
0.752622
0.75361
0.754598
0.755584
0.756568
0.757552
0.758535
0.759517
0.760497
0.761477
0.762455
0.763432
0.764408
0.765383
0.766357
0.76733
0.768301
0.769272
0.770241
0.771209
0.772176
0.773141
0.774105
0.775068
0.77603
0.776991
0.77795
0.778908
0.779864
0.780819
0.781774
0.782726
0.783678
0.784628
0.785577
0.786525
0.787472
0.788417
0.789362
0.790305
0.791247
0.792187
0.793127
0.794066
0.795003
0.79594
0.796875
0.79781
0.798743
0.799676
0.800607
0.801538
0.802467
0.803396
0.804324
0.805251
0.806177
0.807102
0.808026
0.80895
0.809873
0.810795
0.811716
0.812637
0.813557
0.814476
0.815395
0.816313
0.81723
0.818147
0.819063
0.819979
0.820894
0.821808
0.822722
0.823636
0.824549
0.825462
0.826375
0.827287
0.828198
0.82911
0.830021
0.830932
0.831843
0.832753
0.833663
0.834573
0.835483
0.836393
0.837302
0.838212
0.839121
0.84003
0.84094
0.841849
0.842758
0.843667
0.844576
0.845486
0.846395
0.847304
0.848214
0.849123
0.850033
0.850943
0.851853
0.852763
0.853673
0.854584
0.855494
0.856405
0.857316
0.858228
0.859139
0.860051
0.860963
0.861876
0.862788
0.863702
0.864615
0.865529
0.866443
0.867357
0.868272
0.869187
0.870103
0.871019
0.871935
0.872852
0.873769
0.874687
0.875605
0.876523
0.877442
0.878362
0.879282
0.880202
0.881122
0.882044
0.882965
0.883887
0.88481
0.885733
0.886656
0.88758
0.888505
0.88943
0.890355
0.89128
0.892205
0.89313
0.894054
0.894978
0.895901
0.896824
0.897746
0.898667
0.899588
0.900508
0.901428
0.902348
0.903268
0.904187
0.905107
0.906026
0.906946
0.907865
0.908786
0.909706
0.910627
0.911548
0.91247
0.913393
0.914316
0.915239
0.916164
0.917089
0.918015
0.918941
0.919869
0.920797
0.921726
0.922656
0.923587
0.924519
0.925452
0.926385
0.92732
0.928255
0.929192
0.93013
0.931068
0.932008
0.932949
0.93389
0.934833
0.935777
0.936722
0.937668
0.938615
0.939563
0.940512
0.941463
0.942414
0.943367
0.944321
0.945276
0.946232
0.947189
0.948147
0.949107
0.950067
0.951029
0.951992
0.952956
0.953921
0.954887
0.955854
0.956822
0.957791
0.958762
0.959733
0.960705
0.961679
0.962653
0.963628
0.964605
0.965582
0.966561
0.96754
0.96852
0.969501
0.970484
0.971467
0.972451
0.973436
0.974422
0.975408
0.976396
0.977384
0.978374
0.979364
0.980355
0.981347
0.98234
0.983333
0.984328
0.985323
0.986319
0.987316
0.988314
0.989313
0.990312
0.991312
0.992313
0.993315
0.994318
0.995319
0.996316
0.997306
0.99829
0.999269
1.00024
1.00122
1.00219
1.00316
1.00414
1.00511
1.00608
1.00706
1.00803
1.00901
1.00999
1.01097
1.01195
1.01293
1.01391
1.01489
1.01588
1.01686
1.01784
1.01883
1.01982
1.0208
1.02179
1.02278
1.02377
1.02476
1.02575
1.02674
1.02773
1.02873
1.02972
1.03072
1.03171
1.03271
1.0337
1.0347
1.0357
1.0367
1.0377
1.0387
1.0397
1.0407
1.0417
1.04271
1.04371
1.04471
1.04572
1.04672
1.04773
1.04873
1.04974
1.05075
1.05176
1.05277
1.05378
1.05479
1.0558
1.05681
1.05783
1.05884
1.05985
1.06087
1.06189
1.0629
1.06392
1.06494
1.06596
1.06698
1.068
1.06903
1.07005
1.07108
1.0721
1.07313
1.07416
1.07518
1.07621
1.07725
1.07828
1.07931
1.08034
1.08138
1.08242
1.08345
1.08449
1.08553
1.08657
1.08761
1.08866
1.0897
1.09075
1.0918
1.09284
1.09389
1.09494
1.096
1.09705
1.09811
1.09916
1.10022
1.10128
1.10234
1.1034
1.10446
1.10553
1.10659
1.10766
1.10873
1.1098
1.11087
1.11194
1.11302
1.11409
1.11517
1.11625
1.11733
1.11841
1.11949
1.12057
1.12166
1.12275
1.12383
1.12492
1.12602
1.12711
1.1282
1.1293
1.1304
1.13149
1.13259
1.1337
1.1348
1.1359
1.13701
1.13812
1.13922
1.14033
1.14145
1.14256
1.14367
1.14479
1.14591
1.14703
1.14815
1.14927
1.15039
1.15152
1.15264
1.15377
1.1549
1.15603
1.15716
1.1583
1.15943
1.16057
1.16171
1.16285
1.16399
1.16513
1.16628
1.16742
1.16857
1.16972
1.17087
1.17202
1.17318
1.17433
1.17549
1.17665
1.17781
1.17897
1.18013
1.18129
1.18246
1.18363
1.18479
1.18596
1.18714
1.18831
1.18948
1.19066
1.19184
1.19302
1.1942
1.19538
1.19656
1.19775
1.19893
1.20012
1.20131
1.2025
1.20369
1.20488
1.20608
1.20727
1.20847
1.20967
1.21087
1.21207
1.21327
1.21448
1.21568
1.21689
1.2181
1.21931
1.22052
1.22173
1.22295
1.22416
1.22538
1.2266
1.22782
1.22904
1.23026
1.23148
1.23271
1.23393
1.23516
1.23639
1.23762
1.23885
1.24009
1.24132
1.24256
1.24379
1.24503
1.24627
1.24751
1.24875
1.24999
1.25122
1.25246
1.2537
1.25494
1.25618
1.25741
1.25865
1.25989
1.26112
1.26236
1.2636
1.26483
1.26607
1.26731
1.26854
1.26978
1.27102
1.27225
1.27349
1.27473
1.27596
1.2772
1.27843
1.27966
1.2809
1.28213
1.28336
1.28459
1.28582
1.28705
1.28829
1.28952
1.29075
1.29198
1.29321
1.29443
1.29566
1.29689
1.29812
1.29935
1.30057
1.3018
1.30302
1.30425
1.30547
1.30669
1.30791
1.30913
1.31035
1.31157
1.31279
1.314
1.31521
1.31642
1.31763
1.31884
1.32005
1.32125
1.32246
1.32366
1.32486
1.32605
1.32725
1.32844
1.32963
1.33082
1.33201
1.33319
1.33438
1.33556
1.33674
1.33791
1.33909
1.34026
1.34143
1.3426
1.34376
1.34493
1.34609
1.34725
1.34841
1.34957
1.35072
1.35188
1.35303
1.35418
1.35533
1.35647
1.35762
1.35876
1.35991
1.36105
1.36219
1.36332
1.36446
1.3656
1.36673
1.36786
1.36899
1.37012
1.37125
1.37238
1.37351
1.37463
1.37575
1.37688
1.378
1.37912
1.38023
1.38135
1.38247
1.38358
1.38469
1.3858
1.38691
1.38802
1.38912
1.39022
1.39132
1.39242
1.39352
1.39462
1.39571
1.39681
1.3979
1.39899
1.40008
1.40116
1.40225
1.40333
1.40442
1.4055
1.40658
1.40766
1.40874
1.40981
1.41089
1.41196
1.41304
1.41411
1.41519
1.41626
1.41733
1.4184
1.41947
1.42054
1.42162
1.42269
1.42375
1.42482
1.42589
1.42696
1.42803
1.4291
1.43017
1.43124
1.43231
1.43338
1.43445
1.43552
1.43659
1.43766
1.43873
1.4398
1.44087
1.44194
1.44301
1.44408
1.44515
1.44622
1.4473
1.44837
1.44944
1.45052
1.45159
1.45267
1.45374
1.45482
1.45589
1.45697
1.45805
1.45912
1.4602
1.46128
1.46236
1.46344
1.46452
1.4656
1.46668
1.46776
1.46884
1.46993
1.47101
1.4721
1.47318
1.47427
1.47535
1.47644
1.47753
1.47861
1.4797
1.48079
1.48188
1.48297
1.48407
1.48516
1.48625
1.48734
1.48844
1.48953
1.49063
1.49173
1.49282
1.49392
1.49502
1.49612
1.49722
1.49832
1.49942
1.50053
1.50163
1.50273
1.50384
1.50494
1.50605
1.50716
1.50827
1.50938
1.51048
1.5116
1.51271
1.51382
1.51493
1.51604
1.51716
1.51827
1.51939
1.5205
1.52162
1.52274
1.52386
1.52498
1.5261
1.52722
1.52834
1.52946
1.53058
1.53171
1.53283
1.53395
1.53508
1.53621
1.53733
1.53846
1.53959
1.54072
1.54185
1.54298
1.54411
1.54524
1.54637
1.54751
1.54864
1.54977
1.55091
1.55204
1.55318
1.55432
1.55546
1.5566
1.55774
1.55888
1.56002
1.56116
1.5623
1.56345
1.56459
1.56574
1.56688
1.56803
1.56918
1.57033
1.57148
1.57263
1.57378
1.57493
1.57609
1.57724
1.5784
1.57955
1.58071
1.58187
1.58303
1.58419
1.58535
1.58652
1.58768
1.58885
1.59001
1.59118
1.59235
1.59352
1.59469
1.59586
1.59703
1.59821
1.59938
1.60056
1.60174
1.60292
1.6041
1.60528
1.60646
1.60765
1.60883
1.61002
1.61121
1.6124
1.61359
1.61478
1.61598
1.61717
1.61837
1.61957
1.62077
1.62197
1.62317
1.62437
1.62558
1.62679
1.62799
1.62921
1.63042
1.63163
1.63284
1.63406
1.63528
1.6365
1.63772
1.63894
1.64017
1.64139
1.64262
1.64385
1.64508
1.64631
1.64754
1.64878
1.65002
1.65126
1.6525
1.65374
1.65498
1.65623
1.65747
1.65872
1.65997
1.66122
1.66248
1.66373
1.66499
1.66624
1.6675
1.66876
1.67003
1.67129
1.67256
1.67382
1.67509
1.67636
1.67763
1.67891
1.68018
1.68146
1.68274
1.68401
1.68528
1.68655
1.68781
1.68907
1.69032
1.69157
1.69282
1.69407
1.69533
1.69658
1.69784
1.69909
1.70035
1.70162
1.70288
1.70414
1.70541
1.70668
1.70795
1.70922
1.71049
1.71177
1.71304
1.71432
1.7156
1.71688
1.71817
1.71945
1.72074
1.72202
1.72331
1.7246
1.72589
1.72719
1.72848
1.72978
1.73108
1.73238
1.73368
1.73498
1.73628
1.73759
1.73889
1.7402
1.74151
1.74282
1.74413
1.74545
1.74676
1.74808
1.7494
1.75072
1.75204
1.75336
1.75468
1.75601
1.75734
1.75867
1.75999
1.76132
1.76266
1.76399
1.76532
1.76666
1.76799
1.76933
1.77067
1.77201
1.77335
1.7747
1.77605
1.77739
1.77874
1.7801
1.78145
1.78281
1.78417
1.78553
1.78689
1.78825
1.78962
1.79098
1.79235
1.79372
1.79508
1.79645
1.79782
1.79918
1.80055
1.80192
1.80329
1.80466
1.80603
1.80741
1.80878
1.81016
1.81153
1.81291
1.81429
1.81567
1.81705
1.81844
1.81982
1.82121
1.8226
1.82398
1.82537
1.82676
1.82816
1.82955
1.83094
1.83234
1.83373
1.83513
1.83653
1.83792
1.83932
1.84072
1.84212
1.84352
1.84492
1.84632
1.84772
1.84912
1.85052
1.85192
1.85332
1.85472
1.85611
1.85751
1.8589
1.8603
1.86169
1.86308
1.86447
1.86586
1.86725
1.86863
1.87002
1.8714
1.87278
1.87417
1.87555
1.87693
1.8783
1.87968
1.88106
1.88243
1.8838
1.88517
1.88655
1.88792
1.88928
1.89065
1.89202
1.89338
1.89475
1.89611
1.89747
1.89883
1.90019
1.90155
1.90291
1.90426
1.90562
1.90697
1.90833
1.90968
1.91103
1.91237
1.91372
1.91507
1.91641
1.91775
1.91909
1.92043
1.92177
1.9231
1.92444
1.92577
1.9271
1.92843
1.92976
1.93109
1.93241
1.93373
1.93505
1.93637
1.93769
1.93901
1.94032
1.94164
1.94295
1.94426
1.94557
1.94687
1.94818
1.94948
1.95079
1.95209
1.95339
1.95469
1.95598
1.95728
1.95857
1.95986
1.96115
1.96244
1.96373
1.96502
1.96631
1.96759
1.96887
1.97015
1.97143
1.97271
1.97399
1.97527
1.97654
1.97781
1.97909
1.98036
1.98163
1.9829
1.98416
1.98543
1.98669
1.98796
1.98922
1.99048
1.99174
1.993
1.99426
1.99552
1.99677
1.99803
1.99928
2.00054
2.00179
2.00304
2.00429
2.00554
2.00679
2.00804
2.00929
2.01054
2.01178
2.01303
2.01428
2.01552
2.01677
2.01801
2.01926
2.0205
2.02175
2.02299
2.02424
2.02548
2.02673
2.02797
2.02921
2.03046
2.0317
2.03295
2.03419
2.03544
2.03668
2.03792
2.03917
2.04041
2.04166
2.04291
2.04415
2.0454
2.04664
2.04789
2.04914
2.05039
2.05163
2.05288
2.05413
2.05538
2.05663
2.05788
2.05913
2.06038
2.06163
2.06288
2.06414
2.06539
2.06664
2.0679
2.06915
2.07041
2.07166
2.07292
2.07418
2.07543
2.07669
2.07795
2.07921
2.08047
2.08173
2.08299
2.08425
2.08552
2.08678
2.08804
2.0893
2.09056
2.09182
2.09309
2.09435
2.09561
2.09687
2.09813
2.09939
2.10065
2.10191
2.10318
2.10444
2.1057
2.10696
2.10822
2.10949
2.11075
2.11202
2.11328
2.11455
2.11581
2.11708
2.11834
2.11961
2.12088
2.12215
2.12342
2.12469
2.12596
2.12724
2.12851
2.12978
2.13106
2.13233
2.13361
2.13489
2.13617
2.13744
2.13872
2.14
2.14129
2.14257
2.14385
2.14514
2.14642
2.14771
2.149
2.15028
2.15157
2.15286
2.15416
2.15545
2.15674
2.15804
2.15933
2.16063
2.16192
2.16322
2.16452
2.16582
2.16712
2.16843
2.16973
2.17104
2.17234
2.17365
2.17496
2.17627
2.17758
2.17889
2.1802
2.18151
2.18283
2.18415
2.18546
2.18678
2.1881
2.18942
2.19074
2.19207
2.19339
2.19472
2.19605
2.19737
2.1987
2.20004
2.20137
2.2027
2.20404
2.20537
2.20671
2.20805
2.20939
2.21073
2.21208
2.21342
2.21477
2.21612
2.21747
2.21882
2.22017
2.22152
2.22288
2.22423
2.22559
2.22695
2.22831
2.22968
2.23104
2.23241
2.23377
2.23514
2.23651
2.23788
2.23926
2.24063
2.24201
2.24338
2.24476
2.24614
2.24752
2.24891
2.25029
2.25168
2.25307
2.25446
2.25585
2.25724
2.25863
2.26003
2.26143
2.26283
2.26423
2.26563
2.26703
2.26843
2.26984
2.27125
2.27265
2.27406
2.27547
2.27687
2.27827
2.27966
2.28105
2.28244
2.28382
2.28521
2.28659
2.28798
2.28936
2.29075
2.29214
2.29353
2.29493
2.29632
2.29772
2.29912
2.30052
2.30192
2.30333
2.30473
2.30614
2.30755
2.30896
2.31037
2.31179
2.3132
2.31462
2.31604
2.31746
2.31888
2.3203
2.32172
2.32315
2.32458
2.32601
2.32744
2.32887
2.3303
2.33173
2.33317
2.33461
2.33605
2.33749
2.33893
2.34037
2.34182
2.34326
2.34471
2.34616
2.34761
2.34906
2.35052
2.35197
2.35343
2.35489
2.35635
2.35781
2.35927
2.36074
2.3622
2.36367
2.36514
2.36661
2.36809
2.36956
2.37104
2.37252
2.374
2.37548
2.37697
2.37846
2.37994
2.38143
2.38293
2.38442
2.38592
2.38741
2.38891
2.39041
2.39192
2.39342
2.39493
2.39644
2.39795
2.39946
2.40098
2.40249
2.40401
2.40552
2.40704
2.40856
2.41008
2.4116
2.41312
2.41464
2.41616
2.41768
2.4192
2.42072
2.42225
2.42377
2.4253
2.42683
2.42836
2.42989
2.43142
2.43295
2.43448
2.43601
2.43754
2.43907
2.44059
2.44212
2.44364
2.44516
2.44668
2.4482
2.44972
2.45124
2.45276
2.45428
2.45579
2.45731
2.45883
2.46035
2.46187
2.46339
2.46491
2.46643
2.46795
2.46947
2.47099
2.47251
2.47403
2.47555
2.47707
2.47859
2.48011
2.48163
2.48315
2.48467
2.48619
2.48771
2.48922
2.49074
2.49225
2.49376
2.49527
2.49678
2.49828
2.49978
2.50128
2.50278
2.50427
2.50576
2.50725
2.50874
2.51022
2.5117
2.51318
2.51466
2.51613
2.5176
2.51906
2.52053
2.52199
2.52345
2.52491
2.52636
2.52781
2.52926
2.53071
2.53216
2.5336
2.53504
2.53649
2.53792
2.53936
2.5408
2.54223
2.54366
2.5451
2.54653
2.54795
2.54938
2.55081
2.55223
2.55365
2.55507
2.55649
2.55791
2.55933
2.56074
2.56216
2.56357
2.56498
2.56639
2.5678
2.5692
2.57061
2.57201
2.57341
2.57481
2.57621
2.5776
2.579
2.58039
2.58178
2.58317
2.58456
2.58595
2.58733
2.58872
2.5901
2.59148
2.59286
2.59424
2.59562
2.59699
2.59837
2.59974
2.60111
2.60248
2.60385
2.60522
2.60658
2.60795
2.60931
2.61067
2.61204
2.6134
2.61476
2.61611
2.61747
2.61883
2.62018
2.62154
2.62289
2.62424
2.6256
2.62695
2.6283
2.62965
2.631
2.63234
2.63369
2.63504
2.63638
2.63773
2.63908
2.64042
2.64176
2.64311
2.64445
2.64579
2.64714
2.64848
2.64982
2.65116
2.65251
2.65385
2.65519
2.65653
2.65787
2.65922
2.66056
2.6619
2.66324
2.66458
2.66592
2.66727
2.66861
2.66995
2.67129
2.67263
2.67398
2.67532
2.67666
2.67801
2.67935
2.68069
2.68204
2.68338
2.68473
2.68607
2.68742
2.68876
2.69011
2.69146
2.69281
2.69415
2.6955
2.69685
2.6982
2.69955
2.7009
2.70225
2.7036
2.70495
2.7063
2.70766
2.70901
2.71036
2.71172
2.71307
2.71443
2.71578
2.71714
2.71849
2.71985
2.72121
2.72257
2.72393
2.72529
2.72665
2.72801
2.72937
2.73073
2.73209
2.73345
2.73482
2.73618
2.73754
2.73891
2.74027
2.74164
2.74301
2.74437
2.74574
2.74711
2.74848
2.74985
2.75122
2.75259
2.75396
2.75533
2.7567
2.75808
2.75945
2.76082
2.7622
2.76357
2.76495
2.76633
2.7677
2.76908
2.77045
2.77183
2.7732
2.77458
2.77595
2.77732
2.7787
2.78007
2.78144
2.78281
2.78418
2.78555
2.78692
2.78829
2.78967
2.79104
2.79241
2.79378
2.79515
2.79653
2.7979
2.79927
2.80065
2.80202
2.8034
2.80478
2.80615
2.80753
2.80891
2.81029
2.81167
2.81305
2.81444
2.81582
2.8172
2.81859
2.81998
2.82136
2.82275
2.82414
2.82553
2.82692
2.82831
2.8297
2.8311
2.83249
2.83389
2.83528
2.83668
2.83808
2.83948
2.84088
2.84228
2.84368
2.84508
2.84648
2.84789
2.84929
2.8507
2.85211
2.85352
2.85492
2.85634
2.85775
2.85916
2.86057
2.86199
2.86341
2.86482
2.86624
2.86766
2.86908
2.8705
2.87193
2.87335
2.87478
2.87621
2.87763
2.87906
2.88049
2.88193
2.88336
2.8848
2.88623
2.88767
2.88911
2.89055
2.89199
2.89344
2.89488
2.89633
2.89777
2.89922
2.90067
2.90212
2.90358
2.90503
2.90649
2.90795
2.9094
2.91087
2.91233
2.91379
2.91525
2.91672
2.91819
2.91966
2.92113
2.9226
2.92407
2.92555
2.92702
2.9285
2.92998
2.93146
2.93294
2.93442
2.93591
2.93739
2.93886
2.94033
2.9418
2.94326
2.94472
2.94618
2.94764
2.9491
2.95056
2.95202
2.95348
2.95495
2.95641
2.95788
2.95935
2.96082
2.9623
2.96377
2.96525
2.96673
2.96821
2.96969
2.97117
2.97266
2.97415
2.97564
2.97713
2.97862
2.98011
2.98161
2.9831
2.9846
2.9861
2.9876
2.9891
2.99061
2.99211
2.99362
2.99513
2.99664
2.99815
2.99966
3.00118
3.00269
3.00421
3.00573
3.00725
3.00877
3.0103
3.01182
3.01335
3.01488
3.01641
3.01794
3.01947
3.02101
3.02255
3.02408
3.02562
3.02717
3.02871
3.03026
3.0318
3.03335
3.0349
3.03646
3.03801
3.03957
3.04113
3.04269
3.04425
3.04582
3.04738
3.04895
3.05052
3.0521
3.05367
3.05525
3.05683
3.05841
3.05999
3.06157
3.06315
3.06473
3.06631
3.06789
3.06948
3.07106
3.07264
3.07423
3.07582
3.07741
3.079
3.08059
3.08218
3.08378
3.08538
3.08698
3.08857
3.09017
3.09177
3.09337
3.09497
3.09656
3.09816
3.09975
3.10135
3.10294
3.10452
3.10611
3.1077
3.10929
3.11088
3.11246
3.11405
3.11564
3.11722
3.11881
3.1204
3.12198
3.12357
3.12516
3.12675
3.12834
3.12993
3.13152
3.13311
3.1347
3.13629
3.13788
3.13948
3.14107
3.14266
3.14425
3.14584
3.14743
3.14902
3.1506
3.15219
3.15377
3.15535
3.15693
3.15851
3.16008
3.16165
3.16322
3.16479
3.16635
3.16791
3.16947
3.17102
3.17258
3.17413
3.17567
3.17722
3.17876
3.1803
3.18183
3.18336
3.18489
3.18642
3.18795
3.18947
3.19099
3.19251
3.19403
3.19555
3.19706
3.19857
3.20008
3.20159
3.2031
3.20461
3.20611
3.20762
3.20912
3.21062
3.21212
3.21362
3.21511
3.21661
3.2181
3.21959
3.22108
3.22257
3.22406
3.22555
3.22703
3.22852
3.23
3.23148
3.23296
3.23443
3.23591
3.23738
3.23886
3.24033
3.2418
3.24326
3.24473
3.2462
3.24766
3.24912
3.25058
3.25204
3.2535
3.25495
3.25641
3.25786
3.25931
3.26076
3.26221
3.26366
3.2651
3.26655
3.26799
3.26944
3.27088
3.27232
3.27376
3.2752
3.27663
3.27807
3.2795
3.28094
3.28237
3.2838
3.28523
3.28666
3.28809
3.28951
3.29094
3.29237
3.29379
3.29521
3.29664
3.29806
3.29948
3.3009
3.30232
3.30374
3.30516
3.30657
3.30799
3.30941
3.31082
3.31224
3.31365
3.31507
3.31648
3.3179
3.31931
3.32072
3.32214
3.32355
3.32496
3.32638
3.32779
3.3292
3.33061
3.33202
3.33344
3.33485
3.33626
3.33767
3.33908
3.3405
3.34191
3.34332
3.34473
3.34615
3.34756
3.34897
3.35039
3.3518
3.35321
3.35463
3.35604
3.35746
3.35887
3.36029
3.3617
3.36312
3.36453
3.36595
3.36737
3.36878
3.3702
3.37162
3.37304
3.37446
3.37588
3.3773
3.37872
3.38014
3.38156
3.38298
3.3844
3.38583
3.38725
3.38867
3.3901
3.39152
3.39295
3.39437
3.3958
3.39723
3.39865
3.40008
3.40151
3.40294
3.40437
3.4058
3.40723
3.40866
3.41009
3.41152
3.41295
3.41438
3.41582
3.41725
3.41869
3.42012
3.42156
3.42299
3.42443
3.42587
3.4273
3.42874
3.43018
3.43162
3.43306
3.4345
3.43594
3.43738
3.43882
3.44027
3.44171
3.44315
3.44459
3.44603
3.44746
3.4489
3.45034
3.45177
3.4532
3.45464
3.45607
3.4575
3.45893
3.46036
3.46179
3.46322
3.46466
3.46609
3.46752
3.46895
3.47039
3.47182
3.47325
3.47469
3.47612
3.47756
3.479
3.48043
3.48187
3.48331
3.48475
3.48619
3.48763
3.48908
3.49052
3.49196
3.49341
3.49485
3.4963
3.49775
3.4992
3.50064
3.50209
3.50355
3.505
3.50645
3.5079
3.50936
3.51081
3.51227
3.51372
3.51518
3.51664
3.5181
3.51956
3.52102
3.52248
3.52394
3.52541
3.52687
3.52834
3.52981
3.53127
3.53274
3.53421
3.53568
3.53716
3.53863
3.5401
3.54158
3.54306
3.54453
3.54601
3.54749
3.54897
3.55046
3.55194
3.55342
3.55491
3.5564
3.55789
3.55938
3.56087
3.56236
3.56385
3.56535
3.56685
3.56834
3.56984
3.57134
3.57284
3.57435
3.57585
3.57736
3.57886
3.58037
3.58188
3.58339
3.58491
3.58642
3.58794
3.58945
3.59097
3.59249
3.59401
3.59553
3.59705
3.59858
3.60011
3.60163
3.60316
3.60469
3.60622
3.60776
3.60929
3.61083
3.61236
3.6139
3.61544
3.61697
3.6185
3.62003
3.62155
3.62306
3.62457
3.62609
3.6276
3.62911
3.63063
3.63215
3.63366
3.63518
3.6367
3.63823
3.63975
3.64128
3.64281
3.64433
3.64587
3.6474
3.64893
3.65047
3.65201
3.65355
3.65509
3.65663
3.65818
3.65973
3.66128
3.66283
3.66438
3.66594
3.6675
3.66906
3.67062
3.67218
3.67375
3.67531
3.67688
3.67845
3.68002
3.68159
3.68317
3.68475
3.68632
3.6879
3.68948
3.69107
3.69265
3.69424
3.69583
3.69742
3.69901
3.7006
3.70219
3.70379
3.70539
3.70699
3.70859
3.7102
3.7118
3.71341
3.71502
3.71663
3.71825
3.71986
3.72148
3.7231
3.72472
3.72635
3.72797
3.7296
3.73123
3.73286
3.7345
3.73613
3.73777
3.73941
3.74105
3.7427
3.74434
3.74599
3.74763
3.74928
3.75093
3.75257
3.75422
3.75587
3.75752
3.75917
3.76082
3.76247
3.76412
3.76578
3.76744
3.7691
3.77076
3.77242
3.77408
3.77574
3.77741
3.77907
3.78073
3.78239
3.78405
3.78571
3.78737
3.78903
3.79068
3.79233
3.79398
3.79563
3.79728
3.79893
3.80058
3.80223
3.80388
3.80552
3.80717
3.80882
3.81046
3.81211
3.81376
3.81541
3.81705
3.8187
3.82035
3.822
3.82364
3.82529
3.82694
3.82858
3.83022
3.83187
3.83351
3.83515
3.83678
3.83842
3.84005
3.84168
3.8433
3.84493
3.84654
3.84816
3.84977
3.85138
3.85298
3.85458
3.85617
3.85776
3.85934
3.86092
3.8625
3.86407
3.86563
3.8672
3.86875
3.87031
3.87186
3.8734
3.87495
3.87649
3.87802
3.87955
3.88108
3.88261
3.88413
3.88565
3.88717
3.88869
3.8902
3.89171
3.89322
3.89472
3.89622
3.89772
3.89922
3.90072
3.90221
3.9037
3.90519
3.90667
3.90815
3.90963
3.91111
3.91258
3.91405
3.91552
3.91699
3.91845
3.91991
3.92136
3.92282
3.92427
3.92572
3.92717
3.92861
3.93005
3.93149
3.93292
3.93436
3.93579
3.93721
3.93864
3.94006
3.94148
3.9429
3.94432
3.94573
3.94714
3.94855
3.94996
3.95136
3.95276
3.95417
3.95556
3.95696
3.95836
3.95975
3.96114
3.96253
3.96392
3.96531
3.96669
3.96808
3.96946
3.97084
3.97222
3.9736
3.97498
3.97636
3.97774
3.97911
3.98049
3.98186
3.98324
3.98461
3.98599
3.98736
3.98873
3.9901
3.99148
3.99285
3.99422
3.99559
3.99696
3.99833
3.9997
4.00107
4.00244
4.00382
4.00519
4.00656
4.00793
4.0093
4.01067
4.01204
4.01342
4.01479
4.01616
4.01754
4.01891
4.02028
4.02166
4.02303
4.02441
4.02578
4.02716
4.02853
4.0299
4.03127
4.03264
4.03401
4.03538
4.03675
4.03811
4.03948
4.04084
4.0422
4.04357
4.04493
4.04629
4.04766
4.04902
4.05038
4.05175
4.05311
4.05448
4.05584
4.0572
4.05857
4.05994
4.0613
4.06267
4.06404
4.06541
4.06678
4.06815
4.06952
4.07089
4.07226
4.07363
4.075
4.07637
4.07775
4.07912
4.08049
4.08187
4.08325
4.08462
4.086
4.08738
4.08875
4.09013
4.09151
4.09289
4.09427
4.09565
4.09703
4.09841
4.0998
4.10118
4.10257
4.10395
4.10534
4.10672
4.10811
4.1095
4.11089
4.11228
4.11367
4.11506
4.11645
4.11784
4.11924
4.12063
4.12203
4.12342
4.12482
4.12622
4.12762
4.12902
4.13042
4.13182
4.13323
4.13463
4.13604
4.13744
4.13885
4.14026
4.14167
4.14308
4.14449
4.14591
4.14732
4.14874
4.15015
4.15157
4.15299
4.15441
4.15583
4.15726
4.15868
4.16011
4.16153
4.16296
4.16439
4.16582
4.16725
4.16869
4.17012
4.17156
4.173
4.17444
4.17588
4.17732
4.17877
4.18021
4.18166
4.18311
4.18456
4.18601
4.18746
4.18891
4.19037
4.19183
4.19329
4.19475
4.19621
4.19767
4.19914
4.20061
4.20207
4.20354
4.20502
4.20649
4.20796
4.20944
4.21092
4.2124
4.21388
4.21536
4.21684
4.21833
4.21982
4.22131
4.2228
4.22429
4.22578
4.22728
4.22877
4.23027
4.23177
4.23327
4.23477
4.23628
4.23778
4.23929
4.2408
4.24231
4.24382
4.24533
4.24685
4.24836
4.24988
4.2514
4.25292
4.25444
4.25597
4.25749
4.25902
4.26054
4.26207
4.2636
4.26513
4.26667
4.2682
4.26974
4.27127
4.27281
4.27435
4.27589
4.27744
4.27898
4.28052
4.28207
4.28362
4.28517
4.28672
4.28827
4.28982
4.29138
4.29293
4.29449
4.29605
4.29761
4.29917
4.30073
4.30229
4.30385
4.30542
4.30699
4.30855
4.31012
4.31169
4.31327
4.31484
4.31641
4.31799
4.31957
4.32114
4.32272
4.3243
4.32589
4.32747
4.32905
4.33064
4.33223
4.33381
4.3354
4.337
4.33859
4.34018
4.34178
4.34337
4.34497
4.34657
4.34817
4.34977
4.35138
4.35298
4.35459
4.35619
4.3578
4.35941
4.36102
4.36262
4.36421
4.3658
4.36739
4.36898
4.37057
4.37216
4.37375
4.37534
4.37693
4.37852
4.38012
4.38171
4.38331
4.38491
4.38651
4.38811
4.38972
4.39133
4.39293
4.39455
4.39616
4.39777
4.39939
4.401
4.40262
4.40424
4.40586
4.40749
4.40911
4.41074
4.41237
4.414
4.41563
4.41726
4.4189
4.42053
4.42217
4.42381
4.42545
4.42709
4.42874
4.43038
4.43203
4.43368
4.43533
4.43698
4.43864
4.44029
4.44195
4.44361
4.44527
4.44693
4.4486
4.45026
4.45193
4.4536
4.45527
4.45695
4.45862
4.4603
4.46198
4.46366
4.46534
4.46703
4.46871
4.4704
4.47209
4.47378
4.47548
4.47717
4.47887
4.48057
4.48228
4.48398
4.48569
4.48739
4.4891
4.49082
4.49253
4.49425
4.49597
4.49769
4.49941
4.50114
4.50286
4.50459
4.50631
4.50802
4.50974
4.51144
4.51315
4.51485
4.51654
4.51823
4.51991
4.52159
4.52326
4.52492
4.52658
4.52823
4.52988
4.53152
4.53316
4.53479
4.53642
4.53804
4.53966
4.54128
4.54289
4.5445
4.54611
4.54772
4.54932
4.55092
4.55253
4.55413
4.55573
4.55732
4.55892
4.56052
4.56212
4.56371
4.56531
4.5669
4.56849
4.57008
4.57166
4.57325
4.57483
4.57641
4.57798
4.57956
4.58113
4.5827
4.58426
4.58582
4.58738
4.58894
4.59049
4.59204
4.59359
4.59513
4.59667
4.59821
4.59975
4.60128
4.60281
4.60434
4.60587
4.60739
4.6089
4.61042
4.61192
4.61342
4.61492
4.61642
4.6179
4.61939
4.62087
4.62234
4.62381
4.62528
4.62674
4.6282
4.62965
4.6311
4.63254
4.63398
4.63542
4.63685
4.63828
4.63971
4.64113
4.64255
4.64396
4.64537
4.64678
4.64818
4.64959
4.65098
4.65238
4.65377
4.65517
4.65655
4.65794
4.65933
4.66071
4.66209
4.66347
4.66484
4.66621
4.66759
4.66895
4.67032
4.67168
4.67305
4.67441
4.67576
4.67711
4.67847
4.67981
4.68116
4.6825
4.68384
4.68517
4.68651
4.68783
4.68916
4.69048
4.6918
4.69312
4.69443
4.69574
4.69705
4.69835
4.69965
4.70095
4.70224
4.70353
4.70482
4.70611
4.70739
4.70868
4.70995
4.71123
4.71251
4.71378
4.71505
4.71632
4.71758
4.71885
4.72011
4.72137
4.72263
4.72389
4.72515
4.7264
4.72766
4.72891
4.73016
4.73141
4.73266
4.73391
4.73516
4.73641
4.73765
4.7389
4.74015
4.74139
4.74263
4.74388
4.74512
4.74636
4.7476
4.74884
4.75008
4.75132
4.75256
4.7538
4.75504
4.75628
4.75751
4.75875
4.75999
4.76122
4.76246
4.7637
4.76493
4.76617
4.76741
4.76864
4.76988
4.77112
4.77235
4.77359
4.77483
4.77606
4.7773
4.77854
4.77977
4.78101
4.78225
4.78349
4.78473
4.78596
4.7872
4.78844
4.78968
4.79092
4.79216
4.79341
4.79465
4.79589
4.79713
4.79837
4.79962
4.80086
4.8021
4.80335
4.80459
4.80584
4.80708
4.80833
4.80957
4.81082
4.81206
4.81331
4.81456
4.8158
4.81705
4.8183
4.81955
4.8208
4.82205
4.82331
4.82456
4.82581
4.82707
4.82832
4.82958
4.83083
4.83209
4.83335
4.8346
4.83586
4.83712
4.83838
4.83964
4.84091
4.84217
4.84343
4.8447
4.84596
4.84723
4.8485
4.84976
4.85103
4.8523
4.85357
4.85485
4.85612
4.85739
4.85867
4.85994
4.86122
4.8625
4.86378
4.86506
4.86634
4.86762
4.8689
4.87019
4.87147
4.87276
4.87405
4.87534
4.87663
4.87792
4.87921
4.8805
4.8818
4.88309
4.88439
4.88569
4.88699
4.88829
4.88959
4.89089
4.89219
4.8935
4.8948
4.89611
4.89742
4.89873
4.90004
4.90135
4.90266
4.90398
4.90529
4.90661
4.90793
4.90924
4.91056
4.91188
4.91321
4.91453
4.91585
4.91718
4.9185
4.91983
4.92116
4.92249
4.92382
4.92515
4.92649
4.92782
4.92916
4.9305
4.93184
4.93318
4.93452
4.93586
4.9372
4.93855
4.93989
4.94124
4.94259
4.94394
4.94529
4.94664
4.948
4.94935
4.95071
4.95207
4.95342
4.95478
4.95615
4.95751
4.95887
4.96024
4.9616
4.96297
4.96434
4.96571
4.96708
4.96845
4.96982
4.9712
4.97257
4.97395
4.97533
4.9767
4.97808
4.97947
4.98085
4.98223
4.98362
4.985
4.98639
4.98778
4.98916
4.99055
4.99194
4.99334
4.99473
4.99612
4.99751
4.99891
5.0003
5.00169
5.00308
5.00447
5.00585
5.00724
5.00862
5.01001
5.01139
5.01278
5.01416
5.01554
5.01692
5.0183
5.01969
5.02107
5.02245
5.02383
5.02522
5.0266
5.02798
5.02937
5.03075
5.03213
5.03352
5.0349
5.03629
5.03767
5.03906
5.04045
5.04183
5.04322
5.0446
5.04598
5.04735
5.04871
5.05008
5.05144
5.0528
5.05415
5.05551
5.05687
5.05823
5.05959
5.06095
5.06231
5.06368
5.06504
5.0664
5.06776
5.06913
5.07049
5.07185
5.07322
5.07458
5.07595
5.07731
5.07868
5.08004
5.08141
5.08278
5.08414
5.08551
5.08688
5.08825
5.08962
5.09099
5.09235
5.09372
5.0951
5.09647
5.09784
5.09921
5.10058
5.10195
5.10333
5.1047
5.10607
5.10745
5.10883
5.1102
5.11158
5.11296
5.11433
5.11571
5.11709
5.11848
5.11986
5.12124
5.12262
5.12401
5.1254
5.12678
5.12817
5.12956
5.13095
5.13234
5.13373
5.13513
5.13652
5.13792
5.13932
5.14072
5.14212
5.14352
5.14493
5.14634
5.14774
5.14915
5.15057
5.15198
5.1534
5.15481
5.15623
5.15765
5.15908
5.1605
5.16193
5.16336
5.16479
5.16622
5.16765
5.16909
5.17053
5.17197
5.17341
5.17486
5.1763
5.17775
5.1792
5.18065
5.1821
5.18356
5.18502
5.18648
5.18794
5.1894
5.19087
5.19234
5.19381
5.19528
5.19675
5.19823
5.1997
5.20118
5.20266
5.20415
5.20563
5.20712
5.20861
5.2101
5.21159
5.21309
5.21458
5.21608
5.21758
5.21908
5.22059
5.22209
5.2236
5.22511
5.22662
5.22813
5.22965
5.23116
5.23268
5.2342
5.23572
5.23724
5.23877
5.2403
5.24183
5.24336
5.24489
5.24642
5.24796
5.2495
5.25104
5.25258
5.25412
5.25567
5.25721
5.25876
5.26031
5.26186
5.26341
5.26497
5.26652
5.26808
5.26964
5.2712
5.27276
5.27432
5.27588
5.27744
5.279
5.28055
5.28211
5.28366
5.28521
5.28676
5.2883
5.28984
5.29138
5.29292
5.29446
5.29599
5.29753
5.29906
5.30058
5.30211
5.30363
5.30515
5.30667
5.30819
5.30971
5.31122
5.31273
5.31425
5.31576
5.31727
5.31878
5.32029
5.3218
5.32331
5.32481
5.32632
5.32783
5.32933
5.33084
5.33235
5.33385
5.33535
5.33686
5.33836
5.33986
5.34135
5.34285
5.34434
5.34584
5.34733
5.34881
5.3503
5.35178
5.35326
5.35473
5.35621
5.35767
5.35914
5.3606
5.36206
5.36352
5.36497
5.36642
5.36786
5.3693
5.37074
5.37217
5.3736
5.37503
5.37645
5.37788
5.37929
5.38071
5.38212
5.38353
5.38493
5.38633
5.38773
5.38912
5.39051
5.3919
5.39329
5.39467
5.39605
5.39742
5.3988
5.40017
5.40154
5.4029
5.40427
5.40563
5.40699
5.40834
5.4097
5.41105
5.4124
5.41374
5.41509
5.41643
5.41777
5.4191
5.42044
5.42177
5.4231
5.42443
5.42576
5.42708
5.4284
5.42972
5.43103
5.43235
5.43366
5.43497
5.43628
5.43758
5.43889
5.44019
5.44149
5.44278
5.44408
5.44537
5.44666
5.44795
5.44924
5.45052
5.4518
5.45308
5.45436
5.45564
5.45691
5.45818
5.45945
5.46072
5.46199
5.46325
5.46452
5.46578
5.46704
5.4683
5.46955
5.47081
5.47206
5.47331
5.47456
5.47581
5.47706
5.47831
5.47955
5.4808
5.48204
5.48328
5.48452
5.48576
5.487
5.48824
5.48947
5.49071
5.49194
5.49318
5.49441
5.49564
5.49687
5.49811
5.49934
5.50057
5.5018
5.50303
5.50425
5.50548
5.50671
5.50794
5.50917
5.51039
5.51162
5.51285
5.51407
5.5153
5.51652
5.51775
5.51898
5.5202
5.52143
5.52265
5.52388
5.52511
5.52633
5.52756
5.52879
5.53001
5.53124
5.53247
5.5337
5.53492
5.53615
5.53738
5.53861
5.53984
5.54107
5.5423
5.54353
5.54476
5.54599
5.54722
5.54846
5.54969
5.55092
5.55216
5.55339
5.55462
5.55586
5.5571
5.55833
5.55957
5.56081
5.56204
5.56328
5.56452
5.56576
5.567
5.56824
5.56949
5.57073
5.57197
5.57322
5.57446
5.57571
5.57695
5.5782
5.57945
5.5807
5.58194
5.5832
5.58445
5.5857
5.58695
5.58821
5.58946
5.59072
5.59198
5.59323
5.59449
5.59576
5.59702
5.59828
5.59954
5.60081
5.60208
5.60334
5.60461
5.60588
5.60715
5.60842
5.6097
5.61097
5.61224
5.61352
5.6148
5.61607
5.61735
5.61863
5.61991
5.6212
5.62248
5.62377
5.62505
5.62634
5.62763
5.62892
5.63021
5.6315
5.63279
5.63408
5.63538
5.63668
5.63798
5.63928
5.64058
5.64188
5.64318
5.64449
5.6458
5.6471
5.64841
5.64973
5.65104
5.65235
5.65367
5.65499
5.65631
5.65763
5.65895
5.66027
5.6616
5.66293
5.66426
5.66559
5.66692
5.66825
5.66959
5.67093
5.67227
5.67361
5.67495
5.6763
5.67764
5.67899
5.68034
5.6817
5.68305
5.68441
5.68576
5.68712
5.68848
5.68985
5.69121
5.69258
5.69395
5.69532
5.69669
5.69806
5.69944
5.70082
5.7022
5.70358
5.70496
5.70635
5.70774
5.70912
5.71052
5.71191
5.71331
5.7147
5.7161
5.7175
5.71891
5.72031
5.72172
5.72313
5.72454
5.72595
5.72737
5.72879
5.7302
5.73163
5.73305
5.73447
5.7359
5.73733
5.73876
5.74019
5.74163
5.74307
5.74451
5.74595
5.74739
5.74883
5.75028
5.75173
5.75318
5.75463
5.75609
5.75755
5.759
5.76046
5.76193
5.76339
5.76486
5.76633
5.7678
5.76927
5.77075
5.77222
5.7737
5.77518
5.77666
5.77815
5.77963
5.78112
5.78261
5.7841
5.78559
5.78709
5.78859
5.79009
5.79159
5.79309
5.79459
5.7961
5.7976
5.79911
5.80062
5.80213
5.80364
5.80515
5.80665
5.80816
5.80966
5.81116
5.81266
5.81417
5.81567
5.81717
5.81867
5.82017
5.82167
5.82317
5.82468
5.82618
5.82768
5.82919
5.83069
5.8322
5.83371
5.83521
5.83671
5.83821
5.8397
5.84119
5.84268
5.84416
5.84565
5.84714
5.84863
5.85013
5.85162
5.85311
5.85461
5.85611
5.8576
5.8591
5.8606
5.8621
5.86361
5.86511
5.86661
5.86812
5.86963
5.87113
5.87264
5.87415
5.87566
5.87717
5.87869
5.8802
5.88171
5.88323
5.88474
5.88626
5.88778
5.8893
5.89082
5.89234
5.89386
5.89538
5.89691
5.89843
5.89996
5.90149
5.90301
5.90454
5.90607
5.90759
5.90911
5.91063
5.91215
5.91367
5.91518
5.9167
5.91821
5.91972
5.92123
5.92274
5.92425
5.92576
5.92726
5.92876
5.93027
5.93177
5.93327
5.93477
5.93627
5.93777
5.93927
5.94077
5.94227
5.94377
5.94527
5.94678
5.94828
5.94979
5.95129
5.9528
5.95431
5.95582
5.95733
5.95885
5.96036
5.96187
5.96339
5.9649
5.96642
5.96793
5.96945
5.97096
5.97247
5.97399
5.9755
5.97701
5.97852
5.98003
5.98154
5.98305
5.98456
5.98607
5.98757
5.98908
5.99058
5.99208
5.99358
5.99508
5.99658
5.99808
5.99958
6.00107
6.00256
6.00406
6.00555
6.00704
6.00853
6.01002
6.0115
6.01299
6.01447
6.01596
6.01743
6.01891
6.02038
6.02185
6.02332
6.02478
6.02624
6.0277
6.02916
6.03062
6.03207
6.03352
6.03497
6.03641
6.03786
6.0393
6.04074
6.04218
6.04362
6.04505
6.04648
6.04792
6.04935
6.05077
6.0522
6.05362
6.05505
6.05647
6.05789
6.0593
6.06072
6.06213
6.06355
6.06496
6.06637
6.06777
6.06918
6.07058
6.07199
6.07339
6.07479
6.07618
6.07758
6.07897
6.08036
6.08175
6.08313
6.08452
6.0859
6.08728
6.08865
6.09002
6.09139
6.09276
6.09413
6.09549
6.09685
6.09821
6.09956
6.10091
6.10226
6.1036
6.10495
6.10629
6.10762
6.10896
6.11029
6.11162
6.11294
6.11427
6.11558
6.1169
6.11821
6.11952
6.12083
6.12213
6.12343
6.12473
6.12603
6.12732
6.12861
6.12989
6.13118
6.13246
6.13373
6.13501
6.13628
6.13755
6.13882
6.14009
6.14135
6.14262
6.14388
6.14513
6.14639
6.14765
6.1489
6.15015
6.1514
6.15265
6.15389
6.15514
6.15638
6.15762
6.15886
6.1601
6.16134
6.16257
6.16381
6.16505
6.16628
6.16751
6.16874
6.16998
6.17121
6.17244
6.17367
6.17489
6.17612
6.17735
6.17858
6.17981
6.18104
6.18226
6.18349
6.18472
6.18595
6.18717
6.1884
6.18963
6.19086
6.19209
6.19332
6.19455
6.19578
6.19701
6.19824
6.19947
6.2007
6.20193
6.20316
6.2044
6.20563
6.20686
6.2081
6.20933
6.21057
6.2118
6.21304
6.21427
6.21551
6.21675
6.21799
6.21922
6.22046
6.2217
6.22294
6.22418
6.22543
6.22667
6.22791
6.22916
6.23041
6.23165
6.2329
6.23415
6.2354
6.23665
6.2379
6.23916
6.24041
6.24166
6.24292
6.24418
6.24543
6.24669
6.24795
6.24921
6.25047
6.25174
6.253
6.25426
6.25553
6.25679
6.25806
6.25933
6.2606
6.26187
6.26314
6.26441
6.26568
6.26696
6.26823
6.26951
6.27079
6.27207
6.27335
6.27463
6.27591
6.2772
6.27848
6.27977
6.28106
6.28235
6.28364
6.28493
6.28622
6.28752
6.28881
6.29011
6.29141
6.29271
6.29401
6.29532
6.29662
6.29793
6.29924
6.30055
6.30186
6.30318
6.30449
6.30581
6.30713
6.30845
6.30977
6.3111
6.31242
6.31375
6.31508
6.31641
6.31774
6.31908
6.32042
6.32176
6.3231
6.32444
6.32579
6.32713
6.32848
6.32983
6.33118
6.33254
6.3339
6.33525
6.33661
6.33798
6.33934
6.34071
6.34207
6.34344
6.34482
6.34619
6.34757
6.34894
6.35032
6.3517
6.35309
6.35447
6.35586
6.35725
6.35864
6.36003
6.36143
6.36282
6.36422
6.36562
6.36702
6.36843
6.36983
6.37124
6.37265
6.37406
6.37547
6.37689
6.3783
6.37972
6.38114
6.38256
6.38399
6.38541
6.38684
6.38827
6.3897
6.39114
6.39257
6.39401
6.39545
6.39689
6.39833
6.39977
6.40122
6.40267
6.40412
6.40557
6.40702
6.40848
6.40994
6.41139
6.41285
6.41432
6.41578
6.41725
6.41871
6.42018
6.42166
6.42313
6.4246
6.42608
6.42756
6.42904
6.43052
6.432
6.43349
6.43497
6.43646
6.43795
6.43944
6.44093
6.44243
6.44392
6.44542
6.44692
6.44842
6.44992
6.45143
6.45293
6.45444
6.45594
6.45744
6.45893
6.46042
6.4619
6.46338
6.46484
6.46631
6.46777
6.46924
6.4707
6.47216
6.47363
6.47509
6.47656
6.47802
6.47949
6.48096
6.48243
6.4839
6.48537
6.48684
6.48831
6.48979
6.49126
6.49274
6.49422
6.4957
6.49718
6.49866
6.50014
6.50163
6.50311
6.50459
6.50608
6.50757
6.50905
6.51054
6.51203
6.51352
6.51501
6.5165
6.51799
6.51948
6.52097
6.52246
6.52395
6.52545
6.52694
6.52844
6.52993
6.53143
6.53292
6.53442
6.53592
6.53742
6.53892
6.54042
6.54192
6.54343
6.54493
6.54644
6.54794
6.54945
6.55096
6.55247
6.55398
6.55549
6.557
6.55852
6.56003
6.56155
6.56307
6.56459
6.56611
6.56763
6.56916
6.57068
6.57221
6.57374
6.57527
6.5768
6.57833
6.57987
6.5814
6.58294
6.58448
6.58602
6.58757
6.58911
6.59066
6.59221
6.59376
6.59531
6.59687
6.59842
6.59998
6.60154
6.6031
6.60466
6.60623
6.60779
6.60936
6.61093
6.6125
6.61408
6.61565
6.61723
6.61881
6.62039
6.62198
6.62356
6.62515
6.62674
6.62833
6.62992
6.63152
6.63312
6.63471
6.63632
6.63792
6.63952
6.64113
6.64274
6.64435
6.64596
6.64757
6.64919
6.65081
6.65242
6.65405
6.65567
6.65729
6.65892
6.66054
6.66217
6.66379
6.66541
6.66702
6.66863
6.67025
6.67185
6.67346
6.67506
6.67665
6.67825
6.67984
6.68143
6.68301
6.68459
6.68616
6.68774
6.6893
6.69087
6.69243
6.69399
6.69555
6.6971
6.69866
6.70021
6.70175
6.7033
6.70485
6.70639
6.70793
6.70947
6.71101
6.71255
6.71409
6.71563
6.71716
6.7187
6.72023
6.72177
6.7233
6.72483
6.72636
6.72789
6.72941
6.73094
6.73246
6.73398
6.73549
6.73701
6.73852
6.74003
6.74153
6.74304
6.74453
6.74603
6.74752
6.74901
6.7505
6.75198
6.75345
6.75493
6.7564
6.75786
6.75932
6.76078
6.76223
6.76368
6.76513
6.76657
6.76801
6.76944
6.77087
6.7723
6.77373
6.77515
6.77656
6.77798
6.77939
6.7808
6.7822
6.7836
6.785
6.7864
6.78779
6.78918
6.79057
6.79196
6.79334
6.79472
6.7961
6.79748
6.79885
6.80022
6.80159
6.80295
6.80431
6.80567
6.80703
6.80838
6.80973
6.81108
6.81242
6.81377
6.81511
6.81644
6.81778
6.81911
6.82044
6.82177
6.82309
6.82442
6.82574
6.82705
6.82837
6.82968
6.83099
6.8323
6.8336
6.8349
6.8362
6.8375
6.83879
6.84008
6.84137
6.84265
6.84394
6.84522
6.84649
6.84777
6.84904
6.85031
6.85158
6.85284
6.85411
6.85537
6.85663
6.85788
6.85914
6.86039
6.86164
6.86289
6.86414
6.86539
6.86663
6.86787
6.86911
6.87036
6.87159
6.87283
6.87407
6.8753
6.87654
6.87777
6.87901
6.88024
6.88147
6.8827
6.88393
6.88516
6.88639
6.88762
6.88885
6.89007
6.8913
6.89253
6.89376
6.89498
6.89621
6.89744
6.89866
6.89989
6.90111
6.90234
6.90357
6.90479
6.90602
6.90725
6.90847
6.9097
6.91093
6.91215
6.91338
6.91461
6.91584
6.91706
6.91829
6.91952
6.92075
6.92198
6.92321
6.92444
6.92567
6.9269
6.92813
6.92936
6.93059
6.93183
6.93306
6.93429
6.93552
6.93676
6.93799
6.93923
6.94046
6.9417
6.94293
6.94417
6.94541
6.94665
6.94788
6.94912
6.95036
6.9516
6.95284
6.95408
6.95533
6.95657
6.95781
6.95906
6.9603
6.96155
6.96279
6.96404
6.96529
6.96653
6.96778
6.96903
6.97028
6.97153
6.97278
6.97403
6.97529
6.97654
6.97779
6.97905
6.98031
6.98157
6.98282
6.98408
6.98534
6.98661
6.98787
6.98913
6.9904
6.99166
6.99293
6.9942
6.99547
6.99674
6.99801
6.99928
7.00055
7.00182
7.0031
7.00437
7.00565
7.00693
7.00821
7.00949
7.01077
7.01205
7.01333
7.01461
7.0159
7.01719
7.01847
7.01976
7.02105
7.02234
7.02363
7.02493
7.02622
7.02752
7.02881
7.03011
7.03141
7.03271
7.03401
7.03532
7.03662
7.03793
7.03924
7.04055
7.04186
7.04317
7.04448
7.0458
7.04711
7.04843
7.04975
7.05107
7.05239
7.05372
7.05504
7.05637
7.0577
7.05903
7.06036
7.06169
7.06303
7.06436
7.0657
7.06704
7.06838
7.06972
7.07107
7.07241
7.07376
7.07511
7.07646
7.07781
7.07917
7.08052
7.08188
7.08324
7.0846
7.08596
7.08732
7.08868
7.09005
7.09142
7.09279
7.09416
7.09553
7.09691
7.09829
7.09966
7.10105
7.10243
7.10381
7.1052
7.10658
7.10797
7.10936
7.11075
7.11215
7.11354
7.11494
7.11634
7.11774
7.11914
7.12055
7.12195
7.12336
7.12477
7.12618
7.12759
7.129
7.13042
7.13184
7.13325
7.13467
7.1361
7.13752
7.13895
7.14037
7.1418
7.14323
7.14466
7.14609
7.14753
7.14897
7.1504
7.15184
7.15328
7.15472
7.15617
7.15761
7.15906
7.16051
7.16196
7.16341
7.16486
7.16631
7.16777
7.16922
7.17068
7.17214
7.1736
7.17506
7.17652
7.17799
7.17945
7.18092
7.18238
7.18384
7.1853
7.18676
7.18822
7.18968
7.19113
7.19259
7.19404
7.19549
7.19695
7.1984
7.19985
7.2013
7.20275
7.20419
7.20563
7.20706
7.20849
7.20992
7.21134
7.21277
7.2142
7.21563
7.21706
7.21849
7.21992
7.22135
7.22278
7.22422
7.22565
7.22709
7.22852
7.22996
7.2314
7.23284
7.23428
7.23572
7.23716
7.2386
7.24004
7.24149
7.24293
7.24437
7.24582
7.24726
7.24871
7.25016
7.2516
7.25305
7.2545
7.25595
7.25739
7.25884
7.26029
7.26174
7.2632
7.26465
7.2661
7.26755
7.26901
7.27046
7.27192
7.27337
7.27483
7.27629
7.27775
7.27921
7.28067
7.28213
7.28359
7.28506
7.28652
7.28799
7.28946
7.29093
7.2924
7.29387
7.29535
7.29682
7.2983
7.29978
7.30126
7.30274
7.30422
7.30571
7.30719
7.30868
7.31017
7.31166
7.31316
7.31465
7.31615
7.31765
7.31915
7.32066
7.32216
7.32367
7.32518
7.32669
7.3282
7.32971
7.33122
7.33273
7.33424
7.33574
7.33725
7.33876
7.34026
7.34177
7.34327
7.34477
7.34627
7.34777
7.34927
7.35077
7.35226
7.35376
7.35525
7.35675
7.35824
7.35973
7.36123
7.36272
7.36421
7.36571
7.3672
7.3687
7.37019
7.37169
7.37319
7.37469
7.37619
7.37769
7.37919
7.3807
7.3822
7.38371
7.38521
7.38672
7.38822
7.38973
7.39124
7.39275
7.39425
7.39576
7.39727
7.39877
7.40028
7.40178
7.40328
7.40479
7.40629
7.40779
7.40929
7.41079
7.41228
7.41378
7.41528
7.41677
7.41826
7.41975
7.42124
7.42273
7.42422
7.4257
7.42719
7.42867
7.43015
7.43163
7.43311
7.43458
7.43605
7.43752
7.43899
7.44046
7.44192
7.44338
7.44484
7.44629
7.44774
7.44919
7.45064
7.45208
7.45353
7.45497
7.4564
7.45784
7.45927
7.4607
7.46213
7.46356
7.46499
7.46641
7.46784
7.46926
7.47067
7.47209
7.47351
7.47492
7.47633
7.47774
7.47915
7.48056
7.48196
7.48337
7.48477
7.48617
7.48756
7.48896
7.49035
7.49175
7.49314
7.49452
7.49591
7.4973
7.49868
7.50006
7.50144
7.50281
7.50419
7.50556
7.50693
7.50829
7.50966
7.51102
7.51238
7.51374
7.51509
7.51644
7.51779
7.51914
7.52048
7.52183
7.52316
7.5245
7.52583
7.52717
7.52849
7.52982
7.53114
7.53246
7.53378
7.53509
7.5364
7.53771
7.53902
7.54032
7.54162
7.54292
7.54421
7.5455
7.54679
7.54808
7.54936
7.55065
7.55192
7.5532
7.55448
7.55575
7.55702
7.55829
7.55956
7.56082
7.56209
7.56335
7.56461
7.56587
7.56712
7.56838
7.56963
7.57089
7.57214
7.57339
7.57464
7.57589
7.57713
7.57838
7.57963
7.58087
7.58212
7.58336
7.5846
7.58584
7.58708
7.58832
7.58956
7.5908
7.59204
7.59328
7.59452
7.59576
7.597
7.59824
7.59948
7.60072
7.60195
7.60319
7.60443
7.60567
7.60691
7.60815
7.60939
7.61063
7.61187
7.61311
7.61435
7.61559
7.61684
7.61808
7.61932
7.62056
7.62181
7.62305
7.6243
7.62554
7.62679
7.62803
7.62928
7.63052
7.63177
7.63302
7.63427
7.63552
7.63677
7.63802
7.63927
7.64052
7.64177
7.64302
7.64427
7.64553
7.64678
7.64804
7.64929
7.65055
7.65181
7.65307
7.65433
7.65559
7.65685
7.65812
7.65938
7.66065
7.66191
7.66318
7.66445
7.66572
7.66699
7.66826
7.66953
7.67081
7.67208
7.67336
7.67463
7.67591
7.67719
7.67847
7.67975
7.68103
7.68231
7.68359
7.68488
7.68617
7.68745
7.68874
7.69003
7.69132
7.69261
7.6939
7.6952
7.69649
7.69779
7.69909
7.70039
7.70169
7.70299
7.70429
7.7056
7.7069
7.70821
7.70952
7.71083
7.71214
7.71346
7.71477
7.71609
7.71741
7.71873
7.72005
7.72137
7.7227
7.72402
7.72535
7.72668
7.72802
7.72935
7.73068
7.73202
7.73336
7.7347
7.73605
7.73739
7.73874
7.74009
7.74144
7.74279
7.74415
7.7455
7.74686
7.74822
7.74959
7.75095
7.75232
7.75369
7.75506
7.75643
7.75781
7.75919
7.76056
7.76195
7.76333
7.76471
7.7661
7.76749
7.76888
7.77028
7.77167
7.77307
7.77447
7.77587
7.77727
7.77868
7.78008
7.78149
7.78291
7.78432
7.78573
7.78715
7.78857
7.78999
7.79141
7.79284
7.79427
7.7957
7.79713
7.79856
7.8
7.80143
7.80287
7.80431
7.80576
7.8072
7.80865
7.8101
7.81155
7.81301
7.81446
7.81592
7.81738
7.81884
7.82031
7.82177
7.82324
7.82471
7.82618
7.82766
7.82913
7.83061
7.83209
7.83358
7.83506
7.83655
7.83804
7.83953
7.84102
7.84252
7.84401
7.84551
7.84701
7.84852
7.85002
7.85153
7.85304
7.85455
7.85606
7.85758
7.85909
7.86061
7.86213
7.86365
7.86518
7.8667
7.86823
7.86976
7.87129
7.87283
7.87436
7.8759
7.87744
7.87898
7.88051
7.88205
7.88359
7.88512
7.88665
7.88818
7.88971
7.89124
7.89277
7.8943
7.89582
7.89735
7.89888
7.90041
7.90193
7.90345
7.90496
7.90648
7.90799
7.9095
7.911
7.91251
7.91403
7.91554
7.91705
7.91857
7.92008
7.9216
7.92312
7.92464
7.92617
7.92769
7.92922
7.93074
7.93227
7.9338
7.93533
7.93686
7.9384
7.93993
7.94147
7.943
7.94454
7.94608
7.94762
7.94916
7.9507
7.95224
7.95379
7.95533
7.95687
7.95842
7.95997
7.96151
7.96306
7.96461
7.96616
7.96771
7.96927
7.97082
7.97237
7.97393
7.97549
7.97704
7.9786
7.98016
7.98172
7.98329
7.98485
7.98641
7.98798
7.98955
7.99112
7.99269
7.99426
7.99583
7.99741
7.99898
8.00056
8.00214
8.00372
8.0053
8.00688
8.00847
8.01006
8.01165
8.01324
8.01483
8.01642
8.01802
8.01961
8.02121
8.02281
8.02441
8.02602
8.02762
8.02923
8.03084
8.03246
8.03407
8.03568
8.0373
8.03891
8.04052
8.04213
8.04374
8.04535
8.04695
8.04855
8.05015
8.05175
8.05334
8.05494
8.05653
8.05811
8.0597
8.06128
8.06286
8.06443
8.06601
8.06758
8.06915
8.07071
8.07228
8.07385
8.07541
8.07697
8.07853
8.0801
8.08166
8.08322
8.08478
8.08634
8.0879
8.08946
8.09102
8.09259
8.09415
8.09571
8.09727
8.09883
8.10039
8.10195
8.10351
8.10507
8.10662
8.10818
8.10973
8.11128
8.11283
8.11438
8.11593
8.11747
8.11901
8.12055
8.12209
8.12363
8.12516
8.12669
8.12822
8.12974
8.13126
8.13278
8.13429
8.1358
8.13731
8.13881
8.14031
8.1418
8.14329
8.14478
8.14626
8.14774
8.14922
8.15069
8.15216
8.15363
8.15509
8.15656
8.15802
8.15947
8.16093
8.16238
8.16383
8.16527
8.16671
8.16815
8.16959
8.17102
8.17245
8.17388
8.17531
8.17673
8.17815
8.17957
8.18098
8.18239
8.1838
8.18521
8.18661
8.18802
8.18942
8.19082
8.19221
8.19361
8.195
8.19639
8.19777
8.19916
8.20054
8.20192
8.2033
8.20468
8.20605
8.20742
8.20879
8.21015
8.21152
8.21288
8.21424
8.21559
8.21695
8.2183
8.21964
8.22099
8.22233
8.22367
8.22501
8.22635
8.22768
8.22901
8.23033
8.23166
8.23298
8.2343
8.23562
8.23693
8.23824
8.23955
8.24086
8.24217
8.24347
8.24477
8.24607
8.24737
8.24866
8.24996
8.25125
8.25254
8.25383
8.25511
8.2564
8.25768
8.25897
8.26025
8.26153
8.26281
8.26409
8.26536
8.26664
8.26791
8.26919
8.27046
8.27173
8.273
8.27427
8.27554
8.27681
8.27808
8.27935
8.28062
8.28188
8.28315
8.28441
8.28568
8.28694
8.2882
8.28947
8.29073
8.29199
8.29325
8.29452
8.29578
8.29704
8.2983
8.29956
8.30082
8.30208
8.30334
8.3046
8.30585
8.30711
8.30837
8.30963
8.31089
8.31215
8.31341
8.31467
8.31593
8.31719
8.31845
8.31971
8.32097
8.32223
8.32349
8.32475
8.32601
8.32727
8.32853
8.32979
8.33106
8.33232
8.33358
8.33485
8.33611
8.33737
8.33864
8.33991
8.34117
8.34244
8.34371
8.34497
8.34624
8.34751
8.34878
8.35005
8.35132
8.35259
8.35386
8.35514
8.35641
8.35768
8.35896
8.36023
8.36151
8.36278
8.36406
8.36534
8.36662
8.3679
8.36918
8.37046
8.37174
8.37302
8.37431
8.37559
8.37688
8.37817
8.37946
8.38074
8.38203
8.38332
8.38462
8.38591
8.3872
8.3885
8.38979
8.39109
8.39238
8.39368
8.39498
8.39628
8.39758
8.39888
8.40018
8.40148
8.40279
8.40409
8.4054
8.40671
8.40801
8.40932
8.41063
8.41194
8.41326
8.41457
8.41588
8.4172
8.41852
8.41983
8.42115
8.42247
8.4238
8.42512
8.42644
8.42777
8.4291
8.43042
8.43175
8.43308
8.43442
8.43575
8.43709
8.43842
8.43976
8.4411
8.44244
8.44378
8.44513
8.44647
8.44782
8.44917
8.45052
8.45187
8.45323
8.45458
8.45594
8.4573
8.45866
8.46002
8.46138
8.46275
8.46411
8.46548
8.46685
8.46822
8.4696
8.47097
8.47235
8.47373
8.47511
8.47649
8.47788
8.47926
8.48065
8.48204
8.48343
8.48482
8.48621
8.48761
8.489
8.4904
8.4918
8.4932
8.49461
8.49601
8.49742
8.49882
8.50023
8.50165
8.50306
8.50447
8.50589
8.50731
8.50873
8.51015
8.51158
8.513
8.51443
8.51586
8.51729
8.51872
8.52016
8.52159
8.52303
8.52447
8.52591
8.52736
8.5288
8.53025
8.5317
8.53315
8.53461
8.53606
8.53752
8.53898
8.54044
8.5419
8.54337
8.54483
8.5463
8.54777
8.54924
8.55072
8.55219
8.55367
8.55515
8.55663
8.55811
8.5596
8.56109
8.56257
8.56407
8.56556
8.56705
8.56855
8.57005
8.57155
8.57305
8.57455
8.57606
8.57756
8.57907
8.58058
8.58209
8.5836
8.5851
8.58661
8.58812
8.58962
8.59113
8.59263
8.59414
8.59564
8.59714
8.59865
8.60015
8.60166
8.60316
8.60467
8.60618
8.60768
8.60919
8.6107
8.61221
8.61372
8.61522
8.61671
8.61821
8.61969
8.62118
8.62267
8.62416
8.62564
8.62713
8.62863
8.63012
8.63161
8.63311
8.6346
8.6361
8.6376
8.6391
8.6406
8.6421
8.6436
8.6451
8.64661
8.64811
8.64962
8.65113
8.65264
8.65414
8.65565
8.65716
8.65868
8.66019
8.6617
8.66322
8.66473
8.66625
8.66776
8.66928
8.6708
8.67231
8.67383
8.67535
8.67688
8.6784
8.67992
8.68144
8.68297
8.6845
8.68602
8.68755
8.68908
8.69061
8.69214
8.69367
8.69521
8.69674
8.69828
8.69982
8.70136
8.7029
8.70444
8.70598
8.70752
8.70907
8.71062
8.71217
8.71372
8.71527
8.71682
8.71838
8.71993
8.72149
8.72305
8.72461
8.72617
8.72774
8.72931
8.73088
8.73244
8.73401
8.73558
8.73714
8.73871
8.74027
8.74183
8.74339
8.74495
8.74651
8.74807
8.74962
8.75117
8.75273
8.75428
8.75583
8.75737
8.75892
8.76046
8.76201
8.76355
8.76509
8.76664
8.76818
8.76972
8.77126
8.7728
8.77434
8.77588
8.77743
8.77897
8.78051
8.78206
8.7836
8.78515
8.7867
8.78824
8.78979
8.79134
8.79289
8.79444
8.79598
8.79753
8.79908
8.80062
8.80217
8.80371
8.80526
8.8068
8.80834
8.80988
8.81142
8.81296
8.8145
8.81603
8.81756
8.8191
8.82063
8.82215
8.82368
8.82521
8.82673
8.82825
8.82977
8.83129
8.8328
8.83432
8.83583
8.83733
8.83884
8.84034
8.84184
8.84333
8.84483
8.84632
8.8478
8.84929
8.85077
8.85225
8.85372
8.85519
8.85667
8.85813
8.8596
8.86106
8.86252
8.86398
8.86544
8.86689
8.86834
8.86979
8.87124
8.87269
8.87413
8.87557
8.87701
8.87845
8.87989
8.88132
8.88275
8.88418
8.88561
8.88704
8.88846
8.88989
8.89131
8.89273
8.89415
8.89556
8.89698
8.89839
8.8998
8.90121
8.90261
8.90402
8.90542
8.90682
8.90822
8.90961
8.91101
8.9124
8.91379
8.91517
8.91656
8.91794
8.91932
8.92069
8.92207
8.92344
8.92481
8.92618
8.92754
8.9289
8.93026
8.93162
8.93297
8.93432
8.93567
8.93702
8.93836
8.9397
8.94104
8.94237
8.94371
8.94504
8.94636
8.94769
8.94901
8.95033
8.95165
8.95296
8.95428
8.95559
8.9569
8.9582
8.95951
8.96081
8.96211
8.96341
8.96471
8.966
8.9673
8.96859
8.96988
8.97117
8.97246
8.97374
8.97503
8.97631
8.9776
8.97888
8.98016
8.98144
8.98272
8.984
8.98528
8.98655
8.98783
8.9891
8.99038
8.99165
8.99293
8.9942
8.99547
8.99674
8.99802
8.99929
9.00056
9.00183
9.0031
9.00437
9.00564
9.00692
9.00819
9.00946
9.01073
9.012
9.01327
9.01454
9.01581
9.01709
9.01836
9.01963
9.02091
9.02218
9.02345
9.02473
9.026
9.02728
9.02855
9.02983
9.03111
9.03239
9.03366
9.03494
9.03622
9.0375
9.03878
9.04006
9.04134
9.04262
9.0439
9.04519
9.04647
9.04775
9.04904
9.05032
9.05161
9.05289
9.05418
9.05547
9.05676
9.05805
9.05934
9.06063
9.06192
9.06322
9.06451
9.06581
9.06711
9.06841
9.06971
9.07101
9.07231
9.07361
9.07492
9.07622
9.07753
9.07883
9.08014
9.08145
9.08276
9.08407
9.08538
9.0867
9.08801
9.08932
9.09064
9.09196
9.09328
9.09459
9.09591
9.09724
9.09856
9.09988
9.1012
9.10253
9.10386
9.10519
9.10651
9.10784
9.10918
9.11051
9.11184
9.11318
9.11452
9.11585
9.11719
9.11854
9.11988
9.12122
9.12257
9.12391
9.12526
9.12661
9.12796
9.12932
9.13067
9.13203
9.13339
9.13475
9.13611
9.13747
9.13884
9.1402
9.14157
9.14294
9.14431
9.14569
9.14706
9.14844
9.14982
9.1512
9.15258
9.15397
9.15535
9.15674
9.15813
9.15953
9.16092
9.16232
9.16371
9.16512
9.16652
9.16792
9.16933
9.17074
9.17215
9.17356
9.17497
9.17639
9.17781
9.17923
9.18065
9.18207
9.1835
9.18492
9.18635
9.18778
9.18922
9.19065
9.19209
9.19353
9.19497
9.19641
9.19785
9.1993
9.20075
9.2022
9.20365
9.20511
9.20656
9.20802
9.20948
9.21094
9.21241
9.21387
9.21534
9.21681
9.21828
9.21976
9.22123
9.22271
9.22419
9.22567
9.22716
9.22864
9.23013
9.23162
9.23311
9.23461
9.23611
9.2376
9.2391
9.24061
9.24211
9.24362
9.24513
9.24664
9.24815
9.24967
9.25118
9.2527
9.25422
9.25575
9.25727
9.2588
9.26033
9.26186
9.2634
9.26493
9.26647
9.26801
9.26955
9.27109
9.27264
9.27419
9.27574
9.27729
9.27884
9.2804
9.28195
9.28351
9.28507
9.28663
9.28819
9.28975
9.29131
9.29286
9.29442
9.29597
9.29752
9.29908
9.30063
9.30218
9.30373
9.30528
9.30684
9.30839
9.30994
9.3115
9.31305
9.31461
9.31617
9.31773
9.31929
9.32086
9.32242
9.32399
9.32555
9.32712
9.32869
9.33025
9.3318
9.33336
9.33491
9.33646
9.33801
9.33956
9.34111
9.34266
9.34422
9.34577
9.34733
9.34888
9.35044
9.352
9.35356
9.35512
9.35669
9.35825
9.35982
9.36139
9.36295
9.36452
9.36609
9.36766
9.36924
9.37081
9.37238
9.37396
9.37554
9.37711
9.37869
9.38027
9.38185
9.38343
9.38502
9.3866
9.38819
9.38977
9.39136
9.39295
9.39454
9.39613
9.39772
9.39931
9.4009
9.4025
9.4041
9.40569
9.40729
9.40889
9.4105
9.4121
9.4137
9.41531
9.41692
9.41853
9.42014
9.42175
9.42337
9.42498
9.42659
9.4282
9.42981
9.43141
9.43302
9.43462
9.43622
9.43782
9.43942
9.44101
9.4426
9.44419
9.44578
9.44736
9.44895
9.45053
9.4521
9.45368
9.45526
9.45683
9.4584
9.45997
9.46154
9.46311
9.46468
9.46625
9.46782
9.46939
9.47096
9.47253
9.4741
9.47567
9.47724
9.47882
9.48039
9.48196
9.48354
9.48511
9.48669
9.48826
9.48983
9.4914
9.49298
9.49455
9.49612
9.49769
9.49925
9.50082
9.50238
9.50395
9.50551
9.50707
9.50863
9.51018
9.51174
9.51329
9.51484
9.51639
9.51794
9.51948
9.52103
9.52257
9.5241
9.52564
9.52717
9.5287
9.53022
9.53175
9.53326
9.53478
9.53629
9.5378
9.53931
9.54082
9.54232
9.54381
9.54531
9.5468
9.54829
9.54977
9.55125
9.55273
9.55421
9.55568
9.55715
9.55862
9.56008
9.56154
9.563
9.56446
9.56591
9.56736
9.56881
9.57026
9.57171
9.57315
9.57459
9.57603
9.57747
9.57891
9.58034
9.58177
9.5832
9.58463
9.58605
9.58748
9.5889
9.59032
9.59173
9.59315
9.59456
9.59597
9.59738
9.59879
9.60019
9.60159
9.60299
9.60439
9.60578
9.60718
9.60857
9.60995
9.61134
9.61272
9.6141
9.61548
9.61685
9.61822
9.61959
9.62096
9.62232
9.62368
9.62504
9.6264
9.62775
9.6291
9.63045
9.6318
9.63314
9.63448
9.63582
9.63715
9.63849
9.63982
9.64115
9.64247
9.6438
9.64512
9.64644
9.64776
9.64908
9.65039
9.6517
9.65302
9.65433
9.65563
9.65694
9.65825
9.65955
9.66085
9.66216
9.66346
9.66476
9.66606
9.66735
9.66865
9.66994
9.67124
9.67253
9.67383
9.67512
9.67641
9.6777
9.67899
9.68028
9.68156
9.68285
9.68414
9.68542
9.68671
9.68799
9.68928
9.69056
9.69184
9.69313
9.69441
9.69569
9.69697
9.69825
9.69954
9.70082
9.7021
9.70338
9.70466
9.70594
9.70722
9.7085
9.70978
9.71106
9.71234
9.71362
9.7149
9.71619
9.71747
9.71875
9.72003
9.72131
9.7226
9.72388
9.72517
9.72645
9.72774
9.72902
9.73031
9.73159
9.73288
9.73417
9.73546
9.73674
9.73803
9.73932
9.74061
9.7419
9.7432
9.74449
9.74579
9.74708
9.74838
9.74967
9.75097
9.75227
9.75357
9.75487
9.75618
9.75748
9.75878
9.76009
9.76139
9.7627
9.76401
9.76532
9.76663
9.76794
9.76925
9.77056
9.77187
9.77319
9.7745
9.77582
9.77714
9.77845
9.77977
9.78109
9.78241
9.78373
9.78505
9.78638
9.7877
9.78903
9.79035
9.79168
9.79301
9.79434
9.79567
9.797
9.79833
9.79967
9.801
9.80234
9.80368
9.80501
9.80635
9.80769
9.80904
9.81038
9.81172
9.81307
9.81442
9.81577
9.81712
9.81847
9.81982
9.82117
9.82253
9.82389
9.82524
9.8266
9.82796
9.82933
9.83069
9.83206
9.83342
9.83479
9.83616
9.83753
9.83891
9.84028
9.84166
9.84303
9.84441
9.84579
9.84718
9.84856
9.84994
9.85133
9.85272
9.85411
9.8555
9.85689
9.85829
9.85968
9.86108
9.86248
9.86388
9.86528
9.86668
9.86809
9.86949
9.8709
9.87231
9.87372
9.87513
9.87655
9.87796
9.87938
9.8808
9.88222
9.88364
9.88506
9.88649
9.88791
9.88934
9.89077
9.8922
9.89364
9.89507
9.89651
9.89794
9.89938
9.90083
9.90227
9.90371
9.90516
9.90661
9.90806
9.90951
9.91096
9.91242
9.91388
9.91534
9.9168
9.91826
9.91972
9.92119
9.92266
9.92413
9.9256
9.92707
9.92854
9.93002
9.93149
9.93297
9.93444
9.93592
9.93739
9.93886
9.94034
9.94181
9.94329
9.94476
9.94624
9.94772
9.94918
9.95064
9.95209
9.95354
9.95498
9.95642
9.95786
9.95929
9.96073
9.96217
9.96361
9.96505
9.9665
9.96795
9.9694
9.97086
9.97232
9.97377
9.97524
9.9767
9.97816
9.97963
9.9811
9.98257
9.98404
9.98551
9.98699
9.98846
9.98994
9.99142
9.9929
9.99438
9.99587
9.99735
9.99884
10.0003
10.0018
10.0033
10.0048
10.0063
10.0078
10.0093
10.0107
10.0122
10.0137
10.0152
10.0167
10.0182
10.0197
10.0212
10.0227
10.0242
10.0257
10.0272
10.0286
10.0301
10.0316
10.0331
10.0346
10.0361
10.0376
10.0391
10.0405
10.042
10.0435
10.045
10.0465
10.0479
10.0494
10.0509
10.0524
10.0538
10.0553
10.0568
10.0583
10.0597
10.0612
10.0627
10.0641
10.0656
10.067
10.0685
10.07
10.0714
10.0729
10.0743
10.0757
10.0772
10.0786
10.0801
10.0815
10.0829
10.0844
10.0858
10.0872
10.0886
10.09
10.0915
10.0929
10.0943
10.0957
10.0971
10.0985
10.0999
10.1013
10.1027
10.1041
10.1055
10.1068
10.1082
10.1096
10.111
10.1124
10.1137
10.1151
10.1165
10.1178
10.1192
10.1206
10.1219
10.1233
10.1247
10.126
10.1274
10.1287
10.1301
10.1314
10.1328
10.1341
10.1355
10.1368
10.1381
10.1395
10.1408
10.1422
10.1435
10.1448
10.1462
10.1475
10.1489
10.1502
10.1515
10.1529
10.1542
10.1555
10.1568
10.1582
10.1595
10.1608
10.1622
10.1635
10.1648
10.1661
10.1675
10.1688
10.1701
10.1715
10.1728
10.1741
10.1754
10.1767
10.1781
10.1794
10.1807
10.182
10.1834
10.1847
10.186
10.1873
10.1887
10.19
10.1913
10.1926
10.194
10.1953
10.1966
10.1979
10.1992
10.2006
10.2019
10.2032
10.2045
10.2059
10.2072
10.2085
10.2098
10.2111
10.2125
10.2138
10.2151
10.2164
10.2178
10.2191
10.2204
10.2218
10.2231
10.2244
10.2257
10.2271
10.2284
10.2297
10.2311
10.2324
10.2337
10.235
10.2364
10.2377
10.239
10.2404
10.2417
10.243
10.2444
10.2457
10.2471
10.2484
10.2497
10.2511
10.2524
10.2537
10.2551
10.2564
10.2578
10.2591
10.2604
10.2618
10.2631
10.2645
10.2658
10.2672
10.2685
10.2699
10.2712
10.2725
10.2739
10.2752
10.2766
10.2779
10.2793
10.2806
10.282
10.2833
10.2847
10.286
10.2874
10.2887
10.2901
10.2914
10.2928
10.2941
10.2955
10.2968
10.2982
10.2995
10.3009
10.3022
10.3036
10.3049
10.3063
10.3076
10.3089
10.3103
10.3116
10.313
10.3143
10.3156
10.317
10.3183
10.3196
10.321
10.3223
10.3236
10.3249
10.3263
10.3276
10.3289
10.3303
10.3316
10.3329
10.3343
10.3356
10.3369
10.3383
10.3396
10.341
10.3423
10.3436
10.345
10.3463
10.3477
10.349
10.3504
10.3517
10.353
10.3544
10.3557
10.3571
10.3584
10.3598
10.3611
10.3625
10.3638
10.3652
10.3665
10.3679
10.3693
10.3706
10.372
10.3733
10.3747
10.376
10.3774
10.3788
10.3801
10.3815
10.3829
10.3842
10.3856
10.387
10.3883
10.3897
10.3911
10.3925
10.3938
10.3952
10.3966
10.398
10.3994
10.4007
10.4021
10.4035
10.4049
10.4063
10.4077
10.4091
10.4104
10.4118
10.4132
10.4146
10.416
10.4174
10.4188
10.4202
10.4216
10.423
10.4244
10.4258
10.4273
10.4287
10.4301
10.4315
10.4329
10.4343
10.4357
10.4372
10.4386
10.44
10.4414
10.4428
10.4443
10.4457
10.4471
10.4486
10.45
10.4514
10.4529
10.4543
10.4557
10.4572
10.4586
10.4601
10.4615
10.463
10.4644
10.4659
10.4673
10.4688
10.4702
10.4717
10.4732
10.4746
10.4761
10.4776
10.479
10.4805
10.482
10.4834
10.4849
10.4864
10.4879
10.4894
10.4908
10.4923
10.4938
10.4953
10.4968
10.4983
10.4998
10.5013
10.5028
10.5043
10.5058
10.5073
10.5088
10.5102
10.5117
10.5132
10.5147
10.5162
10.5177
10.5193
10.5208
10.5223
10.5238
10.5253
10.5268
10.5283
10.5299
10.5314
10.5329
10.5344
10.536
10.5375
10.539
10.5406
10.5421
10.5436
10.5452
10.5467
10.5482
10.5498
10.5513
10.5529
10.5544
10.556
10.5575
10.559
10.5606
10.5621
10.5637
10.5652
10.5668
10.5683
10.5699
10.5715
10.573
10.5746
10.5761
10.5777
10.5792
10.5808
10.5823
10.5839
10.5855
10.587
10.5886
10.5901
10.5917
10.5932
10.5948
10.5963
10.5979
10.5994
10.601
10.6025
10.604
10.6056
10.6071
10.6087
10.6102
10.6117
10.6133
10.6148
10.6163
10.6179
10.6194
10.6209
10.6224
10.6239
10.6254
10.627
10.6285
10.63
10.6315
10.633
10.6345
10.636
10.6375
10.6389
10.6404
10.6419
10.6434
10.6449
10.6463
10.6478
10.6493
10.6507
10.6522
10.6536
10.6551
10.6566
10.658
10.6594
10.6609
10.6623
10.6638
10.6652
10.6666
10.6681
10.6695
10.6709
10.6723
10.6737
10.6752
10.6766
10.678
10.6794
10.6808
10.6822
10.6836
10.685
10.6864
10.6878
10.6892
10.6906
10.692
10.6934
10.6948
10.6961
10.6975
10.6989
10.7003
10.7017
10.7031
10.7044
10.7058
10.7072
10.7086
10.71
10.7113
10.7127
10.7141
10.7155
10.7168
10.7182
10.7196
10.721
10.7223
10.7237
10.7251
10.7264
10.7278
10.7292
10.7306
10.7319
10.7333
10.7347
10.736
10.7374
10.7388
10.7401
10.7415
10.7429
10.7443
10.7456
10.747
10.7484
10.7497
10.7511
10.7525
10.7538
10.7552
10.7566
10.758
10.7593
10.7607
10.7621
10.7635
10.7649
10.7662
10.7676
10.769
10.7704
10.7718
10.7732
10.7745
10.7759
10.7773
10.7787
10.7801
10.7815
10.7829
10.7843
10.7857
10.7871
10.7885
10.7899
10.7913
10.7928
10.7942
10.7956
10.797
10.7984
10.7998
10.8013
10.8027
10.8041
10.8055
10.807
10.8084
10.8098
10.8113
10.8127
10.8142
10.8156
10.817
10.8185
10.8199
10.8214
10.8228
10.8243
10.8258
10.8272
10.8287
10.8301
10.8316
10.8331
10.8345
10.836
10.8375
10.839
10.8404
10.8419
10.8434
10.8449
10.8464
10.8479
10.8494
10.8508
10.8523
10.8538
10.8553
10.8568
10.8583
10.8598
10.8613
10.8628
10.8643
10.8658
10.8673
10.8688
10.8703
10.8718
10.8733
10.8748
10.8763
10.8778
10.8793
10.8808
10.8823
10.8838
10.8854
10.8869
10.8884
10.8899
10.8914
10.8929
10.8944
10.8959
10.8974
10.8989
10.9004
10.9019
10.9034
10.9049
10.9064
10.9079
10.9094
10.9109
10.9124
10.9139
10.9154
10.9169
10.9184
10.9198
10.9213
10.9228
10.9243
10.9258
10.9272
10.9287
10.9302
10.9317
10.9331
10.9346
10.9361
10.9376
10.9391
10.9405
10.942
10.9435
10.945
10.9464
10.9479
10.9494
10.9509
10.9524
10.9538
10.9553
10.9568
10.9583
10.9597
10.9612
10.9627
10.9642
10.9656
10.9671
10.9686
10.9701
10.9716
10.973
10.9745
10.976
10.9775
10.9789
10.9804
10.9819
10.9834
10.9848
10.9863
10.9878
10.9893
10.9908
10.9922
10.9937
10.9952
10.9967
10.9982
10.9996
11.0011
11.0026
11.0041
11.0055
11.007
11.0085
11.01
11.0115
11.0129
11.0144
11.0159
11.0174
11.0189
11.0203
11.0218
11.0233
11.0248
11.0263
11.0277
11.0292
11.0307
11.0322
11.0336
11.0351
11.0366
11.038
11.0395
11.0409
11.0424
11.0438
11.0452
11.0467
11.0481
11.0495
11.051
11.0524
11.0539
11.0553
11.0567
11.0582
11.0596
11.061
11.0625
11.0639
11.0653
11.0668
11.0682
11.0697
11.0711
11.0725
11.074
11.0754
11.0769
11.0783
11.0797
11.0812
11.0826
11.084
11.0855
11.0869
11.0883
11.0898
11.0912
11.0926
11.0941
11.0955
11.0969
11.0983
11.0998
11.1012
11.1026
11.104
11.1055
11.1069
11.1083
11.1097
11.1111
11.1125
11.114
11.1154
11.1168
11.1182
11.1196
11.121
11.1224
11.1238
11.1253
11.1267
11.1281
11.1295
11.1309
11.1323
11.1337
11.1351
11.1365
11.1379
11.1393
11.1407
11.1421
11.1435
11.1449
11.1463
11.1477
11.1491
11.1505
11.1518
11.1532
11.1546
11.156
11.1574
11.1588
11.1601
11.1615
11.1629
11.1642
11.1656
11.167
11.1684
11.1697
11.1711
11.1724
11.1738
11.1751
11.1765
11.1778
11.1792
11.1805
11.1819
11.1832
11.1846
11.1859
11.1872
11.1885
11.1899
11.1912
11.1925
11.1938
11.1951
11.1965
11.1978
11.1991
11.2004
11.2017
11.203
11.2043
11.2056
11.2068
11.2081
11.2094
11.2107
11.212
11.2132
11.2145
11.2158
11.217
11.2183
11.2195
11.2208
11.222
11.2233
11.2245
11.2258
11.227
11.2283
11.2295
11.2307
11.232
11.2332
11.2344
11.2356
11.2368
11.2381
11.2393
11.2405
11.2417
11.2429
11.2441
11.2453
11.2465
11.2477
11.2489
11.2501
11.2513
11.2525
11.2536
11.2548
11.256
11.2572
11.2584
11.2595
11.2607
11.2619
11.263
11.2642
11.2654
11.2665
11.2677
11.2689
11.27
11.2712
11.2724
11.2735
11.2747
11.2758
11.277
11.2781
11.2793
11.2804
11.2816
11.2827
11.2839
11.285
11.2862
11.2873
11.2885
11.2896
11.2908
11.2919
11.2931
11.2942
11.2954
11.2965
11.2977
11.2988
11.2999
11.3011
11.3022
11.3034
11.3045
11.3057
11.3068
11.308
11.3091
11.3102
11.3114
11.3125
11.3137
11.3148
11.316
11.3171
11.3183
11.3194
11.3206
11.3217
11.3229
11.324
11.3251
11.3263
11.3274
11.3286
11.3297
11.3309
11.332
11.3332
11.3343
11.3355
11.3366
11.3378
11.3389
11.3401
11.3412
11.3423
11.3435
11.3446
11.3458
11.3469
11.3481
11.3492
11.3503
11.3515
11.3526
11.3537
11.3549
11.356
11.3571
11.3582
11.3593
11.3604
11.3615
11.3626
11.3636
11.3647
11.3658
11.3669
11.368
11.3691
11.3702
11.3712
11.3723
11.3734
11.3745
11.3755
11.3766
11.3777
11.3788
11.3799
11.3809
11.382
11.3831
11.3841
11.3852
11.3863
11.3874
11.3884
11.3895
11.3906
11.3916
11.3927
11.3938
11.3948
11.3959
11.397
11.398
11.3991
11.4001
11.4012
11.4023
11.4033
11.4044
11.4055
11.4065
11.4076
11.4087
11.4097
11.4108
11.4118
11.4129
11.414
11.415
11.4161
11.4172
11.4182
11.4193
11.4204
11.4214
11.4225
11.4235
11.4246
11.4257
11.4267
11.4278
11.4289
11.4299
11.431
11.4321
11.4331
11.4342
11.4352
11.4363
11.4374
11.4384
11.4395
11.4405
11.4416
11.4426
11.4437
11.4447
11.4458
11.4469
11.4479
11.449
11.45
11.4511
11.4522
11.4532
11.4543
11.4553
11.4564
11.4575
11.4585
11.4596
11.4607
11.4617
11.4628
11.4639
11.4649
11.466
11.4671
11.4682
11.4692
11.4703
11.4714
11.4725
11.4735
11.4746
11.4757
11.4768
11.4779
11.4789
11.48
11.4811
11.4822
11.4833
11.4844
11.4854
11.4865
11.4876
11.4887
11.4898
11.4909
11.492
11.4931
11.4942
11.4953
11.4964
11.4975
11.4986
11.4997
11.5008
11.5019
11.503
11.5041
11.5052
11.5063
11.5074
11.5085
11.5096
11.5107
11.5118
11.5129
11.514
11.5151
11.5162
11.5173
11.5183
11.5194
11.5205
11.5216
11.5227
11.5238
11.5249
11.526
11.527
11.5281
11.5292
11.5303
11.5313
11.5324
11.5335
11.5346
11.5356
11.5367
11.5378
11.5388
11.5399
11.541
11.542
11.5431
11.5442
11.5452
11.5463
11.5473
11.5484
11.5494
11.5505
11.5515
11.5526
11.5536
11.5547
11.5557
11.5568
11.5578
11.5589
11.5599
11.5609
11.562
11.563
11.5641
11.5651
11.5661
11.5672
11.5682
11.5693
11.5703
11.5713
11.5724
11.5734
11.5744
11.5755
11.5765
11.5775
11.5786
11.5796
11.5806
11.5817
11.5827
11.5837
11.5848
11.5858
11.5868
11.5879
11.5889
11.5899
11.591
11.592
11.593
11.5941
11.5951
11.5962
11.5972
11.5982
11.5993
11.6003
11.6013
11.6024
11.6034
11.6045
11.6055
11.6066
11.6076
11.6086
11.6097
11.6107
11.6118
11.6128
11.6139
11.6149
11.616
11.617
11.6181
11.6191
11.6202
11.6213
11.6223
11.6234
11.6244
11.6255
11.6266
11.6276
11.6287
11.6297
11.6308
11.6319
11.633
11.634
11.6351
11.6362
11.6372
11.6383
11.6394
11.6405
11.6415
11.6426
11.6437
11.6448
11.6458
11.6469
11.648
11.6491
11.6501
11.6512
11.6523
11.6534
11.6545
11.6555
11.6566
11.6577
11.6588
11.6599
11.661
11.6621
11.6631
11.6642
11.6653
11.6664
11.6675
11.6686
11.6697
11.6707
11.6718
11.6729
11.674
11.6751
11.6761
11.6772
11.6783
11.6794
11.6805
11.6815
11.6826
11.6837
11.6848
11.6858
11.6869
11.688
11.6891
11.6901
11.6912
11.6923
11.6934
11.6945
11.6956
11.6966
11.6977
11.6988
11.6999
11.701
11.7021
11.7032
11.7043
11.7053
11.7064
11.7075
11.7086
11.7097
11.7108
11.7119
11.713
11.7141
11.7152
11.7163
11.7174
11.7185
11.7196
11.7207
11.7218
11.7229
11.724
11.7251
11.7262
11.7274
11.7285
11.7296
11.7307
11.7318
11.7329
11.734
11.7352
11.7363
11.7374
11.7385
11.7396
11.7408
11.7419
11.743
11.7441
11.7453
11.7464
11.7475
11.7486
11.7498
11.7509
11.752
11.7532
11.7543
11.7554
11.7566
11.7577
11.7589
11.76
11.7612
11.7623
11.7634
11.7646
11.7657
11.7669
11.768
11.7692
11.7704
11.7715
11.7727
11.7738
11.775
11.7761
11.7773
11.7785
11.7796
11.7808
11.782
11.7831
11.7843
11.7855
11.7867
11.7878
11.789
11.7902
11.7914
11.7926
11.7938
11.7949
11.7961
11.7973
11.7985
11.7997
11.8009
11.8021
11.8033
11.8045
11.8057
11.8069
11.8081
11.8093
11.8105
11.8117
11.8129
11.8141
11.8154
11.8166
11.8178
11.819
11.8202
11.8215
11.8227
11.8239
11.8251
11.8264
11.8276
11.8288
11.8301
11.8313
11.8325
11.8338
11.835
11.8363
11.8375
11.8387
11.84
11.8412
11.8425
11.8437
11.845
11.8462
11.8475
11.8487
11.85
11.8512
11.8525
11.8537
11.855
11.8562
11.8575
11.8588
11.8601
11.8613
11.8626
11.8639
11.8652
11.8664
11.8677
11.869
11.8703
11.8716
11.8729
11.8742
11.8755
11.8768
11.8781
11.8794
11.8807
11.882
11.8833
11.8846
11.886
11.8873
11.8886
11.8899
11.8912
11.8926
11.8939
11.8952
11.8965
11.8979
11.8992
11.9005
11.9018
11.9032
11.9045
11.9058
11.9072
11.9085
11.9098
11.9112
11.9125
11.9138
11.9152
11.9165
11.9178
11.9192
11.9205
11.9218
11.9232
11.9245
11.9258
11.9272
11.9285
11.9298
11.9311
11.9325
11.9338
11.9351
11.9364
11.9378
11.9391
11.9404
11.9417
11.943
11.9443
11.9456
11.9469
11.9483
11.9496
11.9509
11.9522
11.9535
11.9548
11.956
11.9573
11.9586
11.9599
11.9612
11.9625
11.9637
11.965
11.9663
11.9676
11.9688
11.9701
11.9713
11.9726
11.9739
11.9751
11.9764
11.9776
11.9789
11.9801
11.9814
11.9826
11.9838
11.9851
11.9863
11.9875
11.9888
11.99
11.9912
11.9924
11.9937
11.9949
11.9961
11.9973
11.9985
11.9997
12.0009
12.0022
12.0034
12.0046
12.0058
12.007
12.0082
12.0094
12.0106
12.0118
12.013
12.0142
12.0154
12.0166
12.0178
12.019
12.0202
12.0214
12.0226
12.0238
12.025
12.0262
12.0274
12.0286
12.0298
12.031
12.0322
12.0334
12.0346
12.0358
12.0371
12.0383
12.0395
12.0407
12.0419
12.0431
12.0443
12.0455
12.0467
12.0479
12.0491
12.0503
12.0515
12.0527
12.054
12.0552
12.0564
12.0576
12.0588
12.06
12.0613
12.0625
12.0637
12.0649
12.0661
12.0674
12.0686
12.0698
12.071
12.0723
12.0735
12.0747
12.0759
12.0772
12.0784
12.0796
12.0809
12.0821
12.0833
12.0846
12.0858
12.0871
12.0883
12.0895
12.0908
12.092
12.0933
12.0945
12.0958
12.097
12.0983
12.0995
12.1008
12.102
12.1033
12.1046
12.1058
12.1071
12.1084
12.1096
12.1109
12.1122
12.1134
12.1147
12.116
12.1172
12.1185
12.1198
12.1211
12.1223
12.1236
12.1249
12.1262
12.1275
12.1288
12.1301
12.1313
12.1326
12.1339
12.1352
12.1365
12.1378
12.1391
12.1404
12.1417
12.143
12.1443
12.1456
12.1469
12.1482
12.1495
12.1508
12.1521
12.1535
12.1548
12.1561
12.1574
12.1587
12.16
12.1613
12.1626
12.1639
12.1652
12.1666
12.1679
12.1692
12.1705
12.1718
12.1731
12.1744
12.1758
12.1771
12.1784
12.1797
12.181
12.1823
12.1836
12.185
12.1863
12.1876
12.1889
12.1902
12.1915
12.1928
12.1942
12.1955
12.1968
12.1981
12.1994
12.2007
12.202
12.2033
12.2046
12.2059
12.2072
12.2085
12.2097
12.211
12.2123
12.2136
12.2149
12.2162
12.2175
12.2188
12.2201
12.2214
12.2226
12.2239
12.2252
12.2265
12.2278
12.2291
12.2304
12.2317
12.233
12.2343
12.2356
12.2369
12.2382
12.2395
12.2408
12.2421
12.2434
12.2447
12.246
12.2473
12.2486
12.2498
12.2512
12.2525
12.2538
12.2551
12.2564
12.2577
12.259
12.2603
12.2616
12.2629
12.2642
12.2655
12.2668
12.2681
12.2694
12.2707
12.272
12.2733
12.2746
12.2759
12.2773
12.2786
12.2799
12.2812
12.2825
12.2838
12.2851
12.2865
12.2878
12.2891
12.2904
12.2917
12.293
12.2944
12.2957
12.297
12.2983
12.2996
12.301
12.3023
12.3036
12.3049
12.3063
12.3076
12.3089
12.3102
12.3116
12.3129
12.3142
12.3156
12.3169
12.3182
12.3195
12.3208
12.3221
12.3235
12.3248
12.3261
12.3274
12.3287
12.33
12.3313
12.3326
12.334
12.3353
12.3366
12.3379
12.3392
12.3406
12.3419
12.3432
12.3445
12.3459
12.3472
12.3485
12.3499
12.3512
12.3525
12.3539
12.3552
12.3566
12.3579
12.3592
12.3606
12.3619
12.3633
12.3646
12.366
12.3673
12.3687
12.37
12.3714
12.3727
12.3741
12.3754
12.3768
12.3781
12.3795
12.3808
12.3822
12.3836
12.3849
12.3863
12.3876
12.389
12.3904
12.3917
12.3931
12.3944
12.3958
12.3971
12.3985
12.3998
12.4012
12.4025
12.4039
12.4052
12.4066
12.4079
12.4093
12.4106
12.412
12.4133
12.4146
12.416
12.4173
12.4186
12.42
12.4213
12.4226
12.4239
12.4252
12.4266
12.4279
12.4292
12.4305
12.4318
12.4331
12.4344
12.4357
12.437
12.4383
12.4395
12.4408
12.4421
12.4434
12.4446
12.4459
12.4472
12.4484
12.4497
12.4509
12.4522
12.4534
12.4546
12.4559
12.4571
12.4583
12.4596
12.4608
12.462
12.4632
12.4644
12.4656
12.4668
12.4681
12.4692
12.4704
12.4716
12.4728
12.474
12.4752
12.4764
12.4775
12.4787
12.4799
12.4811
12.4822
12.4834
12.4845
12.4857
12.4868
12.488
12.4891
12.4903
12.4914
12.4925
12.4937
12.4948
12.4959
12.497
12.4982
12.4993
12.5004
12.5015
12.5026
12.5037
12.5048
12.5059
12.507
12.5081
12.5092
12.5102
12.5113
12.5124
12.5135
12.5145
12.5156
12.5167
12.5177
12.5188
12.5198
12.5209
12.522
12.523
12.524
12.5251
12.5261
12.5272
12.5282
12.5292
12.5302
12.5313
12.5323
12.5333
12.5343
12.5354
12.5364
12.5374
12.5384
12.5394
12.5404
12.5414
12.5424
12.5434
12.5444
12.5454
12.5464
12.5474
12.5484
12.5494
12.5504
12.5514
12.5524
12.5534
12.5543
12.5553
12.5563
12.5573
12.5583
12.5593
12.5603
12.5612
12.5622
12.5632
12.5642
12.5652
12.5661
12.5671
12.5681
12.5691
12.5701
12.571
12.572
12.573
12.574
12.5749
12.5759
12.5769
12.5779
12.5788
12.5798
12.5808
12.5818
12.5827
12.5837
12.5847
12.5857
12.5866
12.5876
12.5886
12.5896
12.5905
12.5915
12.5925
12.5935
12.5944
12.5954
12.5964
12.5974
12.5984
12.5994
12.6004
12.6014
12.6023
12.6033
12.6043
12.6053
12.6064
12.6074
12.6084
12.6094
12.6104
12.6114
12.6124
12.6134
12.6145
12.6155
12.6165
12.6175
12.6185
12.6196
12.6206
12.6216
12.6227
12.6237
12.6248
12.6258
12.6269
12.6279
12.629
12.63
12.6311
12.6321
12.6332
12.6342
12.6353
12.6364
12.6374
12.6385
12.6396
12.6407
12.6418
12.6428
12.6439
12.645
12.6461
12.6472
12.6483
12.6494
12.6505
12.6516
12.6527
12.6538
12.6549
12.6561
12.6572
12.6583
12.6594
12.6605
12.6617
12.6628
12.6639
12.6651
12.6662
12.6674
12.6685
12.6697
12.6708
12.672
12.6731
12.6743
12.6755
12.6766
12.6778
12.679
12.6801
12.6813
12.6825
12.6837
12.6849
12.6861
12.6872
12.6884
12.6896
12.6908
12.692
12.6932
12.6944
12.6957
12.6969
12.6981
12.6993
12.7005
12.7017
12.703
12.7042
12.7054
12.7067
12.7079
12.7091
12.7104
12.7116
12.7129
12.7141
12.7154
12.7166
12.7179
12.7191
12.7204
12.7216
12.7229
12.7242
12.7254
12.7267
12.728
12.7293
12.7305
12.7318
12.7331
12.7344
12.7356
12.7369
12.7382
12.7395
12.7408
12.7421
12.7434
12.7446
12.7459
12.7472
12.7485
12.7498
12.7511
12.7524
12.7537
12.755
12.7563
12.7576
12.7589
12.7602
12.7615
12.7628
12.7641
12.7654
12.7667
12.768
12.7693
12.7706
12.7719
12.7732
12.7745
12.7758
12.7771
12.7784
12.7796
12.7809
12.7822
12.7835
12.7847
12.786
12.7873
12.7885
12.7898
12.7911
12.7923
12.7936
12.7948
12.7961
12.7973
12.7985
12.7998
12.801
12.8022
12.8034
12.8047
12.8059
12.8071
12.8083
12.8095
12.8107
12.8119
12.8131
12.8142
12.8154
12.8166
12.8178
12.8189
12.8201
12.8212
12.8224
12.8235
12.8247
12.8258
12.827
12.8281
12.8292
12.8304
12.8315
12.8326
12.8337
12.8348
12.8359
12.8371
12.8382
12.8393
12.8404
12.8414
12.8425
12.8436
12.8447
12.8458
12.8469
12.848
12.849
12.8501
12.8512
12.8522
12.8533
12.8544
12.8554
12.8565
12.8575
12.8586
12.8596
12.8607
12.8617
12.8628
12.8638
12.8648
12.8659
12.8669
12.8679
12.869
12.87
12.871
12.872
12.8731
12.8741
12.8751
12.8761
12.8771
12.8782
12.8792
12.8802
12.8812
12.8822
12.8832
12.8842
12.8852
12.8862
12.8872
12.8882
12.8892
12.8902
12.8912
12.8922
12.8932
12.8942
12.8952
12.8962
12.8972
12.8982
12.8992
12.9002
12.9011
12.9021
12.9031
12.9041
12.9051
12.9061
12.9071
12.9081
12.909
12.91
12.911
12.912
12.913
12.914
12.915
12.9159
12.9169
12.9179
12.9189
12.9199
12.9209
12.9219
12.9229
12.9238
12.9248
12.9258
12.9268
12.9278
12.9288
12.9298
12.9308
12.9317
12.9327
12.9337
12.9347
12.9357
12.9367
12.9377
12.9387
12.9397
12.9406
12.9416
12.9426
12.9436
12.9446
12.9456
12.9465
12.9475
12.9485
12.9495
12.9505
12.9514
12.9524
12.9534
12.9544
12.9554
12.9563
12.9573
12.9583
12.9593
12.9603
12.9612
12.9622
12.9632
12.9642
12.9652
12.9661
12.9671
12.9681
12.9691
12.9701
12.9711
12.9721
12.973
12.974
12.975
12.976
12.977
12.978
12.979
12.98
12.981
12.982
12.983
12.984
12.985
12.986
12.987
12.988
12.989
12.99
12.991
12.992
12.993
12.994
12.995
12.996
12.997
12.9981
12.9991
13.0001
13.0011
13.0021
13.0031
13.0042
13.0052
13.0062
13.0072
13.0082
13.0093
13.0103
13.0113
13.0124
13.0134
13.0144
13.0154
13.0165
13.0175
13.0186
13.0196
13.0206
13.0217
13.0227
13.0238
13.0248
13.0259
13.0269
13.028
13.029
13.0301
13.0311
13.0322
13.0332
13.0343
13.0353
13.0364
13.0375
13.0385
13.0396
13.0407
13.0417
13.0428
13.0439
13.0449
13.046
13.0471
13.0482
13.0493
13.0503
13.0514
13.0525
13.0536
13.0547
13.0558
13.0569
13.058
13.059
13.0601
13.0612
13.0623
13.0634
13.0645
13.0656
13.0667
13.0678
13.069
13.0701
13.0712
13.0723
13.0734
13.0745
13.0756
13.0768
13.0779
13.079
13.0801
13.0812
13.0824
13.0835
13.0846
13.0858
13.0869
13.088
13.0892
13.0903
13.0914
13.0926
13.0937
13.0949
13.096
13.0972
13.0983
13.0994
13.1006
13.1018
13.1029
13.1041
13.1052
13.1064
13.1075
13.1087
13.1099
13.111
13.1122
13.1134
13.1145
13.1157
13.1169
13.1181
13.1192
13.1204
13.1216
13.1228
13.124
13.1252
13.1263
13.1275
13.1287
13.1299
13.1311
13.1323
13.1335
13.1347
13.1359
13.1371
13.1383
13.1395
13.1407
13.1419
13.1431
13.1443
13.1455
13.1467
13.148
13.1492
13.1504
13.1516
13.1529
13.1541
13.1553
13.1566
13.1578
13.159
13.1603
13.1615
13.1628
13.164
13.1653
13.1665
13.1678
13.1691
13.1703
13.1716
13.1729
13.1741
13.1754
13.1767
13.178
13.1792
13.1805
13.1818
13.1831
13.1844
13.1857
13.187
13.1883
13.1896
13.1909
13.1922
13.1935
13.1948
13.1961
13.1974
13.1988
13.2001
13.2014
13.2027
13.204
13.2054
13.2067
13.208
13.2093
13.2107
13.212
13.2133
13.2147
13.216
13.2174
13.2187
13.22
13.2214
13.2227
13.2241
13.2254
13.2267
13.2281
13.2294
13.2308
13.2321
13.2335
13.2348
13.2361
13.2375
13.2388
13.2402
13.2415
13.2428
13.2442
13.2455
13.2468
13.2482
13.2495
13.2508
13.2522
13.2535
13.2548
13.2561
13.2575
13.2588
13.2601
13.2614
13.2627
13.264
13.2654
13.2667
13.268
13.2693
13.2706
13.2719
13.2732
13.2745
13.2758
13.2771
13.2784
13.2797
13.2809
13.2822
13.2835
13.2848
13.2861
13.2873
13.2886
13.2899
13.2912
13.2924
13.2937
13.295
13.2962
13.2975
13.2987
13.3
13.3013
13.3025
13.3038
13.305
13.3063
13.3075
13.3088
13.31
13.3113
13.3125
13.3137
13.315
13.3162
13.3175
13.3187
13.3199
13.3212
13.3224
13.3237
13.3249
13.3261
13.3274
13.3286
13.3298
13.3311
13.3323
13.3335
13.3348
13.336
13.3372
13.3385
13.3397
13.3409
13.3422
13.3434
13.3447
13.3459
13.3471
13.3484
13.3496
13.3508
13.3521
13.3533
13.3546
13.3558
13.357
13.3583
13.3595
13.3608
13.362
13.3633
13.3645
13.3658
13.367
13.3683
13.3695
13.3708
13.372
13.3733
13.3745
13.3758
13.377
13.3783
13.3796
13.3808
13.3821
13.3834
13.3846
13.3859
13.3872
13.3884
13.3897
13.391
13.3923
13.3936
13.3948
13.3961
13.3974
13.3987
13.4
13.4013
13.4026
13.4039
13.4052
13.4065
13.4078
13.4091
13.4104
13.4117
13.4131
13.4144
13.4157
13.417
13.4184
13.4197
13.421
13.4224
13.4237
13.425
13.4264
13.4277
13.4291
13.4304
13.4318
13.4332
13.4345
13.4359
13.4373
13.4386
13.44
13.4414
13.4428
13.4442
13.4456
13.447
13.4484
13.4498
13.4512
13.4526
13.454
13.4554
13.4568
13.4583
13.4597
13.4611
13.4626
13.464
13.4654
13.4669
13.4684
13.4698
13.4713
13.4727
13.4742
13.4757
13.4772
13.4787
13.4801
13.4816
13.4831
13.4846
13.4861
13.4877
13.4892
13.4907
13.4922
13.4938
13.4953
13.4968
13.4984
13.4999
13.5015
13.503
13.5046
13.5062
13.5077
13.5093
13.5109
13.5125
13.5141
13.5157
13.5173
13.5189
13.5205
13.5221
13.5237
13.5253
13.527
13.5286
13.5302
13.5319
13.5335
13.5351
13.5368
13.5384
13.5401
13.5418
13.5434
13.5451
13.5468
13.5484
13.5501
13.5518
13.5535
13.5552
13.5569
13.5586
13.5603
13.562
13.5637
13.5654
13.5671
13.5689
13.5706
13.5723
13.574
13.5758
13.5775
13.5792
13.581
13.5827
13.5845
13.5862
13.588
13.5897
13.5915
13.5933
13.595
13.5968
13.5986
13.6003
13.6021
13.6039
13.6057
13.6075
13.6092
13.611
13.6128
13.6146
13.6164
13.6182
13.62
13.6218
13.6236
13.6254
13.6272
13.6291
13.6309
13.6327
13.6345
13.6363
13.6382
13.64
13.6418
13.6436
13.6455
13.6473
13.6492
13.651
13.6528
13.6547
13.6565
13.6584
13.6602
13.6621
13.6639
13.6658
13.6677
13.6695
13.6714
13.6733
13.6751
13.677
13.6789
13.6808
13.6826
13.6845
13.6864
13.6883
13.6902
13.6921
13.694
13.6959
13.6978
13.6997
13.7016
13.7035
13.7054
13.7073
13.7092
13.7111
13.713
13.7149
13.7168
13.7187
13.7207
13.7226
13.7245
13.7264
13.7283
13.7303
13.7322
13.7341
13.736
13.738
13.7399
13.7419
13.7438
13.7457
13.7477
13.7496
13.7516
13.7535
13.7555
13.7574
13.7594
13.7613
13.7633
13.7652
13.7672
13.7692
13.7712
13.7731
13.7751
13.7771
13.7791
13.7811
13.783
13.785
13.787
13.789
13.791
13.793
13.7951
13.7971
13.7991
13.8011
13.8031
13.8052
13.8072
13.8092
13.8113
13.8133
13.8154
13.8174
13.8195
13.8215
13.8236
13.8256
13.8277
13.8298
13.8318
13.8339
13.836
13.8381
13.8401
13.8422
13.8443
13.8464
13.8485
13.8506
13.8527
13.8548
13.8569
13.859
13.8611
13.8632
13.8653
13.8674
13.8696
13.8717
13.8738
13.876
13.8781
13.8802
13.8824
13.8845
13.8867
13.8888
13.891
13.8932
13.8953
13.8975
13.8997
13.9019
13.9041
13.9063
13.9085
13.9107
13.9129
13.9151
13.9173
13.9195
13.9217
13.924
13.9262
13.9284
13.9307
13.9329
13.9352
13.9374
13.9397
13.942
13.9442
13.9465
13.9488
13.9511
13.9534
13.9557
13.958
13.9603
13.9626
13.9649
13.9672
13.9695
13.9719
13.9742
13.9765
13.9789
13.9812
13.9836
13.9859
13.9883
13.9907
13.993
13.9954
13.9978
14.0001
14.0025
14.0049
14.0073
14.0097
14.0121
14.0145
14.0169
14.0193
14.0217
14.0242
14.0266
14.029
14.0314
14.0339
14.0363
14.0387
14.0412
14.0436
14.0461
14.0485
14.051
14.0534
14.0559
14.0583
14.0608
14.0633
14.0657
14.0682
14.0707
14.0731
14.0756
14.0781
14.0806
14.083
14.0855
14.088
14.0905
14.093
14.0954
14.0979
14.1004
14.1029
14.1054
14.1079
14.1104
14.1129
14.1154
14.1179
14.1204
14.1229
14.1254
14.1279
14.1304
14.1329
14.1354
14.1379
14.1404
14.1429
14.1455
14.148
14.1505
14.153
14.1555
14.158
14.1605
14.163
14.1656
14.1681
14.1706
14.1731
14.1756
14.1782
14.1807
14.1832
14.1857
14.1882
14.1908
14.1933
14.1958
14.1983
14.2008
14.2034
14.2059
14.2084
14.2109
14.2134
14.216
14.2185
14.221
14.2235
14.226
14.2286
14.2311
14.2336
14.2361
14.2386
14.2412
14.2437
14.2462
14.2487
14.2512
14.2537
14.2563
14.2588
14.2613
14.2638
14.2663
14.2688
14.2713
14.2738
14.2764
14.2789
14.2814
14.2839
14.2864
14.2889
14.2914
14.294
14.2965
14.299
14.3015
14.304
14.3065
14.309
14.3116
14.3141
14.3166
14.3191
14.3216
14.3241
14.3266
14.3291
14.3316
14.3341
14.3366
14.3391
14.3416
14.3441
14.3466
14.3491
14.3516
14.3541
14.3566
14.3591
14.3616
14.364
14.3665
14.369
14.3715
14.374
14.3765
14.379
14.3815
14.384
14.3865
14.389
14.3914
14.3939
14.3964
14.3989
14.4014
14.4039
14.4064
14.4089
14.4113
14.4138
14.4163
14.4188
14.4213
14.4238
14.4263
14.4288
14.4313
14.4338
14.4363
14.4387
14.4412
14.4437
14.4462
14.4487
14.4512
14.4537
14.4562
14.4587
14.4612
14.4637
14.4662
14.4687
14.4712
14.4737
14.4762
14.4787
14.4812
14.4837
14.4862
14.4887
14.4912
14.4938
14.4963
14.4988
14.5013
14.5038
14.5063
14.5088
14.5114
14.5139
14.5164
14.5189
14.5215
14.524
14.5265
14.5291
14.5316
14.5342
14.5367
14.5393
14.5418
14.5444
14.5469
14.5495
14.552
14.5546
14.5572
14.5597
14.5623
14.5648
14.5673
14.5699
14.5724
14.575
14.5775
14.5801
14.5826
14.5852
14.5878
14.5903
14.5929
14.5954
14.598
14.6005
14.6031
14.6056
14.6082
14.6107
14.6133
14.6158
14.6183
14.6208
14.6233
14.6258
14.6283
14.6308
14.6333
14.6358
14.6382
14.6407
14.6431
14.6455
14.6479
14.6504
14.6527
14.6551
14.6575
14.6599
14.6622
14.6645
14.6668
14.6691
14.6714
14.6737
14.6759
14.6782
14.6804
14.6826
14.6847
14.6869
14.689
14.6911
14.6933
14.6954
