energy
0.0197392
0.185046
0.895438
1.07752
1.31589
1.50634
1.75915
1.9577
2.2221
2.42682
2.70017
2.90949
3.18972
3.40242
3.6879
3.90304
4.19251
4.40937
4.70182
4.91993
5.21487
5.46003
5.68893
5.94141
6.17189
6.42897
6.66293
6.9261
7.16163
7.42979
7.6655
7.93019
8.17159
8.44006
8.68143
8.95637
9.37496
9.65862
9.89914
10.2532
10.4606
10.6213
11.0396
11.2136
0.35928
1.04513
1.51416
2.07758
2.80282
3.36022
3.86022
4.35618
5.2677
5.76704
6.36559
6.85021
7.81133
8.3788
8.87778
9.58863
10.6347
11.0581
11.5291
12.1843
13.4219
13.8775
14.514
15.0006
15.6839
16.6833
17.8092
18.2522
18.9093
19.7963
20.33
21.6878
22.2266
23.1195
23.7967
24.3428
24.9848
26.3058
26.9673
27.6526
28.4509
29.7074
30.3306
31.1919
31.886
33.1961
34.0327
34.6931
35.3977
36.9608
37.6245
38.278
39.0546
40.5361
41.2167
42.0483
42.7474
44.1932
44.877
45.7192
46.4493
48.1684
48.8431
49.5215
50.2366
51.6878
52.3887
53.1179
54.8679
55.5493
56.2762
57.8888
58.6068
59.3257
60.8424
61.5666
62.364
63.705
64.5002
65.3044
66.5904
67.3832
68.2251
69.4439
70.2466
71.0553
72.275
73.0611
74.0419
75.1336
75.9166
76.6647
77.6301
78.4035
79.2626
80.3264
81.3592
82.4729
83.6877
84.9943
86.2464
87.5676
89.1446
91.104
92.7796
94.8051
96.935
99.7459
101.762
103.768
105.793
108.2
110.132
112.077
114.478
116.392
118.254
120.056
122.141
123.988
125.776
127.856
129.628
131.438
133.166
134.941
136.927
138.686
140.449
142.188
143.917
145.847
147.681
149.407
151.151
152.901
154.909
156.651
158.392
160.166
161.928
163.688
165.456
167.324
169.043
170.768
172.498
174.213
175.967
177.688
179.375
181.066
182.779
184.449
186.132
187.801
189.437
191.077
192.716
194.34
195.967
197.568
199.165
200.76
202.338
203.912
205.474
207.031
208.575
210.112
211.64
213.159
214.669
216.171
217.665
219.151
220.629
222.103
223.571
225.032
226.484
227.928
229.364
230.797
232.215
233.439
234.629
235.837
237.012
238.206
239.368
240.555
241.715
242.899
244.056
245.238
246.391
247.564
248.705
249.866
250.994
252.142
253.255
254.389
255.487
256.609
257.692
258.795
259.862
260.949
262.001
263.074
264.114
265.181
266.203
267.252
268.259
269.287
270.268
271.271
272.225
273.197
274.125
275.072
275.974
276.899
277.778
278.676
279.534
280.41
281.254
282.1
282.951
283.771
284.637
285.414
286.223
287.012
287.862
288.608
289.401
290.157
291.014
291.727
292.467
293.252
293.978
294.797
295.486
296.363
297.018
297.841
298.539
299.384
300.041
300.943
301.559
302.421
303.04
303.937
304.532
305.406
305.994
306.875
307.451
308.311
308.872
309.737
310.294
311.037
311.576
312.162
312.982
313.499
314.295
314.795
315.577
316.062
316.814
317.281
318.019
318.467
319.166
319.592
320.262
320.664
321.29
321.673
322.268
322.635
323.2
323.555
324.099
324.445
324.971
325.309
325.824
326.155
326.66
326.987
327.485
327.809
328.303
328.626
329.118
329.44
329.932
330.254
330.745
331.067
331.557
331.878
332.365
332.686
333.161
333.482
333.936
334.258
334.695
335.018
335.442
335.766
336.179
336.504
336.909
337.235
337.633
337.96
338.353
338.681
339.069
339.398
339.783
340.113
340.494
340.825
341.204
341.535
341.912
342.243
342.619
342.95
343.325
343.655
344.029
344.359
344.732
345.062
345.433
345.762
346.131
346.459
346.826
347.152
347.518
347.844
348.21
348.536
348.902
349.228
349.594
349.921
350.286
350.614
350.979
351.307
351.673
352.001
352.368
352.696
353.063
353.392
353.76
354.089
354.458
354.788
355.157
355.488
355.857
356.19
356.56
356.893
357.265
357.599
357.971
358.307
358.681
359.018
359.393
359.732
360.11
360.451
360.83
361.173
361.554
361.899
362.282
362.629
363.015
363.365
363.753
364.104
364.495
364.85
365.242
365.599
365.995
366.354
366.753
367.115
367.515
367.88
368.283
368.651
369.058
369.428
369.837
370.211
370.623
370.999
371.415
371.795
372.213
372.595
373.016
373.401
374.354
374.95
375.692
376.278
376.855
377.435
378.035
378.778
379.371
380.128
380.697
381.32
381.984
382.592
383.244
383.854
384.478
385.089
385.698
386.307
386.917
387.526
388.147
388.755
389.379
389.988
390.62
391.23
391.843
392.501
393.11
393.765
394.373
395.026
395.635
396.317
396.928
397.608
398.22
398.901
399.515
400.199
400.819
401.511
402.142
402.845
403.49
404.212
404.873
405.61
406.29
407.049
407.748
408.529
409.25
410.054
410.798
411.625
412.393
413.249
414.041
414.92
415.739
416.648
417.494
418.434
419.308
420.275
421.176
422.173
423.102
424.131
425.087
426.14
427.119
428.196
429.197
430.3
431.321
432.441
433.481
434.621
435.677
436.839
437.91
439.082
440.17
441.356
442.452
443.659
444.766
445.974
447.089
448.313
449.434
450.675
451.804
453.028
454.163
455.362
456.519
457.78
458.933
460.126
461.356
462.559
463.72
465.004
466.177
467.39
468.644
469.873
471.062
472.377
473.583
474.829
476.119
477.364
478.566
479.896
481.089
482.331
483.595
484.815
485.993
487.316
488.486
489.696
490.949
492.16
493.352
494.61
495.774
496.933
498.196
499.333
500.51
501.708
502.879
503.974
505.107
506.325
507.344
508.49
509.512
510.595
511.683
512.732
513.72
514.832
515.797
516.806
517.834
518.831
519.759
520.842
521.752
522.74
523.727
524.708
525.608
526.664
527.559
528.541
529.525
530.555
531.529
532.572
533.467
534.51
535.248
535.993
536.655
537.456
538.218
539.02
539.779
540.607
541.291
542.172
542.996
543.704
544.477
545.35
546.158
546.893
547.771
548.511
549.228
550.188
550.963
551.683
552.482
553.199
554.104
554.925
555.605
556.322
557.205
557.908
558.593
559.279
560.188
560.886
561.547
562.182
563.116
563.729
564.368
565.013
565.757
566.318
566.947
567.593
568.201
568.997
569.595
570.138
570.732
571.335
572.093
572.673
573.188
573.737
574.283
574.856
575.386
575.99
576.492
577.02
577.532
578.062
578.548
579.061
579.563
580.041
580.523
581.009
581.457
581.937
582.392
582.846
583.288
583.731
584.162
584.605
585.026
585.452
585.863
586.288
586.691
587.103
587.469
587.903
588.253
588.662
589.027
589.435
589.766
590.184
590.518
590.941
591.27
591.692
592.011
592.44
592.754
593.19
593.499
593.934
594.239
594.676
594.977
595.417
595.714
596.153
596.446
596.887
597.176
597.614
597.899
598.337
598.618
599.054
599.331
599.769
600.043
600.478
600.75
601.187
601.456
601.889
602.156
602.593
602.858
603.298
603.561
604.013
604.274
604.733
604.992
605.467
605.724
606.209
606.464
606.968
607.222
607.53
607.787
608.083
608.348
608.745
608.998
609.253
609.52
609.902
610.159
610.42
610.708
611.041
611.311
611.643
611.92
612.282
612.555
612.857
613.204
613.49
613.851
614.137
614.477
614.782
615.154
615.447
615.791
616.109
616.472
616.782
617.152
617.464
617.832
618.152
618.524
618.848
619.22
619.552
619.924
620.262
620.635
620.98
621.352
621.705
622.077
622.436
622.809
623.174
623.548
623.919
624.294
624.672
625.051
625.43
625.815
626.197
626.581
626.968
627.36
627.749
628.14
628.538
628.932
629.327
629.726
630.131
630.532
630.935
631.347
631.753
632.161
632.572
632.993
633.407
633.822
634.25
634.669
635.09
635.517
635.942
636.383
636.811
637.242
637.69
638.124
638.561
639.017
639.457
639.9
640.357
640.803
641.257
641.73
642.182
642.636
643.103
643.563
644.051
644.513
644.978
645.474
645.942
646.413
646.892
647.399
647.875
648.353
648.839
649.357
649.84
650.325
650.818
651.347
651.836
652.327
652.823
653.361
653.855
654.351
654.853
655.399
655.898
656.398
656.903
657.456
657.959
658.463
658.969
659.488
660.002
660.526
661.036
661.561
662.072
662.593
663.106
663.626
664.139
664.657
665.17
665.685
666.198
666.711
667.223
667.735
668.244
668.753
669.261
669.767
670.271
670.774
671.275
671.775
672.272
672.768
673.262
673.754
674.243
674.731
675.217
675.7
676.182
676.661
677.138
677.613
678.086
678.556
679.024
679.49
679.954
680.416
680.876
681.333
681.786
682.238
682.686
683.131
683.572
684.01
684.445
684.877
685.305
685.73
686.151
686.569
686.984
687.396
687.805
688.211
688.614
689.014
689.411
689.806
690.199
690.589
690.977
691.363
691.747
692.13
692.512
692.892
693.271
693.649
694.027
694.403
694.778
695.153
695.526
695.899
696.271
696.642
697.013
697.382
697.751
698.118
698.485
698.851
699.217
699.582
699.946
700.311
700.674
701.038
701.4
701.763
702.125
702.487
702.848
703.209
703.57
703.93
704.29
704.649
705.008
705.367
705.725
706.083
706.44
706.796
707.152
707.508
707.862
708.217
708.57
708.923
709.275
709.626
709.976
710.326
710.674
711.022
711.369
711.715
712.06
712.405
712.748
713.09
713.431
713.771
714.11
714.448
714.785
715.121
715.455
715.789
716.121
716.452
716.782
717.111
717.439
717.765
718.091
718.415
718.738
719.06
719.38
719.7
720.018
720.335
720.651
720.966
721.279
721.592
721.903
722.214
722.523
722.831
723.139
723.445
723.75
724.054
724.357
724.66
724.961
725.261
725.56
725.858
726.156
726.452
726.747
727.042
727.565
728.065
728.567
729.074
729.617
730.333
730.857
731.405
732.149
732.781
733.376
734.137
734.684
735.584
736.135
736.817
737.471
738.379
738.954
739.558
740.295
740.91
741.522
742.205
742.795
743.392
744.034
744.613
745.238
745.805
746.42
746.981
747.592
748.162
748.79
749.621
750.262
750.952
751.709
752.449
753.208
753.916
754.681
755.403
756.743
757.425
759.341
759.937
760.664
761.313
762.243
763.33
764.193
765.196
766.161
767.14
768.166
769.159
770.226
771.235
772.334
773.345
774.472
775.502
776.646
777.703
778.879
779.959
781.153
782.252
783.459
784.616
785.834
787.024
788.287
789.514
790.944
792.162
793.477
794.968
796.305
797.745
799.114
800.596
802.069
803.487
804.911
806.383
807.908
809.341
810.8
812.352
813.878
815.345
816.936
818.444
819.941
821.581
823.07
824.602
826.229
827.777
829.324
830.983
832.546
834.118
835.798
837.382
839.006
840.666
842.304
843.888
845.598
847.171
848.806
850.485
852.076
853.672
855.147
856.455
857.888
859.286
860.729
862.06
863.612
864.939
866.477
867.932
869.46
870.833
872.49
873.837
875.336
876.8
878.36
879.743
881.228
882.765
884.153
885.606
887.238
888.62
890.036
891.637
893.026
894.484
896.067
897.468
898.91
900.54
901.915
903.387
904.998
906.398
907.846
909.489
910.859
912.337
913.953
915.347
916.799
918.44
919.802
921.279
922.887
924.265
925.73
927.332
928.692
930.158
931.743
933.098
934.55
936.13
937.465
938.834
940.265
941.624
943.305
944.624
945.913
947.297
948.864
950.297
951.561
952.867
954.398
955.826
957.07
958.353
959.869
961.285
962.507
963.742
965.261
966.64
967.849
969.082
970.349
971.737
973.221
974.405
975.582
976.886
978.06
979.508
980.844
981.995
983.128
984.279
985.458
986.814
987.973
989.1
990.271
991.381
992.697
993.817
994.904
996.007
997.085
998.204
999.302
1000.39
1001.49
1002.55
1003.64
1004.68
1005.72
1006.76
1007.78
1008.81
1009.81
1010.82
1011.8
1012.79
1013.77
1014.72
1015.67
1016.6
1017.52
1018.43
1019.33
1020.21
1021.09
1021.94
1022.8
1023.63
1024.46
1025.27
1026.08
1026.88
1027.67
1028.45
1029.23
1030
1030.75
1031.49
1032.23
1032.95
1033.67
1034.37
1035.07
1035.76
1036.44
1037.12
1037.79
1038.42
1039.11
1039.7
1040.51
1041.09
1041.67
1042.25
1043.18
1043.74
1044.41
1044.92
1045.54
1046.07
1047
1047.48
1048.05
1048.93
1049.44
1049.93
1050.83
1051.32
1051.84
1052.69
1053.18
1053.63
1054.57
1055
1055.55
1056.4
1056.91
1057.38
1058.35
1058.76
1059.35
1060.19
1060.76
1061.21
1062.11
1062.49
1063.15
1063.58
1064.64
1065.07
1065.67
1066.08
1067.18
1067.53
1068.19
1068.54
1069.6
1069.92
1070.54
1070.85
1071.87
1072.14
1072.65
1072.9
1073.37
1073.61
1074.06
1074.28
1074.71
1074.92
1075.33
1075.54
1075.94
1076.14
1076.53
1076.73
1077.11
1077.31
1077.7
1077.9
1078.28
1078.48
1078.86
1079.07
1079.45
1079.66
1080.04
1080.25
1080.63
1080.84
1081.22
1081.43
1081.82
1082.02
1082.42
1082.62
1083.05
1083.25
1083.63
1083.87
1084.24
1084.46
1084.84
1085.07
1085.44
1085.68
1086.05
1086.28
1086.65
1086.88
1087.26
1087.49
1087.87
1088.1
1088.49
1088.73
1089.13
1089.36
1089.8
1090.03
1090.48
1090.72
1091.2
1091.43
1091.87
1092.11
1092.35
1092.62
1092.91
1093.17
1093.48
1093.73
1094
1094.3
1094.56
1094.88
1095.13
1095.43
1095.7
1096.02
1096.28
1096.6
1096.87
1097.18
1097.45
1097.77
1098.04
1098.35
1098.63
1098.93
1099.22
1099.51
1099.8
1100.1
1100.39
1100.68
1100.98
1101.27
1101.57
1101.87
1102.17
1102.47
1102.77
1103.08
1103.38
1103.69
1104
1104.31
1104.62
1104.93
1105.24
1105.55
1105.86
1106.17
1106.48
1106.79
1107.1
1107.41
1107.72
1108.02
1108.33
1108.63
1108.93
1109.23
1109.53
1109.83
1110.13
1110.42
1110.72
1111.01
1111.31
1111.6
1111.89
1112.19
1112.48
1112.77
1113.06
1113.35
1113.64
1113.92
1114.21
1114.5
1114.79
1115.08
1115.36
1115.65
1115.94
1116.22
1116.51
1116.79
1117.08
1117.36
1117.65
1117.93
1118.22
1118.5
1118.78
1119.07
1119.35
1119.63
1119.91
1120.2
1120.48
1120.75
1121.03
1121.31
1121.59
1121.86
1122.14
1122.42
1122.69
1122.97
1123.24
1123.51
1123.79
1124.06
1124.34
1124.61
1124.89
1125.16
1125.44
1125.72
1126
1126.28
1126.56
1126.84
1127.13
1127.41
1127.7
1127.99
1128.27
1128.56
1128.86
1129.15
1129.44
1129.74
1130.04
1130.34
1130.64
1130.94
1131.25
1131.55
1131.89
1132.18
1132.47
1132.86
1133.14
1133.43
1133.75
1134.08
1134.38
1134.88
1135.17
1135.46
1135.76
1136.35
1136.63
1137.23
1137.51
1137.88
1138.16
1138.45
1138.76
1139.06
1139.36
1139.65
1139.95
1140.23
1140.52
1140.81
1141.09
1141.37
1141.65
1141.92
1142.2
1142.47
1142.75
1143.02
1143.29
1143.56
1143.83
1144.1
1144.37
1144.63
1144.9
1145.17
1145.43
1145.69
1145.96
1146.22
1146.48
1146.75
1147.01
1147.27
1147.53
1147.79
1148.05
1148.31
1148.57
1148.83
1149.09
1149.35
1149.61
1149.87
1150.13
1150.39
1150.65
1150.91
1151.18
1151.43
1151.7
1151.96
1152.22
1152.48
1152.74
1153
1153.26
1153.52
1153.79
1154.05
1154.31
1154.57
1154.83
1155.1
1155.36
1155.62
1155.89
1156.15
1156.41
1156.67
1156.94
1157.2
1157.46
1157.72
1157.99
1158.25
1158.52
1158.78
1159.05
1159.31
1159.58
1159.84
1160.11
1160.37
1160.63
1160.9
1161.16
1161.43
1161.69
1161.96
1162.22
1162.49
1162.76
1163.02
1163.29
1163.56
1163.82
1164.09
1164.36
1164.62
1164.89
1165.16
1165.43
1165.69
1165.96
1166.23
1166.5
1166.77
1167.04
1167.31
1167.58
1167.85
1168.12
1168.39
1168.66
1168.93
1169.2
1169.47
1169.74
1170.01
1170.29
1170.56
1170.83
1171.1
1171.38
1171.65
1171.92
1172.2
1172.47
1172.75
1173.02
1173.3
1173.57
1173.85
1174.13
1174.4
1174.68
1174.96
1175.23
1175.51
1175.79
1176.07
1176.34
1176.62
1176.9
1177.18
1177.46
1177.74
1178.02
1178.3
1178.58
1178.87
1179.15
1179.43
1179.71
1179.99
1180.28
1180.56
1180.85
1181.13
1181.42
1181.7
1181.99
1182.27
1182.56
1182.84
1183.13
1183.42
1183.7
1183.99
1184.28
1184.57
1184.86
1185.14
1185.43
1185.72
1186.01
1186.3
1186.59
1186.89
1187.18
1187.47
1187.76
1188.05
1188.34
1188.64
1188.93
1189.23
1189.52
1189.82
1190.11
1190.41
1190.7
1191
1191.29
1191.59
1191.88
1192.18
1192.48
1192.78
1193.07
1193.37
1193.67
1193.97
1194.27
1194.57
1194.87
1195.17
1195.47
1195.77
1196.07
1196.37
1196.67
1196.98
1197.28
1197.58
1197.89
1198.19
1198.49
1198.8
1199.1
1199.41
1199.71
1200.01
1200.32
1200.62
1200.93
1201.23
1201.54
1201.85
1202.15
1202.46
1202.77
1203.08
1203.39
1203.69
1204
1204.31
1204.62
1204.93
1205.24
1205.55
1206.06
1206.56
1207.06
1207.56
1208.07
1208.58
1209.08
1209.59
1210.1
1210.62
1211.14
1211.67
1212.23
1212.81
1213.39
1213.99
1214.6
1215.22
1215.85
1216.5
1217.14
1217.81
1218.46
1219.12
1219.76
1220.44
1221.07
1221.73
1222.35
1223
1223.63
1224.26
1224.88
1225.5
1226.11
1226.73
1227.35
1228
1228.62
1229.26
1229.87
1230.5
1231.09
1231.69
1232.3
1232.92
1233.56
1234.23
1234.88
1235.52
1236.14
1236.75
1237.35
1237.96
1238.56
1239.18
1239.79
1240.42
1241.04
1241.68
1242.32
1242.98
1243.64
1244.32
1244.99
1245.69
1246.37
1247.08
1247.77
1248.5
1249.21
1249.94
1250.66
1251.4
1252.12
1252.87
1253.6
1254.36
1255.1
1255.86
1256.61
1257.38
1258.13
1258.91
1259.66
1260.45
1261.21
1262
1262.77
1263.57
1264.35
1265.16
1265.94
1266.77
1267.56
1268.39
1269.19
1270.03
1270.83
1271.68
1272.49
1273.35
1274.18
1275.06
1275.9
1276.79
1277.64
1278.54
1279.41
1280.33
1281.2
1282.19
1283.01
1283.98
1284.81
1285.87
1286.67
1287.52
1288.37
1289.27
1290.11
1290.96
1291.78
1292.61
1293.42
1294.24
1295.02
1295.82
1296.6
1297.39
1298.15
1298.93
1299.69
1300.44
1301.18
1301.95
1302.69
1303.39
1304.2
1304.88
1305.62
1306.37
1307.09
1307.76
1308.57
1309.22
1309.94
1310.68
1311.39
1311.79
1312.38
1312.78
1313.29
1313.77
1314.3
1314.69
1315.32
1315.77
1316.24
1316.86
1317.34
1317.78
1318.48
1318.88
1319.33
1320.01
1320.45
1320.87
1321.55
1321.98
1322.39
1323.08
1323.49
1323.91
1324.59
1325
1325.4
1325.98
1326.38
1326.82
1327.51
1327.9
1328.29
1328.72
1329.33
1329.72
1330.14
1330.54
1331.17
1331.59
1331.98
1332.37
1333.01
1333.39
1333.81
1334.18
1334.86
1335.23
1335.61
1335.99
1336.65
1336.99
1337.4
1337.77
1338.41
1338.77
1339.15
1339.52
1340.02
1340.37
1340.75
1341.15
1341.52
1342.11
1342.48
1342.81
1343.17
1343.52
1344.13
1344.45
1344.79
1345.12
1345.47
1346.04
1346.38
1346.69
1347.02
1347.32
1347.78
1348.06
1348.4
1348.71
1349.09
1349.39
1349.76
1350.04
1350.45
1350.72
1351.05
1351.4
1351.71
1352.02
1352.34
1352.67
1352.99
1353.29
1353.6
1353.92
1354.23
1354.53
1354.84
1355.14
1355.45
1355.74
1356.06
1356.34
1356.65
1356.94
1357.25
1357.53
1357.84
1358.11
1358.42
1358.69
1359.01
1359.28
1359.59
1359.86
1360.18
1360.45
1360.77
1361.04
1361.37
1361.64
1361.98
1362.24
1362.58
1362.85
1363.2
1363.47
1363.82
1364.09
1364.45
1364.72
1365.09
1365.35
1365.73
1365.99
1366.38
1366.64
1367.03
1367.3
1367.7
1367.96
1368.37
1368.63
1369.04
1369.31
1369.73
1369.99
1370.42
1370.68
1371.12
1371.38
1371.82
1372.09
1372.54
1372.8
1373.26
1373.52
1373.98
1374.25
1374.72
1374.98
1375.46
1375.72
1376.21
1376.47
1376.97
1377.23
1377.73
1377.99
1378.5
1378.77
1379.28
1379.55
1380.07
1380.33
1380.86
1381.13
1381.67
1381.94
1382.48
1382.76
1383.31
1383.59
1384.14
1384.42
1384.99
1385.27
1385.85
1386.13
1386.71
1387
1387.58
1387.88
1388.47
1388.76
1389.36
1389.66
1390.26
1390.56
1391.17
1391.47
1392.08
1392.39
1393
1393.31
1393.93
1394.25
1394.87
1395.19
1395.81
1396.13
1396.76
1397.08
1397.71
1398.04
1398.67
1399
1399.64
1399.97
1400.61
1400.95
1401.59
1401.93
1402.58
1402.92
1403.55
1403.92
1404.55
1404.9
1405.56
1405.91
1406.55
1406.93
1407.57
1407.93
1408.6
1408.96
1409.6
1410
1410.64
1411.01
1411.68
1412.05
1412.7
1413.11
1413.75
1414.13
1414.81
1415.19
1415.83
1416.26
1416.9
1417.29
1417.97
1418.37
1419
1419.41
1420.06
1420.5
1421.14
1421.54
1422.18
1422.63
1423.26
1423.66
1424.3
1424.76
1425.38
1425.79
1426.41
1426.87
1427.49
1427.89
1428.51
1428.94
1429.55
1429.98
1430.59
1431
1431.61
1432.03
1432.63
1433.04
1433.64
1434.05
1434.64
1435.04
1435.63
1436.03
1436.61
1437.01
1437.58
1437.97
1438.54
1438.93
1439.49
1439.87
1440.42
1440.8
1441.34
1441.71
1442.25
1442.62
1443.14
1443.51
1444.03
1444.38
1444.9
1445.25
1445.76
1446.1
1446.6
1446.95
1447.44
1447.78
1448.26
1448.6
1449.08
1449.41
1449.89
1450.21
1450.68
1451.01
1451.47
1451.79
1452.26
1452.57
1453.03
1453.34
1453.8
1454.11
1454.57
1454.88
1455.34
1455.64
1456.1
1456.4
1456.86
1457.16
1457.62
1457.92
1458.39
1458.68
1459.15
1459.45
1459.93
1460.23
1460.71
1461.01
1461.5
1461.8
1462.29
1462.59
1463.09
1463.39
1463.9
1464.2
1464.72
1465.02
1465.54
1465.84
1466.37
1466.67
1467.05
1467.34
1467.64
1467.94
1468.25
1468.56
1468.88
1469.19
1469.5
1469.81
1470.13
1470.44
1470.75
1471.06
1471.38
1471.69
1472
1472.31
1472.62
1472.93
1473.24
1473.55
1473.86
1474.17
1474.47
1474.78
1475.09
1475.39
1475.7
1476
1476.31
1476.61
1476.91
1477.21
1477.52
1477.82
1478.12
1478.41
1478.71
1479.01
1479.3
1479.6
1479.89
1480.19
1480.48
1480.77
1481.06
1481.35
1481.64
1481.93
1482.21
1482.5
1482.79
1483.07
1483.35
1483.63
1483.92
1484.2
1484.48
1484.75
1485.03
1485.31
1485.59
1485.86
1486.14
1486.41
1486.68
1486.96
1487.23
1487.5
1487.77
1488.04
1488.31
1488.57
1488.84
1489.11
1489.37
1489.64
1489.9
1490.17
1490.43
1490.69
1490.95
1491.21
1491.47
1491.73
1491.99
1492.25
1492.51
1492.77
1493.02
1493.28
1493.53
1493.79
1494.04
1494.29
1494.55
1494.8
1495.05
1495.3
1495.56
1495.81
1496.06
1496.54
1497.01
1497.48
1497.95
1498.44
1499.02
1499.53
1500.21
1500.72
1501.25
1501.99
1502.52
1503.14
1503.88
1504.42
1505.04
1505.81
1506.45
1507.02
1507.88
1508.48
1509.15
1509.76
1510.45
1511.07
1511.75
1512.38
1513.07
1513.7
1514.39
1515.03
1515.73
1516.38
1517.09
1517.76
1518.51
1519.21
1520
1520.78
1521.59
1522.35
1523.2
1523.95
1524.79
1525.54
1526.36
1527.13
1527.94
1528.7
1529.53
1530.29
1531.12
1531.89
1532.73
1533.51
1534.37
1535.17
1536.02
1536.84
1537.7
1538.54
1539.44
1540.27
1541.2
1542.06
1543.02
1543.9
1544.89
1545.82
1546.84
1547.79
1548.84
1549.82
1550.91
1551.92
1553.04
1554.08
1555.23
1556.3
1557.51
1558.59
1559.92
1561.01
1562.22
1563.39
1564.8
1565.95
1567.23
1568.59
1569.88
1571.26
1572.52
1574
1575.26
1576.68
1578.15
1579.38
1580.75
1582.08
1583.41
1584.69
1586.24
1587.51
1588.81
1590.17
1591.47
1592.88
1594.27
1595.54
1596.85
1598.22
1599.63
1600.91
1602.3
1603.58
1604.93
1606.29
1607.6
1608.96
1610.36
1611.64
1612.92
1614.38
1615.65
1616.96
1618.35
1619.68
1620.98
1622.09
1623.18
1624.26
1625.46
1626.48
1627.64
1628.74
1629.9
1631.02
1632.17
1633.33
1634.4
1635.58
1636.81
1637.85
1639.02
1640.23
1641.32
1642.42
1643.65
1644.67
1645.77
1647.05
1648.07
1649.04
1650.34
1651.33
1652.33
1653.51
1654.56
1655.51
1656.52
1657.47
1658.73
1659.62
1660.56
1661.47
1662.68
1663.56
1664.46
1665.3
1666.43
1667.27
1668.22
1669.04
1670.11
1670.89
1671.71
1672.59
1673.6
1674.36
1675.14
1675.85
1676.71
1677.43
1678.38
1679.07
1679.84
1680.48
1681.18
1682
1682.65
1683.28
1683.92
1684.54
1685.24
1685.82
1686.41
1687.03
1687.62
1688.22
1688.76
1689.35
1689.87
1690.44
1690.94
1691.5
1691.98
1692.5
1692.99
1693.49
1693.96
1694.47
1694.91
1695.4
1695.87
1696.34
1696.78
1697.29
1697.71
1698.22
1698.64
1699.16
1699.55
1700.08
1700.46
1700.99
1701.36
1701.92
1702.27
1702.84
1703.18
1703.77
1704.1
1704.51
1704.85
1705.46
1705.77
1706.35
1706.66
1707.21
1707.52
1707.83
1708.45
1708.74
1709.03
1709.62
1709.9
1710.19
1710.76
1711.02
1711.58
1711.84
1712.38
1712.63
1713.15
1713.41
1713.92
1714.17
1714.67
1714.91
1715.4
1715.65
1716.13
1716.37
1716.84
1717.08
1717.54
1717.78
1718.24
1718.48
1718.93
1719.17
1719.61
1719.85
1720.29
1720.53
1720.96
1721.2
1721.63
1721.87
1722.3
1722.54
1722.97
1723.2
1723.63
1723.87
1724.29
1724.53
1724.95
1725.19
1725.6
1725.85
1726.26
1726.5
1726.91
1727.16
1727.58
1727.82
1728.23
1728.48
1728.9
1729.14
1729.56
1729.82
1730.26
1730.51
1730.96
1731.23
1731.7
1731.96
1732.45
1732.73
1733.24
1733.51
1733.9
1734.2
1734.47
1734.75
1735.07
1735.39
1735.73
1736.02
1736.35
1736.69
1737.03
1737.34
1737.7
1738.04
1738.39
1738.72
1739.08
1739.44
1739.81
1740.14
1740.52
1740.89
1741.27
1741.61
1741.99
1742.37
1742.76
1743.12
1743.52
1743.89
1744.31
1744.68
1745.08
1745.46
1745.89
1746.27
1746.68
1747.08
1747.49
1747.9
1748.32
1748.73
1749.15
1749.56
1749.99
1750.41
1750.84
1751.26
1751.69
1752.12
1752.55
1752.98
1753.42
1753.85
1754.29
1754.73
1755.17
1755.61
1756.05
1756.49
1756.94
1757.38
1757.83
1758.27
1758.72
1759.16
1759.61
1760.06
1760.51
1760.96
1761.41
1761.86
1762.31
1762.76
1763.21
1763.66
1764.11
1764.56
1765.01
1765.46
1765.91
1766.36
1766.81
1767.26
1767.71
1768.16
1768.61
1769.06
1769.51
1769.96
1770.4
1770.85
1771.3
1771.75
1772.19
1772.64
1773.09
1773.53
1773.98
1774.42
1774.86
1775.31
1775.75
1776.19
1776.63
1777.08
1777.52
1777.96
1778.4
1778.84
1779.28
1779.72
1780.15
1780.59
1781.03
1781.47
1781.9
1782.34
1782.78
1783.21
1783.65
1784.08
1784.52
1784.95
1785.39
1785.82
1786.26
1786.69
1787.12
1787.56
1787.99
1788.42
1788.86
1789.29
1789.73
1790.16
1790.59
1791.03
1791.46
1791.89
1792.32
1792.76
1793.19
1793.62
1794.05
1794.48
1794.91
1795.35
1795.78
1796.21
1796.64
1797.06
1797.49
1797.92
1798.35
1798.78
1799.2
1799.63
1800.06
1800.48
1800.91
1801.33
1801.75
1802.18
1802.6
1803.02
1803.44
1803.86
1804.28
1804.7
1805.11
1805.53
1805.94
1806.36
1806.77
1807.18
1807.59
1808
1808.4
1808.81
1809.21
1809.61
1810.01
1810.41
1810.81
1811.21
1811.6
1811.99
1812.38
1812.77
1813.15
1813.54
1813.92
1814.3
1814.68
1815.05
1815.43
1815.8
1816.17
1816.54
1816.9
1817.27
1817.63
1817.99
1818.35
1818.7
1819.05
1819.4
1819.75
1820.1
1820.44
1820.79
1821.13
1821.46
1821.8
1822.13
1822.46
1822.79
1823.12
1823.45
1823.77
1824.09
1824.41
1824.73
1825.04
1825.35
1825.67
1825.97
1826.28
1826.59
1826.89
1827.19
1827.49
1827.79
1828.09
1828.38
1828.68
1828.97
1829.26
1829.55
1829.83
1830.12
1830.4
1830.68
1830.96
1831.24
1831.52
1831.79
1832.07
1832.34
1832.61
1832.88
1833.15
1833.41
1833.68
1833.94
1834.2
1834.46
1834.72
1834.98
1835.24
1835.5
1835.75
1836
1836.26
1836.51
1836.76
1837.01
1837.26
1837.5
1837.75
1837.99
1838.24
1838.48
1838.72
1838.96
1839.2
1839.44
1839.68
1839.92
1840.15
1840.39
1840.62
1840.85
1841.09
1841.32
1841.55
1841.78
1842.01
1842.23
1842.46
1842.69
1842.91
1843.14
1843.36
1843.58
1843.81
1844.03
1844.25
1844.47
1844.69
1844.91
1845.13
1845.35
1845.56
1845.78
1846
1846.21
1846.43
1846.64
1846.86
1847.07
1847.29
1847.5
1847.71
1847.92
1848.14
1848.35
1848.56
1848.77
1848.98
1849.2
1849.41
1849.62
1849.83
1850.04
1850.25
1850.46
1850.67
1850.88
1851.09
1851.51
1851.93
1852.35
1852.78
1853.24
1853.91
1854.39
1854.89
1855.62
1856.11
1857.02
1857.54
1858.32
1859.11
1859.86
1860.72
1861.64
1862.38
1863.48
1864.28
1865.33
1866.23
1867.1
1867.94
1868.86
1869.68
1870.52
1871.39
1872.22
1873.03
1873.92
1874.73
1875.61
1876.43
1877.36
1878.21
1879.16
1880.08
1881.16
1882.94
1884.11
1884.89
1887.35
1888.97
1889.73
1890.51
1891.53
1893.53
1894.64
1895.71
1896.94
1898.77
1899.97
1901.22
1902.75
1904.12
1905.79
1907.1
1908.68
1910.12
1911.7
1913.14
1914.7
1916.2
1917.75
1919.25
1920.8
1922.29
1923.83
1925.34
1926.88
1928.38
1929.9
1931.51
1932.96
1934.38
1936.06
1937.44
1938.89
1940.3
1941.78
1943.18
1944.65
1946.04
1947.52
1948.9
1950.35
1951.73
1953.17
1954.55
1956.01
1957.4
1958.81
1960.27
1961.65
1963.04
1964.5
1965.89
1967.28
1968.77
1970.18
1971.57
1973.08
1974.48
1975.92
1977.4
1978.87
1980.33
1981.86
1983.33
1984.55
1985.9
1987.14
1988.46
1989.81
1991.15
1992.42
1993.95
1995.24
1996.69
1998.14
1999.57
2000.95
2002.37
2003.89
2005.19
2006.65
2008.15
2009.53
2010.93
2012.44
2013.78
2015.22
2016.79
2018.14
2019.53
2021.13
2022.47
2023.88
2025.51
2026.86
2028.27
2029.83
2031.21
2032.6
2034.19
2035.55
2036.94
2038.54
2039.9
2041.28
2042.88
2044.22
2045.63
2047.19
2048.53
2049.93
2051.49
2052.81
2054.2
2055.74
2057.06
2058.43
2059.97
2061.26
2062.61
2064.15
2065.41
2066.77
2068.27
2069.53
2070.82
2072.18
2073.43
2075.02
2076.23
2077.46
2078.74
2080.21
2081.52
2082.73
2083.95
2085.42
2086.75
2087.94
2089.15
2090.62
2091.94
2093.15
2094.34
2095.79
2097.14
2098.32
2099.51
2100.98
2102.3
2103.47
2104.67
2105.92
2107.24
2108.69
2109.85
2111
2112.2
2113.41
2114.91
2116.05
2117.21
2118.51
2119.65
2120.83
2121.96
2123.18
2124.46
2125.55
2126.67
2127.77
2128.87
2129.99
2131.1
2132.22
2133.29
2134.37
2135.43
2136.51
2137.55
2138.59
2139.62
2140.64
2141.65
2142.64
2143.64
2144.62
2145.58
2146.55
2147.5
2148.44
2149.36
2150.29
2151.18
2152.08
2152.94
2153.81
2154.65
2155.48
2156.29
2157.11
2157.89
2158.68
2159.44
2160.21
2160.95
2161.69
2162.41
2163.15
2163.86
2164.56
2165.26
2165.93
2166.62
2167.29
2167.94
2168.6
2169.22
2169.88
2170.51
2171.12
2171.74
2172.34
2172.95
2173.56
2174.12
2174.71
2175.28
2175.85
2176.45
2176.97
2177.6
2178.08
2178.66
2179.2
2179.73
2180.3
2180.8
2181.62
2182.08
2182.57
2183.05
2183.66
2184.14
2185.13
2185.59
2186.12
2186.56
2187.58
2188.02
2188.58
2189.03
2190.09
2190.47
2191.11
2191.49
2192.61
2192.98
2193.65
2194.01
2195.14
2195.55
2196.16
2196.51
2197.48
2197.81
2198.39
2198.79
2199.56
2199.87
2200.43
2200.83
2201.46
2201.77
2202.37
2202.7
2203.32
2203.62
2204.21
2204.52
2205.08
2205.39
2205.94
2206.25
2206.77
2207.08
2207.59
2207.9
2208.39
2208.69
2209.16
2209.43
2209.86
2210.11
2210.53
2210.75
2211.15
2211.37
2211.76
2211.97
2212.36
2212.57
2212.96
2213.17
2213.55
2213.76
2214.14
2214.35
2214.73
2214.94
2215.33
2215.54
2215.92
2216.13
2216.52
2216.73
2217.11
2217.32
2217.71
2217.92
2218.3
2218.52
2218.9
2219.12
2219.51
2219.73
2220.12
2220.34
2220.73
2220.95
2221.34
2221.56
2221.95
2222.18
2222.57
2222.8
2223.2
2223.42
2223.83
2224.06
2224.49
2224.72
2225.16
2225.4
2225.85
2226.09
2226.57
2226.81
2227.31
2227.55
2228.08
2228.32
2228.59
2228.88
2229.14
2229.44
2229.7
2229.99
2230.26
2230.57
2230.83
2231.14
2231.41
2231.72
2231.99
2232.31
2232.59
2232.91
2233.19
2233.51
2233.8
2234.13
2234.42
2234.75
2235.04
2235.38
2235.68
2236.01
2236.32
2236.66
2236.98
2237.31
2237.63
2237.97
2238.3
2238.63
2238.96
2239.3
2239.64
2239.98
2240.31
2240.65
2241
2241.34
2241.68
2242.02
2242.37
2242.71
2243.06
2243.41
2243.76
2244.1
2244.45
2244.8
2245.14
2245.49
2245.83
2246.18
2246.52
2246.86
2247.21
2247.55
2247.89
2248.23
2248.58
2248.92
2249.26
2249.61
2249.96
2250.31
2250.65
2251
2251.36
2251.71
2252.06
2252.41
2252.77
2253.12
2253.48
2253.83
2254.19
2254.54
2254.9
2255.25
2255.61
2255.96
2256.31
2256.66
2257.01
2257.35
2257.7
2258.04
2258.39
2258.73
2259.07
2259.41
2259.74
2260.08
2260.42
2260.75
2261.08
2261.41
2261.74
2262.07
2262.4
2262.73
2263.06
2263.38
2263.71
2264.03
2264.35
2264.67
2264.99
2265.31
2265.63
2265.95
2266.27
2266.58
2266.9
2267.21
2267.53
2267.84
2268.15
2268.47
2268.78
2269.09
2269.4
2269.71
2270.02
2270.33
2270.64
2270.95
2271.26
2271.57
2271.88
2272.19
2272.5
2272.82
2273.13
2273.44
2273.75
2274.07
2274.38
2274.7
2275.02
2275.33
2275.65
2275.97
2276.29
2276.61
2276.93
2277.26
2277.58
2277.91
2278.23
2278.57
2278.88
2279.26
2279.55
2279.86
2280.2
2280.5
2280.84
2281.14
2281.46
2281.77
2282.08
2282.39
2282.69
2283
2283.3
2283.59
2283.89
2284.18
2284.48
2284.77
2285.05
2285.34
2285.63
2285.91
2286.19
2286.47
2286.75
2287.03
2287.31
2287.58
2287.86
2288.13
2288.4
2288.67
2288.94
2289.21
2289.48
2289.75
2290.02
2290.29
2290.55
2290.82
2291.08
2291.34
2291.61
2291.87
2292.13
2292.39
2292.65
2292.91
2293.17
2293.43
2293.69
2293.95
2294.2
2294.46
2294.72
2294.97
2295.23
2295.48
2295.74
2295.99
2296.24
2296.5
2296.75
2297
2297.25
2297.5
2297.76
2298.01
2298.26
2298.51
2298.76
2299.01
2299.26
2299.51
2299.76
2300
2300.25
2300.5
2300.75
2301
2301.24
2301.49
2301.74
2301.98
2302.23
2302.47
2302.72
2302.96
2303.21
2303.45
2303.7
2303.94
2304.19
2304.43
2304.67
2304.92
2305.16
2305.4
2305.65
2305.89
2306.13
2306.38
2306.62
2306.86
2307.1
2307.34
2307.59
2307.83
2308.07
2308.31
2308.55
2308.79
2309.03
2309.27
2309.51
2309.76
2310
2310.24
2310.48
2310.72
2310.96
2311.2
2311.44
2311.68
2311.92
2312.16
2312.4
2312.65
2312.89
2313.13
2313.37
2313.61
2313.85
2314.1
2314.34
2314.58
2314.82
2315.06
2315.31
2315.55
2315.79
2316.03
2316.28
2316.52
2316.77
2317.01
2317.26
2317.5
2317.75
2317.99
2318.24
2318.49
2318.73
2318.98
2319.23
2319.48
2319.73
2319.98
2320.23
2320.48
2320.73
2320.98
2321.24
2321.49
2321.74
2322
2322.25
2322.51
2322.76
2323.02
2323.28
2323.53
2323.79
2324.05
2324.31
2324.57
2324.83
2325.09
2325.36
2325.62
2325.88
2326.15
2326.41
2326.68
2326.94
2327.21
2327.48
2327.75
2328.02
2328.29
2328.56
2328.83
2329.1
2329.37
2329.65
2329.92
2330.19
2330.47
2330.75
2331.02
2331.3
2331.58
2331.86
2332.14
2332.64
2333.12
2333.61
2334.1
2334.59
2335.08
2335.57
2336.08
2336.61
2337.24
2337.76
2338.37
2338.94
2339.71
2340.27
2340.87
2341.69
2342.31
2343.05
2343.74
2344.71
2345.39
2346.18
2347
2347.78
2348.49
2349.27
2349.98
2350.74
2351.43
2352.16
2352.83
2353.55
2354.2
2354.9
2355.54
2356.22
2356.85
2357.52
2358.18
2358.97
2359.6
2360.28
2360.94
2361.66
2362.35
2363.13
2363.89
2364.74
2365.52
2366.33
2367.07
2367.84
2368.56
2369.33
2370.04
2370.81
2371.54
2372.32
2373.07
2373.87
2374.63
2375.46
2376.24
2377.08
2377.87
2378.72
2379.52
2380.37
2381.17
2382.02
2382.81
2383.65
2384.43
2385.27
2386.04
2386.87
2387.63
2388.46
2389.21
2390.03
2390.78
2391.6
2392.34
2393.16
2393.91
2394.74
2395.49
2396.32
2397.08
2397.92
2398.68
2399.54
2400.31
2401.17
2401.95
2402.83
2403.62
2404.51
2405.3
2406.23
2407.02
2408.06
2408.83
2409.71
2410.66
2411.53
2412.33
2413.39
2414.15
2415.04
2416
2416.85
2417.6
2418.46
2419.22
2420.07
2420.82
2421.65
2422.38
2423.14
2423.94
2424.67
2425.39
2426.2
2426.89
2427.64
2428.4
2429.14
2429.82
2430.65
2431.32
2432.05
2432.84
2433.55
2434.22
2435.01
2435.68
2436.39
2437.18
2437.88
2438.53
2439.32
2439.77
2440.26
2440.74
2441.26
2441.66
2442.31
2442.7
2443.25
2443.81
2444.29
2444.86
2445.41
2445.85
2446.46
2447
2447.45
2448.05
2448.55
2449.02
2449.64
2450.13
2450.55
2451.21
2451.72
2452.09
2452.72
2453.25
2453.64
2454.24
2454.74
2455.15
2455.78
2456.14
2456.56
2457.07
2457.49
2458.07
2458.48
2458.9
2459.34
2459.92
2460.32
2460.76
2461.16
2461.77
2462.14
2462.53
2462.94
2463.55
2463.94
2464.3
2464.76
2465.36
2465.74
2466.06
2466.46
2467.14
2467.49
2467.83
2468.2
2468.77
2469.23
2469.54
2469.9
2470.45
2470.81
2471.21
2471.56
2472.02
2472.36
2472.64
2473.11
2473.63
2473.96
2474.24
2474.57
2474.9
2475.33
2475.64
2475.94
2476.34
2476.69
2476.99
2477.29
2477.83
2478.17
2478.41
2478.72
2479
2479.35
2479.65
2479.97
2480.26
2480.59
2480.92
2481.21
2481.48
2481.82
2482.09
2482.4
2482.68
2482.99
2483.27
2483.58
2483.85
2484.16
2484.42
2484.73
2484.99
2485.3
2485.56
2485.86
2486.12
2486.41
2486.67
2486.97
2487.23
2487.52
2487.77
2488.07
2488.32
2488.62
2488.87
2489.18
2489.43
2489.74
2489.99
2490.3
2490.55
2490.87
2491.12
2491.45
2491.7
2492.03
2492.28
2492.62
2492.87
2493.22
2493.46
2493.82
2494.07
2494.44
2494.68
2495.06
2495.3
2495.68
2495.93
2496.32
2496.56
2496.96
2497.2
2497.6
2497.84
2498.25
2498.49
2498.91
2499.15
2499.57
2499.81
2500.24
2500.47
2500.91
2501.14
2501.58
2501.82
2502.26
2502.5
2502.94
2503.18
2503.63
2503.87
2504.33
2504.57
2505.04
2505.28
2505.75
2506
2506.48
2506.73
2507.22
2507.47
2507.98
2508.23
2508.74
2509.01
2509.52
2509.79
2510.32
2510.58
2511.12
2511.4
2511.94
2512.21
2512.77
2513.05
2513.61
2513.9
2514.47
2514.76
2515.35
2515.64
2516.22
2516.53
2517.12
2517.42
2518.04
2518.35
2518.96
2519.29
2519.9
2520.22
2520.87
2521.18
2521.82
2522.17
2522.69
2523.02
2523.38
2523.72
2524.06
2524.46
2524.82
2525.19
2525.6
2525.97
2526.34
2526.77
2527.14
2527.53
2527.95
2528.34
2528.72
2529.17
2529.55
2529.96
2530.39
2530.81
2531.18
2531.66
2532.04
2532.47
2532.91
2533.34
2533.72
2534.17
2534.59
2535.02
2535.43
2535.89
2536.29
2536.78
2537.18
2537.61
2538.02
2538.48
2538.88
2539.32
2539.75
2540.18
2540.61
2541.03
2541.46
2541.88
2542.31
2542.73
2543.15
2543.57
2543.99
2544.4
2544.82
2545.23
2545.64
2546.05
2546.46
2546.86
2547.26
2547.66
2548.06
2548.46
2548.85
2549.24
2549.63
2550.01
2550.39
2550.78
2551.15
2551.53
2551.9
2552.27
2552.64
2553
2553.36
2553.72
2554.08
2554.43
2554.79
2555.13
2555.48
2555.82
2556.16
2556.49
2556.82
2557.14
2557.47
2557.79
2558.1
2558.42
2558.73
2559.04
2559.35
2559.66
2559.97
2560.27
2560.58
2560.88
2561.19
2561.49
2561.8
2562.1
2562.41
2562.71
2563.01
2563.32
2563.62
2563.92
2564.23
2564.53
2564.84
2565.14
2565.45
2565.75
2566.06
2566.37
2566.67
2566.98
2567.29
2567.59
2567.9
2568.21
2568.52
2568.83
2569.14
2569.45
2569.76
2570.07
2570.38
2570.69
2571
2571.31
2571.62
2571.94
2572.25
2572.56
2572.88
2573.19
2573.5
2573.82
2574.13
2574.44
2574.76
2575.07
2575.39
2575.7
2576.01
2576.33
2576.64
2576.95
2577.26
2577.58
2577.89
2578.2
2578.51
2578.82
2579.13
2579.43
2579.74
2580.05
2580.36
2580.66
2580.97
2581.27
2581.58
2581.88
2582.18
2582.48
2582.79
2583.09
2583.39
2583.68
2583.98
2584.28
2584.58
2584.87
2585.17
2585.46
2585.75
2586.04
2586.33
2586.62
2586.91
2587.2
2587.49
2587.77
2588.06
2588.34
2588.62
2588.91
2589.19
2589.47
2589.75
2590.02
2590.3
2590.58
2590.85
2591.13
2591.4
2591.68
2591.95
2592.22
2592.49
2592.76
2593.03
2593.3
2593.57
2593.83
2594.1
2594.36
2594.63
2594.89
2595.16
2595.42
2595.68
2595.94
2596.2
2596.46
2596.72
2596.98
2597.23
2597.49
2597.75
2598
2598.26
2598.51
2598.76
2599.02
2599.27
2599.52
2599.77
2600.02
2600.27
2600.52
2600.77
2601.01
2601.26
2601.51
2601.75
2602
2602.24
2602.49
2602.73
2602.98
2603.22
2603.46
2603.7
2603.95
2604.19
2604.43
2604.67
2604.91
2605.15
2605.39
2605.63
2605.87
2606.11
2606.34
2606.58
2606.82
2607.06
2607.29
2607.53
2607.77
2608
2608.24
2608.48
2608.71
2608.95
2609.18
2609.42
2609.65
2609.89
2610.12
2610.36
2610.59
2610.82
2611.06
2611.29
2611.53
2611.76
2611.99
2612.23
2612.46
2612.7
2612.93
2613.16
2613.4
2613.63
2613.86
2614.1
2614.33
2614.57
2614.8
2615.03
2615.27
2615.5
2615.74
2615.97
2616.21
2616.45
2616.68
2616.92
2617.15
2617.39
2617.63
2617.87
2618.11
2618.34
2618.58
2618.82
2619.06
2619.31
2619.77
2620.22
2620.67
2621.13
2621.59
2622.06
2622.53
2623.01
2623.51
2624.08
2624.61
2625.27
2625.8
2626.36
2627.16
2627.72
2628.31
2629.14
2629.84
2630.48
2631.44
2632.11
2632.9
2633.62
2634.44
2635.2
2636.03
2636.81
2637.65
2638.44
2639.28
2640.07
2640.9
2641.69
2642.53
2643.33
2644.2
2645.02
2645.89
2646.7
2647.58
2648.38
2649.22
2650.01
2650.83
2651.61
2652.42
2653.18
2653.98
2654.74
2655.54
2656.29
2657.09
2657.84
2658.65
2659.41
2660.23
2660.99
2661.82
2662.59
2663.43
2664.21
2665.07
2665.86
2666.72
2667.53
2668.41
2669.22
2670.12
2670.94
2671.85
2672.69
2673.61
2674.46
2675.39
2676.25
2677.19
2678.05
2679
2679.87
2680.83
2681.71
2682.67
2683.56
2684.54
2685.45
2686.44
2687.35
2688.37
2689.29
2690.32
2691.25
2692.34
2693.25
2694.44
2695.34
2696.35
2697.45
2698.45
2699.45
2700.49
2701.59
2702.59
2703.49
2704.56
2705.46
2706.48
2707.38
2708.38
2709.26
2710.24
2711.1
2712.05
2712.9
2713.88
2714.72
2715.62
2716.53
2717.4
2718.24
2719.19
2720
2720.87
2721.75
2722.61
2723.41
2724.35
2725.13
2725.99
2726.85
2727.68
2728.45
2729.41
2730.17
2730.99
2731.58
2732.22
2732.72
2733.42
2733.92
2734.55
2735.12
2735.76
2736.34
2736.98
2737.61
2738.16
2738.77
2739.46
2739.99
2740.6
2741.27
2741.79
2742.37
2743.07
2743.54
2744.12
2744.8
2745.29
2745.82
2746.47
2746.97
2747.51
2748.01
2748.47
2748.99
2749.65
2750.11
2750.61
2751.01
2751.66
2752.04
2752.48
2752.87
2753.59
2753.95
2754.36
2754.75
2755.38
2755.83
2756.23
2756.58
2757.21
2757.57
2758.02
2758.39
2759.01
2759.34
2759.72
2760.16
2760.75
2761.09
2761.46
2761.77
2762.43
2762.75
2763.09
2763.42
2763.88
2764.2
2764.55
2765.14
2765.46
2765.77
2766.14
2766.47
2766.84
2767.18
2767.73
2768.05
2768.35
2768.68
2769
2769.52
2769.86
2770.12
2770.44
2770.74
2771.32
2771.57
2771.89
2772.17
2772.48
2772.88
2773.2
2773.46
2773.8
2774.19
2774.53
2774.78
2775.13
2775.46
2775.82
2776.08
2776.51
2776.76
2777.14
2777.44
2777.82
2778.11
2778.5
2778.79
2779.18
2779.47
2779.87
2780.15
2780.55
2780.83
2781.24
2781.51
2781.92
2782.19
2782.6
2782.87
2783.28
2783.55
2783.96
2784.23
2784.64
2784.91
2785.32
2785.59
2786
2786.26
2786.68
2786.94
2787.36
2787.62
2788.04
2788.3
2788.72
2788.98
2789.41
2789.67
2790.09
2790.35
2790.78
2791.04
2791.47
2791.73
2792.17
2792.43
2792.87
2793.13
2793.57
2793.84
2794.28
2794.54
2795
2795.26
2795.72
2795.98
2796.45
2796.71
2797.19
2797.45
2797.94
2798.2
2798.69
2798.95
2799.45
2799.71
2800.23
2800.48
2801.01
2801.27
2801.8
2802.06
2802.6
2802.86
2803.4
2803.66
2804.23
2804.49
2805.06
2805.33
2805.69
2805.95
2806.22
2806.51
2806.81
2807.1
2807.41
2807.7
2808.02
2808.32
2808.63
2808.94
2809.25
2809.57
2809.89
2810.2
2810.53
2810.85
2811.17
2811.5
2811.83
2812.16
2812.5
2812.83
2813.17
2813.51
2813.85
2814.19
2814.55
2814.89
2815.24
2815.6
2815.95
2816.31
2816.68
2817.03
2817.39
2817.77
2818.14
2818.51
2818.89
2819.26
2819.64
2820.04
2820.41
2820.8
2821.2
2821.59
2821.98
2822.39
2822.79
2823.18
2823.61
2824.01
2824.41
2824.85
2825.26
2825.67
2826.12
2826.53
2826.95
2827.41
2827.82
2828.25
2828.72
2829.14
2829.57
2830.05
2830.48
2830.91
2831.4
2831.83
2832.28
2832.75
2833.23
2833.63
2834.16
2834.57
2835.05
2835.47
2835.99
2836.41
2836.9
2837.33
2837.8
2838.29
2838.77
2839.18
2839.65
2840.11
2840.58
2841.01
2841.49
2841.92
2842.4
2842.83
2843.3
2843.73
2844.19
2844.62
2845.08
2845.51
2845.96
2846.39
2846.83
2847.26
2847.69
2848.11
2848.54
2848.96
2849.38
2849.79
2850.21
2850.62
2851.02
2851.43
2851.83
2852.23
2852.62
2853.02
2853.41
2853.79
2854.18
2854.56
2854.93
2855.31
2855.68
2856.05
2856.41
2856.78
2857.14
2857.49
2857.85
2858.2
2858.55
2858.9
2859.24
2859.58
2859.92
2860.26
2860.59
2860.92
2861.25
2861.58
2861.91
2862.23
2862.55
2862.87
2863.19
2863.51
2863.83
2864.15
2864.46
2864.78
2865.09
2865.41
2865.73
2866.04
2866.36
2866.68
2866.99
2867.31
2867.62
2867.94
2868.26
2868.57
2868.89
2869.2
2869.52
2869.83
2870.15
2870.46
2870.77
2871.09
2871.4
2871.72
2872.03
2872.34
2872.66
2872.97
2873.28
2873.6
2873.91
2874.22
2874.53
2874.85
2875.16
2875.47
2875.78
2876.09
2876.4
2876.71
2877.02
2877.33
2877.64
2877.95
2878.26
2878.56
2878.87
2879.17
2879.48
2879.79
2880.09
2880.39
2880.7
2881
2881.3
2881.6
2881.9
2882.2
2882.5
2882.8
2883.09
2883.39
2883.68
2883.98
2884.27
2884.57
2884.86
2885.15
2885.44
2885.73
2886.02
2886.3
2886.59
2886.88
2887.16
2887.45
2887.73
2888.01
2888.29
2888.57
2888.85
2889.13
2889.41
2889.69
2889.96
2890.24
2890.51
2890.78
2891.05
2891.32
2891.59
2891.86
2892.13
2892.4
2892.66
2892.93
2893.19
2893.46
2893.72
2893.98
2894.24
2894.5
2894.76
2895.02
2895.28
2895.54
2895.79
2896.05
2896.3
2896.56
2896.81
2897.06
2897.31
2897.56
2897.81
2898.06
2898.31
2898.56
2898.81
2899.06
2899.3
2899.55
2899.79
2900.04
2900.28
2900.52
2900.77
2901.01
2901.25
2901.49
2901.73
2901.97
2902.21
2902.45
2902.69
2902.92
2903.16
2903.4
2903.86
2904.32
2904.77
2905.23
2905.69
2906.17
2906.73
2907.23
2907.94
2908.47
2908.98
2909.7
2910.32
2910.91
2911.7
2912.33
2913.07
2913.68
2914.6
2915.22
2916.02
2916.68
2917.47
2918.14
2918.87
2919.52
2920.24
2920.89
2921.6
2922.25
2922.96
2923.61
2924.31
2924.96
2925.66
2926.31
2927.03
2927.7
2928.45
2929.2
2930.16
2930.9
2931.93
2932.65
2933.61
2934.39
2935.36
2936.13
2937.07
2937.9
2938.8
2939.64
2940.54
2941.43
2942.36
2943.24
2944.2
2945.09
2946.07
2946.98
2947.97
2948.89
2949.89
2950.83
2951.85
2952.8
2953.84
2954.8
2955.85
2956.83
2957.89
2958.87
2959.95
2960.95
2962.04
2963.05
2964.17
2965.2
2966.36
2967.4
2968.71
2969.74
2970.89
2972.13
2973.29
2974.55
2975.71
2976.92
2978.11
2979.4
2980.56
2981.65
2982.92
2984.05
2985.2
2986.42
2987.56
2988.69
2989.93
2991.04
2992.19
2993.41
2994.54
2995.67
2996.9
2998.08
2999.22
3000.42
3001.56
3002.76
3003.96
3005.1
3006.22
3007.51
3008.63
3009.78
3011.04
3012.17
3013.33
3014.58
3015.74
3016.87
3017.93
3018.82
3019.77
3020.79
3021.77
3022.66
3023.78
3024.67
3025.74
3026.8
3027.71
3028.79
3029.85
3030.79
3031.84
3032.9
3033.82
3034.91
3035.92
3036.83
3037.93
3038.93
3039.85
3040.94
3041.93
3042.81
3043.89
3044.78
3045.72
3046.81
3047.66
3048.57
3049.55
3050.38
3051.22
3052.34
3053.15
3053.95
3054.78
3055.87
3056.65
3057.43
3058.23
3059.27
3060.04
3060.78
3061.52
3062.54
3063.27
3063.95
3064.68
3065.69
3066.37
3067.04
3067.72
3068.54
3069.29
3069.92
3070.54
3071.29
3071.9
3072.59
3073.18
3073.99
3074.56
3075.11
3075.68
3076.23
3077.02
3077.53
3078.05
3078.55
3079.06
3079.65
3080.13
3080.64
3081.17
3081.64
3082.14
3082.6
3083.1
3083.55
3084.04
3084.52
3084.96
3085.41
3085.86
3086.31
3086.72
3087.18
3087.59
3088.06
3088.46
3088.92
3089.31
3089.79
3090.16
3090.64
3091
3091.49
3091.84
3092.36
3092.69
3093.21
3093.54
3094.08
3094.4
3094.75
3095.3
3095.61
3096.18
3096.48
3097.05
3097.35
3097.93
3098.22
3098.57
3099.15
3099.43
3100.01
3100.29
3100.86
3101.13
3101.68
3101.95
3102.48
3102.74
3103.27
3103.52
3104.02
3104.27
3104.77
3105.01
3105.49
3105.73
3106.2
3106.44
3106.9
3107.14
3107.59
3107.83
3108.27
3108.5
3108.95
3109.18
3109.61
3109.85
3110.27
3110.51
3110.93
3111.16
3111.58
3111.82
3112.24
3112.47
3112.88
3113.12
3113.53
3113.77
3114.18
3114.42
3114.83
3115.07
3115.48
3115.72
3116.13
3116.37
3116.79
3117.03
3117.45
3117.7
3118.13
3118.37
3118.81
3119.07
3119.53
3119.78
3120.26
3120.53
3121.03
3121.29
3121.81
3122.09
3122.63
3122.9
3123.26
3123.55
3123.84
3124.15
3124.46
3124.8
3125.12
3125.45
3125.76
3126.13
3126.44
3126.79
3127.11
3127.49
3127.82
3128.18
3128.52
3128.91
3129.25
3129.61
3129.97
3130.37
3130.73
3131.1
3131.47
3131.89
3132.26
3132.64
3133.02
3133.45
3133.83
3134.23
3134.62
3135.06
3135.46
3135.86
3136.26
3136.72
3137.13
3137.53
3137.95
3138.41
3138.82
3139.24
3139.65
3140.09
3140.51
3140.96
3141.38
3141.81
3142.25
3142.69
3143.12
3143.57
3144
3144.45
3144.89
3145.34
3145.78
3146.24
3146.68
3147.14
3147.59
3148.05
3148.5
3148.96
3149.42
3149.88
3150.33
3150.79
3151.25
3151.71
3152.17
3152.63
3153.08
3153.54
3154
3154.45
3154.9
3155.35
3155.8
3156.24
3156.69
3157.13
3157.56
3158
3158.43
3158.86
3159.29
3159.71
3160.13
3160.55
3160.96
3161.37
3161.78
3162.18
3162.58
3162.98
3163.37
3163.76
3164.15
3164.53
3164.92
3165.29
3165.67
3166.04
3166.41
3166.77
3167.14
3167.5
3167.85
3168.21
3168.56
3168.91
3169.26
3169.61
3169.95
3170.3
3170.64
3170.98
3171.32
3171.65
3171.99
3172.32
3172.65
3172.98
3173.31
3173.64
3173.96
3174.29
3174.62
3174.94
3175.26
3175.58
3175.91
3176.23
3176.55
3176.87
3177.19
3177.51
3177.83
3178.15
3178.47
3178.79
3179.11
3179.43
3179.75
3180.07
3180.4
3180.72
3181.04
3181.37
3181.69
3182.02
3182.35
3182.67
3183
3183.33
3183.66
3183.99
3184.32
3184.66
3184.99
3185.32
3185.65
3185.99
3186.32
3186.66
3186.99
3187.32
3187.66
3187.99
3188.33
3188.66
3189
3189.34
3189.67
3190.01
3190.34
3190.67
3191.01
3191.34
3191.68
3192.01
3192.34
3192.67
3193.01
3193.34
3193.67
3194
3194.33
3194.66
3194.98
3195.31
3195.64
3195.96
3196.28
3196.61
3196.93
3197.25
3197.57
3197.89
3198.21
3198.52
3198.84
3199.15
3199.47
3199.78
3200.09
3200.4
3200.71
3201.01
3201.32
3201.62
3201.93
3202.23
3202.53
3202.83
3203.13
3203.42
3203.72
3204.01
3204.31
3204.6
3204.89
3205.18
3205.46
3205.75
3206.03
3206.32
3206.6
3206.88
3207.16
3207.44
3207.71
3207.99
3208.26
3208.54
3208.81
3209.08
3209.35
3209.62
3209.89
3210.16
3210.42
3210.69
3210.95
3211.21
3211.48
3211.74
3212
3212.26
3212.51
3212.77
3213.03
3213.28
3213.54
3213.79
3214.04
3214.29
3214.55
3214.8
3215.05
3215.29
3215.54
3215.79
3216.03
3216.28
3216.52
3216.77
3217.01
3217.25
3217.49
3217.74
3217.98
3218.22
3218.46
3218.69
3218.93
3219.17
3219.41
3219.64
3219.88
3220.12
3220.35
3220.59
3220.82
3221.05
3221.29
3221.52
3221.75
3221.99
3222.22
3222.45
3222.68
3222.91
3223.14
3223.38
3223.61
3223.84
3224.07
3224.29
3224.52
3224.75
3224.98
3225.21
3225.44
3225.67
3225.9
3226.12
3226.35
3226.58
3226.81
3227.03
3227.26
3227.49
3227.71
3227.94
3228.17
3228.39
3228.62
3228.85
3229.07
3229.3
3229.53
3229.75
3229.98
3230.21
3230.43
3230.66
3230.89
3231.12
3231.34
3231.57
3231.8
3232.03
3232.26
3232.49
3232.72
3232.95
3233.18
3233.41
3233.64
3233.88
3234.11
3234.34
3234.57
3234.81
3235.04
3235.28
3235.51
3235.75
3235.99
3236.22
3236.46
3236.91
3237.36
3237.8
3238.25
3238.7
3239.16
3239.65
3240.33
3240.82
3241.34
3242.06
3242.64
3243.37
3243.96
3244.83
3245.49
3246.34
3247.19
3248.12
3248.89
3249.89
3250.69
3251.54
3252.35
3253.21
3254.03
3254.88
3255.69
3256.53
3257.34
3258.18
3258.98
3259.8
3260.6
3261.47
3262.27
3263.11
3263.96
3264.89
3266.06
3266.97
3267.86
3269.52
3270.37
3271.25
3272.13
3273.04
3274.1
3275.07
3276.23
3277.19
3278.22
3279.32
3280.38
3281.5
3282.56
3283.7
3284.77
3285.92
3287
3288.15
3289.23
3290.38
3291.45
3292.6
3293.66
3294.79
3295.84
3296.96
3298
3299.11
3300.13
3301.23
3302.24
3303.33
3304.33
3305.41
3306.4
3307.48
3308.45
3309.56
3310.51
3311.58
3312.56
3313.64
3314.63
3315.74
3316.7
3317.89
3318.82
3319.96
3320.96
3321.96
3323.07
3324.09
3325.01
3326.03
3327.03
3327.99
3328.93
3329.95
3330.87
3331.8
3332.8
3333.71
3334.6
3335.61
3336.49
3337.42
3338.39
3339.3
3340.24
3341.23
3342.11
3343.03
3344.05
3344.96
3345.85
3346.87
3347.77
3348.74
3349.73
3350.67
3351.63
3352.66
3353.58
3354.58
3355.34
3356.12
3356.8
3357.7
3358.39
3359.21
3359.99
3360.84
3361.58
3362.45
3363.29
3364.08
3364.91
3365.86
3366.59
3367.47
3368.34
3369.11
3369.91
3370.84
3371.59
3372.41
3373.29
3374.05
3374.83
3375.72
3376.45
3377.16
3378.04
3378.78
3379.44
3380.39
3381.09
3381.75
3382.43
3383.12
3383.94
3384.64
3385.24
3385.87
3386.69
3387.36
3387.92
3388.52
3389.31
3389.95
3390.5
3391.05
3391.82
3392.43
3392.94
3393.46
3394.2
3394.79
3395.25
3395.76
3396.47
3396.96
3397.42
3397.98
3398.56
3399.02
3399.44
3399.9
3400.64
3401.08
3401.47
3401.9
3402.3
3402.91
3403.28
3403.7
3404.3
3404.7
3405.09
3405.48
3405.83
3406.44
3406.79
3407.15
3407.48
3407.87
3408.3
3408.65
3409
3409.41
3409.73
3410.19
3410.48
3410.89
3411.21
3411.65
3411.96
3412.37
3412.68
3413.11
3413.41
3413.85
3414.14
3414.6
3414.88
3415.35
3415.63
3416.11
3416.38
3416.72
3416.99
3417.48
3417.74
3418.25
3418.51
3418.88
3419.14
3419.44
3419.94
3420.2
3420.71
3420.97
3421.26
3421.54
3422.03
3422.28
3422.77
3423.01
3423.48
3423.72
3424.19
3424.43
3424.88
3425.12
3425.57
3425.81
3426.25
3426.48
3426.92
3427.15
3427.58
3427.81
3428.24
3428.47
3428.89
3429.12
3429.54
3429.77
3430.19
3430.43
3430.84
3431.08
3431.5
3431.73
3432.16
3432.4
3432.82
3433.06
3433.5
3433.74
3434.19
3434.43
3434.9
3435.14
3435.63
3435.87
3436.39
3436.64
3437.17
3437.42
3437.99
3438.24
3438.51
3438.78
3439.05
3439.33
3439.61
3439.89
3440.17
3440.45
3440.75
3441.03
3441.32
3441.63
3441.92
3442.22
3442.54
3442.84
3443.15
3443.47
3443.78
3444.1
3444.43
3444.75
3445.07
3445.42
3445.74
3446.07
3446.43
3446.76
3447.09
3447.46
3447.79
3448.13
3448.51
3448.85
3449.19
3449.58
3449.92
3450.28
3450.67
3451.02
3451.38
3451.78
3452.13
3452.5
3452.9
3453.27
3453.63
3454.05
3454.42
3454.79
3455.22
3455.59
3455.97
3456.4
3456.78
3457.16
3457.6
3457.99
3458.37
3458.78
3459.18
3459.59
3460
3460.4
3460.84
3461.24
3461.64
3462.1
3462.5
3462.89
3463.3
3463.75
3464.15
3464.55
3464.96
3465.4
3465.79
3466.2
3466.63
3467.03
3467.45
3467.85
3468.28
3468.68
3469.09
3469.49
3469.91
3470.31
3470.72
3471.12
3471.53
3471.93
3472.34
3472.74
3473.14
3473.54
3473.94
3474.34
3474.74
3475.13
3475.51
3475.88
3476.25
3476.6
3476.95
3477.29
3477.62
3477.96
3478.29
3478.62
3478.95
3479.28
3479.6
3479.93
3480.25
3480.57
3480.9
3481.22
3481.53
3481.85
3482.17
3482.49
3482.8
3483.12
3483.44
3483.75
3484.07
3484.38
3484.69
3485.01
3485.32
3485.63
3485.94
3486.25
3486.57
3486.88
3487.19
3487.51
3487.82
3488.13
3488.44
3488.75
3489.06
3489.37
3489.68
3489.99
3490.3
3490.61
3490.92
3491.23
3491.54
3491.86
3492.17
3492.48
3492.8
3493.11
3493.43
3493.74
3494.06
3494.37
3494.69
3495.01
3495.33
3495.65
3495.98
3496.3
3496.62
3496.95
3497.27
3497.59
3497.92
3498.24
3498.56
3498.89
3499.21
3499.53
3499.86
3500.18
3500.51
3500.83
3501.16
3501.48
3501.8
3502.13
3502.45
3502.78
3503.1
3503.42
3503.75
3504.07
3504.39
3504.72
3505.04
3505.36
3505.68
3506
3506.32
3506.64
3506.96
3507.28
3507.59
3507.91
3508.22
3508.54
3508.85
3509.16
3509.47
3509.78
3510.09
3510.4
3510.71
3511.02
3511.32
3511.63
3511.93
3512.24
3512.54
3512.84
3513.14
3513.44
3513.74
3514.03
3514.33
3514.63
3514.92
3515.21
3515.5
3515.79
3516.08
3516.37
3516.66
3516.94
3517.23
3517.51
3517.79
3518.08
3518.36
3518.64
3518.92
3519.19
3519.47
3519.74
3520.02
3520.29
3520.56
3520.83
3521.11
3521.38
3521.64
3521.91
3522.18
3522.45
3522.71
3522.98
3523.24
3523.5
3523.76
3524.02
3524.28
3524.54
3524.8
3525.06
3525.32
3525.57
3525.83
3526.09
3526.34
3526.59
3526.85
3527.1
3527.35
3527.6
3527.85
3528.1
3528.35
3528.6
3528.84
3529.09
3529.34
3529.58
3529.83
3530.07
3530.32
3530.56
3530.8
3531.05
3531.29
3531.53
3531.77
3532.01
3532.25
3532.49
3532.73
3532.97
3533.21
3533.45
3533.69
3533.93
3534.17
3534.4
3534.64
3534.88
3535.11
3535.35
3535.59
3535.83
3536.06
3536.3
3536.53
3536.77
3537
3537.24
3537.47
3537.71
3537.94
3538.17
3538.41
3538.64
3538.88
3539.11
3539.34
3539.58
3539.81
3540.04
3540.28
3540.51
3540.74
3540.98
3541.21
3541.44
3541.68
3541.91
3542.14
3542.38
3542.61
3542.85
3543.08
3543.31
3543.55
3543.78
3544.01
3544.25
3544.48
3544.71
3544.95
3545.18
3545.42
3545.65
3545.89
3546.13
3546.36
3546.6
3546.84
3547.07
3547.31
3547.55
3547.79
3548.03
3548.27
3548.51
3548.75
3549
3549.24
3549.48
3549.73
3549.97
3550.21
3550.46
3550.7
3550.95
3551.2
3551.45
3551.69
3551.94
3552.19
3552.44
3552.7
3552.95
3553.2
3553.45
3553.71
3553.96
3554.22
3554.48
3554.73
3554.99
3555.25
3555.51
3555.78
3556.26
3556.73
3557.2
3557.68
3558.15
3558.63
3559.1
3559.57
3560.05
3560.54
3561.05
3561.7
3562.22
3562.91
3563.48
3564.29
3564.89
3565.59
3566.48
3567.26
3568.21
3569.04
3569.94
3570.83
3571.87
3572.75
3573.57
3574.45
3575.25
3576.11
3576.89
3577.71
3578.46
3579.26
3579.98
3580.75
3581.45
3582.2
3582.89
3583.62
3584.29
3585.01
3585.68
3586.41
3587.1
3587.85
3588.56
3589.33
3590.07
3590.9
3591.66
3592.48
3593.27
3594.07
3594.82
3595.61
3596.34
3597.13
3597.87
3598.67
3599.41
3600.22
3600.98
3601.8
3602.57
3603.42
3604.2
3605.06
3605.85
3606.72
3607.51
3608.38
3609.18
3610.04
3610.83
3611.69
3612.47
3613.32
3614.09
3614.94
3615.7
3616.53
3617.29
3618.12
3618.87
3619.7
3620.44
3621.28
3622.02
3622.86
3623.61
3624.46
3625.21
3626.13
3626.84
3627.75
3628.46
3629.45
3630.15
3630.95
3631.85
3632.63
3633.32
3634.12
3634.83
3635.63
3636.32
3637.11
3637.79
3638.56
3639.22
3639.98
3640.64
3641.39
3642.04
3642.79
3643.43
3644.16
3644.8
3645.54
3646.17
3646.85
3647.56
3648.21
3648.85
3649.6
3650.21
3650.86
3651.56
3652.24
3652.86
3653.58
3654.23
3654.64
3655.08
3655.55
3655.91
3656.44
3656.79
3657.26
3657.7
3658.12
3658.66
3659.1
3659.56
3659.95
3660.62
3660.97
3661.36
3662.05
3662.43
3662.77
3663.46
3663.83
3664.17
3664.82
3665.25
3665.59
3666.24
3666.61
3667.03
3667.69
3668.04
3668.41
3669.13
3669.49
3669.84
3670.3
3670.72
3671.31
3671.67
3672.04
3672.49
3673.09
3673.44
3673.81
3674.25
3674.85
3675.2
3675.57
3675.99
3676.6
3676.94
3677.29
3677.67
3678.28
3678.67
3679.03
3679.37
3679.95
3680.29
3680.73
3681.03
3681.63
3681.93
3682.28
3682.66
3683.25
3683.53
3683.86
3684.15
3684.78
3685.05
3685.37
3685.64
3686.16
3686.52
3686.83
3687.09
3687.48
3687.73
3688.09
3688.4
3688.73
3689.06
3689.47
3689.74
3690.07
3690.33
3690.68
3690.95
3691.28
3691.64
3691.91
3692.15
3692.47
3692.79
3693.06
3693.31
3693.67
3693.9
3694.2
3694.48
3694.77
3695.03
3695.33
3695.59
3695.88
3696.15
3696.43
3696.69
3696.98
3697.24
3697.53
3697.79
3698.09
3698.34
3698.65
3698.89
3699.21
3699.46
3699.78
3700.03
3700.36
3700.61
3700.95
3701.2
3701.55
3701.79
3702.15
3702.39
3702.77
3703.01
3703.39
3703.63
3704.02
3704.26
3704.66
3704.9
3705.3
3705.54
3705.95
3706.19
3706.61
3706.85
3707.27
3707.51
3707.94
3708.17
3708.61
3708.84
3709.28
3709.52
3709.96
3710.19
3710.64
3710.87
3711.32
3711.56
3712.01
3712.24
3712.7
3712.93
3713.4
3713.63
3714.09
3714.33
3714.8
3715.03
3715.51
3715.74
3716.23
3716.46
3716.95
3717.18
3717.68
3717.92
3718.42
3718.66
3719.17
3719.41
3719.93
3720.18
3720.71
3720.96
3721.5
3721.75
3722.31
3722.56
3723.12
3723.39
3723.96
3724.22
3724.61
3724.87
3725.14
3725.42
3725.71
3726.02
3726.32
3726.62
3726.92
3727.24
3727.55
3727.86
3728.18
3728.49
3728.81
3729.14
3729.45
3729.78
3730.12
3730.44
3730.77
3731.12
3731.45
3731.79
3732.14
3732.48
3732.82
3733.19
3733.53
3733.88
3734.26
3734.61
3734.97
3735.36
3735.71
3736.08
3736.48
3736.84
3737.21
3737.62
3737.99
3738.37
3738.79
3739.17
3739.55
3739.98
3740.37
3740.76
3741.2
3741.59
3741.98
3742.43
3742.83
3743.22
3743.7
3744.08
3744.53
3744.96
3745.36
3745.77
3746.23
3746.64
3747.06
3747.53
3747.95
3748.36
3748.79
3749.26
3749.69
3750.09
3750.55
3751
3751.43
3751.83
3752.28
3752.7
3753.14
3753.55
3754
3754.41
3754.85
3755.26
3755.7
3756.11
3756.54
3756.95
3757.38
3757.79
3758.21
3758.61
3759.03
3759.43
3759.85
3760.25
3760.65
3761.05
3761.45
3761.84
3762.23
3762.62
3763.01
3763.4
3763.78
3764.16
3764.54
3764.91
3765.27
3765.62
3765.97
3766.31
3766.65
3766.98
3767.31
3767.63
3767.95
3768.26
3768.58
3768.89
3769.2
3769.51
3769.81
3770.12
3770.42
3770.73
3771.03
3771.33
3771.63
3771.94
3772.24
3772.54
3772.84
3773.14
3773.44
3773.74
3774.04
3774.34
3774.64
3774.94
3775.24
3775.54
3775.84
3776.14
3776.45
3776.75
3777.05
3777.35
3777.66
3777.96
3778.26
3778.56
3778.86
3779.17
3779.47
3779.77
3780.08
3780.38
3780.68
3780.99
3781.29
3781.6
3781.9
3782.2
3782.51
3782.81
3783.12
3783.43
3783.73
3784.04
3784.34
3784.65
3784.96
3785.26
3785.57
3785.87
3786.18
3786.48
3786.79
3787.09
3787.39
3787.69
3788
3788.3
3788.6
3788.9
3789.2
3789.5
3789.79
3790.09
3790.39
3790.69
3790.98
3791.28
3791.57
3791.87
3792.16
3792.45
3792.74
3793.04
3793.33
3793.62
3793.9
3794.19
3794.48
3794.76
3795.05
3795.33
3795.62
3795.9
3796.18
3796.46
3796.74
3797.01
3797.29
3797.57
3797.84
3798.12
3798.39
3798.66
3798.93
3799.21
3799.48
3799.74
3800.01
3800.28
3800.55
3800.81
3801.08
3801.34
3801.6
3801.86
3802.12
3802.38
3802.64
3802.9
3803.16
3803.41
3803.67
3803.92
3804.18
3804.43
3804.68
3804.93
3805.19
3805.44
3805.69
3805.93
3806.18
3806.43
3806.68
3806.92
3807.17
3807.41
3807.66
3807.9
3808.14
3808.39
3808.63
3808.87
3809.11
3809.35
3809.59
3809.83
3810.06
3810.3
3810.54
3810.77
3811.01
3811.25
3811.48
3811.72
3811.95
3812.18
3812.42
3812.65
3812.88
3813.11
3813.34
3813.57
3813.8
3814.03
3814.26
3814.49
3814.72
3814.95
3815.18
3815.41
3815.63
3815.86
3816.09
3816.31
3816.54
3816.76
3816.99
3817.22
3817.44
3817.67
3817.89
3818.12
3818.34
3818.57
3818.79
3819.02
3819.24
3819.47
3819.69
3819.91
3820.14
3820.36
3820.59
3820.81
3821.04
3821.26
3821.72
3822.16
3822.61
3823.05
3823.51
3823.96
3824.42
3824.88
3825.35
3825.88
3826.41
3827.03
3827.55
3828.11
3828.84
3829.44
3830.01
3830.85
3831.46
3832.15
3833.02
3833.71
3834.43
3835.17
3835.9
3836.67
3837.41
3838.19
3838.96
3839.75
3840.52
3841.32
3842.1
3842.9
3843.69
3844.5
3845.3
3846.14
3846.95
3847.78
3848.58
3849.42
3850.2
3851
3851.8
3852.58
3853.34
3854.14
3854.88
3855.66
3856.4
3857.18
3857.93
3858.71
3859.47
3860.25
3861.01
3861.81
3862.59
3863.39
3864.18
3865
3865.79
3866.62
3867.44
3868.29
3869.11
3869.97
3870.81
3871.69
3872.55
3873.45
3874.32
3875.23
3876.11
3877.03
3877.92
3878.86
3879.75
3880.7
3881.61
3882.57
3883.49
3884.47
3885.4
3886.4
3887.34
3888.36
3889.31
3890.46
3891.36
3892.34
3893.45
3894.4
3895.33
3896.5
3897.39
3898.34
3899.26
3900.23
3901.15
3902.1
3903
3903.94
3904.82
3905.69
3906.64
3907.48
3908.36
3909.28
3910.12
3910.96
3911.89
3912.7
3913.54
3914.44
3915.27
3916.07
3916.99
3917.77
3918.59
3919.46
3920.26
3921.03
3921.94
3922.7
3923.52
3924.11
3924.74
3925.24
3925.93
3926.43
3927.05
3927.66
3928.17
3928.82
3929.41
3930.11
3930.64
3931.35
3931.89
3932.4
3933.14
3933.65
3934.16
3934.86
3935.35
3935.85
3936.57
3937.01
3937.49
3938.22
3938.69
3939.08
3939.71
3940.16
3940.62
3941.29
3941.72
3942.1
3942.6
3943.18
3943.65
3944.01
3944.42
3945
3945.4
3945.79
3946.16
3946.76
3947.15
3947.51
3947.88
3948.49
3948.87
3949.19
3949.59
3950.17
3950.52
3950.91
3951.28
3951.82
3952.18
3952.51
3952.9
3953.33
3953.67
3953.97
3954.57
3954.87
3955.23
3955.52
3955.93
3956.24
3956.64
3956.96
3957.53
3957.8
3958.14
3958.41
3958.79
3959.3
3959.62
3959.91
3960.22
3960.52
3961.11
3961.36
3961.71
3961.98
3962.31
3962.82
3963.15
3963.41
3963.77
3964.05
3964.53
3964.81
3965.16
3965.43
3965.87
3966.14
3966.53
3966.83
3967.22
3967.54
3967.92
3968.23
3968.62
3968.93
3969.32
3969.61
3970.02
3970.31
3970.72
3971
3971.42
3971.7
3972.12
3972.4
3972.82
3973.1
3973.52
3973.79
3974.22
3974.49
3974.92
3975.19
3975.62
3975.89
3976.32
3976.59
3977.03
3977.29
3977.73
3977.99
3978.43
3978.69
3979.13
3979.38
3979.82
3980.08
3980.51
3980.77
3981.2
3981.46
3981.89
3982.14
3982.57
3982.83
3983.26
3983.51
3983.94
3984.19
3984.62
3984.88
3985.31
3985.56
3985.99
3986.24
3986.67
3986.93
3987.36
3987.62
3988.05
3988.3
3988.75
3989
3989.45
3989.7
3990.15
3990.4
3990.86
3991.11
3991.58
3991.83
3992.3
3992.56
3993.04
3993.29
3993.78
3994.03
3994.53
3994.78
3995.29
3995.54
3996.06
3996.32
3996.84
3997.1
3997.64
3997.9
3998.45
3998.72
3999.28
3999.55
4000
4000.28
4000.55
4000.83
4001.12
4001.42
4001.73
4002.04
4002.35
4002.67
4002.98
4003.29
4003.62
4003.94
4004.26
4004.59
4004.92
4005.24
4005.58
4005.92
4006.25
4006.6
4006.94
4007.28
4007.64
4007.98
4008.33
4008.7
4009.05
4009.4
4009.78
4010.13
4010.5
4010.88
4011.25
4011.62
4012.01
4012.39
4012.76
4013.17
4013.55
4013.93
4014.35
4014.73
4015.13
4015.55
4015.95
4016.34
4016.78
4017.18
4017.59
4018.03
4018.44
4018.85
4019.31
4019.72
4020.13
4020.6
4021.02
4021.44
4021.91
4022.33
4022.76
4023.24
4023.66
4024.09
4024.54
4024.98
4025.47
4025.9
4026.33
4026.77
4027.27
4027.7
4028.13
4028.57
4029.07
4029.5
4029.94
4030.37
4030.84
4031.27
4031.72
4032.16
4032.61
4033.05
4033.49
4033.93
4034.37
4034.8
4035.24
4035.67
4036.1
4036.53
4036.96
4037.38
4037.8
4038.22
4038.64
4039.06
4039.47
4039.88
4040.29
4040.69
4041.1
4041.5
4041.9
4042.29
4042.69
4043.08
4043.46
4043.85
4044.23
4044.61
4044.98
4045.36
4045.73
4046.1
4046.46
4046.83
4047.19
4047.54
4047.9
4048.25
4048.6
4048.94
4049.28
4049.62
4049.95
4050.28
4050.61
4050.94
4051.27
4051.59
4051.91
4052.23
4052.55
4052.87
4053.19
4053.51
4053.83
4054.14
4054.46
4054.78
4055.1
4055.41
4055.73
4056.05
4056.37
4056.69
4057
4057.32
4057.64
4057.96
4058.27
4058.59
4058.91
4059.23
4059.55
4059.86
4060.18
4060.5
4060.81
4061.13
4061.45
4061.77
4062.08
4062.4
4062.72
4063.03
4063.35
4063.67
4063.98
4064.3
4064.61
4064.93
4065.24
4065.56
4065.87
4066.19
4066.5
4066.82
4067.13
4067.44
4067.76
4068.07
4068.38
4068.69
4069
4069.31
4069.62
4069.93
4070.24
4070.54
4070.85
4071.15
4071.46
4071.76
4072.06
4072.36
4072.67
4072.96
4073.26
4073.56
4073.86
4074.15
4074.45
4074.74
4075.04
4075.33
4075.62
4075.91
4076.2
4076.49
4076.77
4077.06
4077.34
4077.63
4077.91
4078.19
4078.47
4078.75
4079.03
4079.31
4079.59
4079.86
4080.14
4080.41
4080.68
4080.95
4081.22
4081.49
4081.76
4082.03
4082.3
4082.56
4082.82
4083.09
4083.35
4083.61
4083.87
4084.13
4084.39
4084.65
4084.9
4085.16
4085.41
4085.67
4085.92
4086.17
4086.43
4086.68
4086.93
4087.18
4087.42
4087.67
4087.92
4088.16
4088.41
4088.65
4088.9
4089.14
4089.38
4089.63
4089.87
4090.11
4090.35
4090.59
4090.82
4091.06
4091.3
4091.54
4091.77
4092.01
4092.24
4092.48
4092.71
4092.94
4093.18
4093.41
4093.64
4093.87
4094.1
4094.33
4094.56
4094.79
4095.02
4095.25
4095.48
4095.71
4095.93
4096.16
4096.39
4096.61
4096.84
4097.29
4097.74
4098.18
4098.63
4099.08
4099.54
4100.02
4100.67
4101.15
4101.69
4102.39
4102.88
4103.5
4104.24
4104.8
4105.64
4106.23
4106.91
4107.77
4108.46
4109.17
4110.11
4110.79
4111.51
4112.21
4112.94
4113.64
4114.38
4115.08
4115.82
4116.52
4117.26
4117.96
4118.7
4119.41
4120.16
4120.89
4121.69
4122.53
4123.39
4124.24
4125.14
4125.99
4126.87
4127.73
4128.6
4129.45
4130.34
4131.19
4132.07
4132.94
4133.85
4134.73
4135.64
4136.53
4137.47
4138.38
4139.33
4140.25
4141.22
4142.15
4143.13
4144.07
4145.06
4146.02
4147.03
4148.01
4149.03
4150.01
4151.04
4152.04
4153.08
4154.08
4155.14
4156.15
4157.23
4158.26
4159.36
4160.42
4161.56
4162.6
4163.88
4164.9
4166.04
4167.28
4168.36
4169.46
4170.76
4171.79
4172.9
4174.02
4175.12
4176.19
4177.34
4178.39
4179.44
4180.6
4181.61
4182.65
4183.75
4184.81
4185.82
4186.93
4187.93
4189.03
4190.11
4191.13
4192.13
4193.24
4194.23
4195.27
4196.35
4197.42
4198.41
4199.52
4200.51
4201.54
4202.62
4203.68
4204.68
4205.78
4206.56
4207.37
4208.2
4209.06
4209.81
4210.74
4211.52
4212.29
4213.29
4214.12
4215
4215.86
4216.7
4217.6
4218.45
4219.29
4220.19
4221.06
4221.86
4222.78
4223.6
4224.4
4225.31
4226.14
4226.86
4227.8
4228.53
4229.26
4230.19
4230.91
4231.64
4232.38
4233.13
4233.85
4234.73
4235.39
4236.07
4236.74
4237.57
4238.21
4238.86
4239.49
4240.31
4240.89
4241.49
4242.09
4242.86
4243.51
4244.05
4244.59
4245.36
4245.91
4246.47
4247.01
4247.6
4248.09
4248.59
4249.42
4249.87
4250.36
4250.8
4251.31
4251.9
4252.37
4252.79
4253.34
4253.99
4254.43
4254.82
4255.27
4255.68
4256.22
4256.63
4257.05
4257.44
4257.95
4258.32
4258.74
4259.18
4259.58
4259.96
4260.42
4260.79
4261.25
4261.59
4262.08
4262.41
4262.88
4263.23
4263.71
4264.03
4264.52
4264.83
4265.36
4265.67
4266.07
4266.38
4266.72
4267.23
4267.54
4268.08
4268.38
4268.71
4269.25
4269.55
4270.1
4270.39
4270.95
4271.23
4271.79
4272.08
4272.41
4272.83
4273.1
4273.4
4273.96
4274.23
4274.78
4275.05
4275.6
4275.86
4276.4
4276.65
4277.18
4277.43
4277.94
4278.19
4278.69
4278.94
4279.42
4279.67
4280.14
4280.39
4280.85
4281.09
4281.55
4281.79
4282.24
4282.48
4282.92
4283.16
4283.59
4283.83
4284.26
4284.5
4284.93
4285.16
4285.59
4285.82
4286.25
4286.48
4286.9
4287.14
4287.56
4287.8
4288.23
4288.47
4288.9
4289.15
4289.59
4289.84
4290.29
4290.54
4291
4291.26
4291.74
4291.99
4292.49
4292.75
4293.25
4293.51
4294.04
4294.31
4294.84
4295.1
4295.65
4295.93
4296.28
4296.55
4296.82
4297.12
4297.43
4297.72
4298.03
4298.33
4298.64
4298.94
4299.26
4299.58
4299.89
4300.21
4300.54
4300.86
4301.18
4301.52
4301.85
4302.19
4302.54
4302.88
4303.22
4303.59
4303.93
4304.28
4304.66
4305.02
4305.38
4305.77
4306.14
4306.51
4306.91
4307.28
4307.66
4308.08
4308.46
4308.85
4309.27
4309.66
4310.06
4310.49
4310.89
4311.29
4311.73
4312.13
4312.54
4312.99
4313.39
4313.8
4314.26
4314.67
4315.08
4315.51
4315.92
4316.39
4316.8
4317.22
4317.65
4318.07
4318.54
4318.95
4319.37
4319.79
4320.26
4320.67
4321.09
4321.5
4321.98
4322.39
4322.8
4323.22
4323.65
4324.07
4324.5
4324.91
4325.34
4325.76
4326.18
4326.6
4327.02
4327.43
4327.85
4328.26
4328.68
4329.09
4329.5
4329.9
4330.31
4330.71
4331.12
4331.52
4331.92
4332.31
4332.71
4333.1
4333.5
4333.88
4334.27
4334.66
4335.04
4335.42
4335.8
4336.18
4336.55
4336.93
4337.3
4337.67
4338.03
4338.4
4338.76
4339.12
4339.48
4339.83
4340.19
4340.54
4340.89
4341.23
4341.57
4341.91
4342.25
4342.58
4342.91
4343.23
4343.56
4343.88
4344.2
4344.52
4344.84
4345.16
4345.48
4345.8
4346.11
4346.43
4346.75
4347.07
4347.38
4347.7
4348.02
4348.34
4348.66
4348.98
4349.3
4349.62
4349.94
4350.26
4350.58
4350.9
4351.23
4351.55
4351.88
4352.2
4352.53
4352.86
4353.18
4353.51
4353.84
4354.17
4354.5
4354.84
4355.17
4355.5
4355.84
4356.18
4356.51
4356.85
4357.19
4357.53
4357.87
4358.21
4358.55
4358.89
4359.23
4359.57
4359.92
4360.26
4360.6
4360.95
4361.29
4361.63
4361.98
4362.32
4362.67
4363.01
4363.35
4363.7
4364.04
4364.38
4364.72
4365.06
4365.41
4365.75
4366.08
4366.42
4366.76
4367.1
4367.44
4367.77
4368.11
4368.44
4368.77
4369.11
4369.44
4369.77
4370.1
4370.43
4370.75
4371.08
4371.4
4371.73
4372.05
4372.37
4372.69
4373.01
4373.32
4373.64
4373.95
4374.26
4374.57
4374.88
4375.19
4375.5
4375.8
4376.11
4376.41
4376.71
4377.01
4377.31
4377.6
4377.9
4378.19
4378.48
4378.77
4379.06
4379.35
4379.64
4379.92
4380.21
4380.49
4380.77
4381.31
4381.81
4382.32
4382.83
4383.34
4383.86
4384.37
4384.89
4385.43
4386.08
4386.62
4387.2
4387.87
4388.4
4389.15
4389.77
4390.31
4391.09
4391.7
4392.29
4393.1
4393.67
4394.26
4394.95
4395.55
4396.22
4396.8
4397.45
4398.03
4398.67
4399.23
4399.86
4400.42
4401.05
4401.61
4402.26
4402.83
4403.56
4404.11
4404.73
4405.31
4405.96
4406.59
4407.41
4408.12
4408.92
4409.58
4410.36
4410.97
4411.73
4412.31
4413.06
4413.61
4414.34
4414.89
4415.61
4416.22
4416.98
4417.58
4418.31
4418.91
4419.64
4420.24
4420.93
4421.46
4422.08
4422.63
4423.23
4423.79
4424.4
4424.99
4425.64
4426.28
4427.02
4427.69
4428.5
4429.24
4430.13
4430.96
4431.96
4432.9
4433.96
4434.96
4436.5
4437.45
4438.54
4439.76
4440.86
4442.24
4443.58
4444.61
4445.75
4447.01
4448.38
4449.41
4450.48
4451.62
4452.67
4453.83
4454.93
4455.91
4457.09
4458.14
4459.13
4460.09
4461.32
4462.31
4463.28
4464.39
4465.52
4466.53
4467.66
4468.69
4469.85
4470.98
4472.07
4473.16
4474.41
4475.52
4476.63
4477.82
4479.05
4480.17
4481.22
4482.14
4483.24
4484.26
4485.3
4486.27
4487.53
4488.51
4489.64
4490.79
4492.04
4493.11
4494.29
4495.52
4496.69
4497.91
4499.12
4500.22
4501.53
4502.83
4503.83
4505.25
4506.46
4507.46
4508.91
4510
4511.02
4512.31
4513.39
4514.45
4515.54
4516.6
4517.67
4518.71
4519.66
4520.63
4521.53
4522.75
4523.6
4524.42
4525.25
4526.28
4527.11
4527.88
4528.73
4529.73
4530.45
4531.19
4531.97
4532.68
4533.46
4534.16
4534.83
4535.54
4536.48
4537.19
4537.89
4538.58
4539.28
4540.02
4540.68
4541.37
4542.06
4542.71
4543.42
4544.04
4544.68
4545.35
4545.97
4546.59
4547.23
4547.85
4548.49
4549.1
4549.73
4550.35
4550.99
4551.59
4552.21
4552.81
4553.42
4554.01
4554.6
4555.2
4555.77
4556.34
4556.93
4557.49
4558.06
4558.63
4559.19
4559.75
4560.32
4560.88
4561.43
4561.98
4562.56
4563.11
4563.68
4564.24
4564.81
4565.36
4565.93
4566.49
4567.07
4567.63
4568.21
4568.78
4569.36
4569.93
4570.52
4571.09
4571.68
4572.26
4572.86
4573.43
4574.03
4574.61
4575.21
4575.79
4576.39
4576.97
4577.57
4578.15
4578.74
4579.33
4579.93
4580.51
4581.1
4581.69
4582.28
4582.86
4583.46
4584.03
4584.63
4585.21
4585.8
4586.37
4586.97
4587.54
4588.13
4588.71
4589.29
4589.85
4590.44
4591
4591.57
4592.14
4592.7
4593.25
4593.83
4594.37
4594.93
4595.48
4596.03
4596.58
4597.12
4597.64
4598.2
4598.71
4599.26
4599.78
4600.29
4600.86
4601.35
4601.84
4602.47
4602.92
4603.41
4603.87
4604.72
4605.14
4605.64
4606.12
4606.92
4607.37
4607.82
4608.6
4609.07
4609.5
4610.29
4610.71
4611.11
4611.96
4612.33
4612.74
4613.56
4613.95
4614.32
4615.18
4615.56
4615.92
4616.77
4617.12
4617.51
4618.17
4618.51
4618.9
4619.41
4619.81
4620.57
4620.98
4621.31
4621.75
4622.51
4622.92
4623.22
4623.69
4624.42
4624.82
4625.11
4625.53
4626.19
4626.59
4626.85
4627.29
4627.59
4628.08
4628.36
4628.87
4629.15
4629.57
4629.9
4630.32
4630.63
4631.05
4631.34
4631.75
4632.01
4632.41
4632.65
4633.04
4633.26
4633.64
4633.86
4634.23
4634.44
4634.81
4635.01
4635.38
4635.58
4635.94
4636.14
4636.49
4636.69
4637.04
4637.24
4637.59
4637.79
4638.13
4638.33
4638.66
4638.86
4639.18
4639.38
4639.69
4639.89
4640.18
4640.39
4640.68
4640.89
4641.17
4641.38
4641.66
4641.88
4642.15
4642.37
4642.64
4642.86
4643.12
4643.34
4643.61
4643.83
4644.09
4644.31
4644.57
4644.8
4645.06
4645.28
4645.54
4645.76
4646.02
4646.24
4646.5
4646.73
4646.99
4647.21
4647.47
4647.69
4647.95
4648.17
4648.43
4648.65
4648.91
4649.13
4649.39
4649.61
4649.86
4650.08
4650.33
4650.55
4650.8
4651.01
4651.26
4651.48
4651.73
4651.94
4652.19
4652.4
4652.65
4652.86
4653.11
4653.32
4653.57
4653.78
4654.03
4654.24
4654.49
4654.7
4654.95
4655.17
4655.41
4655.63
4655.88
4656.09
4656.34
4656.55
4656.8
4657.02
4657.27
4657.49
4657.74
4657.95
4658.21
4658.43
4658.68
4658.9
4659.15
4659.37
4659.63
4659.85
4660.1
4660.32
4660.58
4660.8
4661.06
4661.29
4661.54
4661.77
4662.03
4662.25
4662.51
4662.74
4663
4663.23
4663.49
4663.72
4663.98
4664.21
4664.47
4664.7
4664.97
4665.2
4665.47
4665.7
4665.96
4666.2
4666.47
4666.7
4666.97
4667.2
4667.47
4667.71
4667.98
4668.22
4668.49
4668.72
4669
4669.24
4669.51
4669.75
4670.03
4670.27
4670.54
4670.79
4671.06
4671.31
4671.59
4671.83
4672.11
4672.36
4672.64
4672.89
4673.17
4673.42
4673.71
4673.96
4674.24
4674.49
4674.78
4675.03
4675.32
4675.58
4675.87
4676.12
4676.41
4676.67
4676.96
4677.22
4677.51
4677.77
4678.06
4678.32
4678.62
4678.88
4679.17
4679.44
4679.73
4680
4680.29
4680.56
4680.86
4681.12
4681.42
4681.68
4681.98
4682.25
4682.55
4682.81
4683.12
4683.38
4683.68
4683.95
4684.25
4684.52
4684.82
4685.09
4685.39
4685.66
4685.96
4686.23
4686.54
4686.81
4687.11
4687.38
4687.68
4687.95
4688.26
4688.53
4688.83
4689.11
4689.41
4689.68
4689.99
4690.26
4690.56
4690.83
4691.14
4691.41
4691.72
4691.99
4692.3
4692.57
4692.88
4693.15
4693.46
4693.73
4694.03
4694.31
4694.61
4694.89
4695.2
4695.47
4695.78
4696.05
4696.36
4696.64
4696.95
4697.22
4697.53
4697.8
4698.11
4698.39
4698.7
4698.97
4699.28
4699.56
4699.87
4700.15
4700.46
4700.73
4701.05
4701.32
4701.63
4701.91
4702.22
4702.5
4702.81
4703.08
4703.4
4703.67
4703.99
4704.26
4704.58
4704.86
4705.17
4705.45
4705.76
4706.04
4706.35
4706.63
4706.94
4707.22
4707.54
4707.82
4708.13
4708.41
4708.73
4709.01
4709.32
4709.6
4709.92
4710.2
4710.51
4710.79
4711.11
4711.39
4711.7
4711.99
4712.3
4712.58
4712.9
4713.18
4713.5
4713.79
4714.1
4714.39
4714.7
4714.99
4715.3
4715.59
4715.91
4716.19
4716.51
4716.8
4717.12
4717.4
4717.72
4718.01
4718.33
4718.61
4718.93
4719.22
4719.54
4719.83
4720.15
4720.43
4720.76
4721.05
4721.37
4721.66
4721.98
4722.27
4722.59
4722.88
4723.2
4723.49
4723.81
4724.1
4724.43
4724.72
4725.04
4725.33
4725.66
4725.95
4726.27
4726.57
4726.89
4727.18
4727.51
4727.8
4728.12
4728.41
4728.74
4729.03
4729.36
4729.65
4729.98
4730.27
4730.6
4730.89
4731.22
4731.51
4731.84
4732.13
4732.46
4732.75
4733.08
4733.38
4733.71
4734
4734.33
4734.63
4734.95
4735.25
4735.58
4735.87
4736.2
4736.49
4736.82
4737.12
4737.45
4737.74
4738.07
4738.37
4738.7
4739
4739.33
4739.62
4739.95
4740.25
4740.58
4740.87
4741.2
4741.5
4741.83
4742.13
4742.46
4742.75
4743.09
4743.38
4743.71
4744.01
4744.34
4744.63
4744.96
4745.26
4745.59
4745.89
4746.22
4746.51
4746.84
4747.14
4747.47
4747.76
4748.09
4748.39
4748.72
4749.02
4749.35
4749.64
4749.97
4750.27
4750.6
4750.89
4751.64
4752.1
4752.56
4753.04
4753.53
4754.02
4754.51
4754.99
4755.48
4755.96
4756.45
4756.93
4757.41
4757.88
4758.36
4758.84
4759.31
4759.78
4760.26
4760.73
4761.2
4761.67
4762.14
4762.61
4763.08
4763.55
4764.02
4764.48
4764.96
4765.42
4765.93
4766.4
4766.91
4767.27
4767.85
4768.32
4768.78
4769.45
4769.9
4770.36
4770.97
4771.42
4772.15
4772.6
4773.15
4773.6
4774.15
4774.79
4775.32
4775.77
4776.3
4776.77
4777.5
4777.96
4778.48
4778.95
4779.48
4780.19
4780.71
4781.19
4781.71
4782.22
4783
4783.49
4784.02
4784.52
4785.09
4785.88
4786.43
4786.94
4787.49
4788.03
4788.92
4789.44
4790
4790.53
4791.12
4792.03
4792.59
4793.13
4793.69
4794.26
4795.25
4795.79
4796.35
4796.89
4797.49
4798.51
4799.08
4799.62
4800.19
4800.76
4801.88
4802.42
4802.99
4803.53
4804.13
4804.88
4805.48
4806.21
4806.82
4808.02
4808.59
4809.14
4809.74
4810.84
4811.44
4812.03
4813.07
4813.68
4814.33
4815.01
4815.99
4816.65
4817.36
4818.13
4818.88
4819.81
4820.57
4821.31
4822.12
4823.05
4823.85
4824.63
4825.46
4826.4
4827.23
4828.05
4828.91
4829.85
4830.71
4831.55
4832.41
4833.36
4834.23
4835.07
4835.96
4836.8
4837.73
4838.57
4839.41
4840.27
4841.09
4841.93
4842.83
4843.69
4844.53
4845.45
4846.27
4847.12
4848.01
4848.8
4849.61
4850.46
4851.22
4851.97
4852.79
4853.51
4854.23
4855.01
4855.7
4856.39
4857.14
4857.81
4858.46
4859.16
4859.8
4860.43
4861.06
4861.74
4862.35
4862.96
4863.56
4864.17
4864.76
4865.37
4865.93
4866.5
4867.05
4867.61
4868.15
4868.68
4869.21
4869.73
4870.24
4870.75
4871.25
4871.75
4872.24
4872.73
4873.21
4873.69
4874.17
4874.63
4875.11
4875.57
4876.04
4876.5
4876.96
4877.2
4877.45
4877.69
4877.93
4878.17
4878.4
4878.64
4878.88
4879.11
4879.34
4879.57
4879.8
4880.03
4880.32
4880.55
4880.82
4881.05
4881.31
4881.53
4881.79
4882
4882.25
4882.45
4882.69
4882.89
4883.12
4883.32
4883.54
4883.73
4883.95
4884.13
4884.34
4884.52
4884.73
4884.91
4885.12
4885.3
4885.51
4885.69
4885.89
4886.07
4886.27
4886.45
4886.66
4886.84
4887.04
4887.22
4887.42
4887.6
4887.81
4887.99
4888.19
4888.38
4888.58
4888.76
4888.97
4889.15
4889.35
4889.55
4889.75
4889.93
4890.15
4890.32
4890.52
4890.72
4890.92
4891.1
4891.31
4891.52
4891.7
4891.91
4892.11
4892.3
4892.51
4892.71
4892.89
4893.11
4893.3
4893.49
4893.69
4893.91
4894.11
4894.3
4894.5
4894.72
4894.91
4895.11
4895.3
4895.53
4895.73
4895.92
4896.12
4896.33
4896.53
4896.75
4896.95
4897.15
4897.36
4897.57
4897.77
4897.99
4898.19
4898.44
4898.64
4898.85
4899.05
4899.31
4899.52
4899.73
4899.94
4900.19
4900.4
4900.62
4900.88
4901.09
4901.31
4901.54
4901.78
4902.01
4902.27
4902.49
4902.72
4902.97
4903.2
4903.44
4903.68
4903.92
4904.16
4904.41
4904.65
4904.9
4905.15
4905.39
4905.64
4905.89
4906.14
4906.39
4906.65
4906.9
4907.15
4907.4
4907.65
4907.9
4908.16
4908.41
4908.66
4908.91
4909.16
4909.41
4909.66
4909.91
4910.16
4910.41
4910.66
4910.91
4911.15
4911.4
4911.65
4911.89
4912.14
4912.38
4912.62
4912.87
4913.11
4913.35
4913.59
4913.83
4914.07
4914.31
4914.55
4914.78
4915.02
4915.26
4915.49
4915.72
4915.96
4916.19
4916.42
4916.65
4916.88
4917.11
4917.34
4917.57
4917.8
4918.02
4918.25
4918.47
4918.7
4918.92
4919.15
4919.37
4919.6
4919.82
4920.04
4920.27
4920.49
4920.71
4920.93
4921.16
4921.38
4921.6
4921.82
4922.04
4922.27
4922.49
4922.71
4922.93
4923.15
4923.37
4923.6
4923.82
4924.04
4924.26
4924.49
4924.71
4924.94
4925.16
4925.39
4925.61
4925.84
4926.06
4926.29
4926.52
4926.74
4926.97
4927.2
4927.42
4927.65
4927.88
4928.1
4928.33
4928.56
4928.79
4929.02
4929.24
4929.47
4929.7
4929.93
4930.16
4930.39
4930.62
4930.84
4931.07
4931.3
4931.53
4931.76
4931.99
4932.22
4932.45
4932.68
4932.91
4933.14
4933.37
4933.6
4933.83
4934.06
4934.29
4934.52
4934.75
4934.98
4935.21
4935.44
4935.68
4935.91
4936.14
4936.37
4936.6
4936.84
4937.07
4937.3
4937.54
4937.77
4938.01
4938.24
4938.47
4938.71
4938.95
4939.18
4939.42
4939.65
4939.89
4940.13
4940.37
4940.61
4940.85
4941.08
4941.32
4941.56
4941.81
4942.05
4942.29
4942.53
4942.77
4943.02
4943.26
4943.51
4943.75
4944
4944.24
4944.49
4944.74
4944.99
4945.23
4945.48
4945.73
4945.99
4946.24
4946.49
4946.74
4946.99
4947.25
4947.5
4947.76
4948.02
4948.27
4948.53
4948.79
4949.05
4949.31
4949.57
4949.83
4950.09
4950.36
4950.62
4950.88
4951.15
4951.42
4951.68
4951.95
4952.22
4952.49
4952.76
4953.03
4953.48
4953.98
4954.52
4955
4955.62
4956.1
4956.63
4957.17
4957.71
4958.15
4958.65
4959.23
4959.73
4960.19
4960.66
4961.27
4961.78
4962.33
4962.79
4963.34
4963.88
4964.43
4964.94
4965.55
4966.05
4966.67
4967.18
4967.8
4968.34
4968.98
4969.53
4970.18
4970.74
4971.39
4971.94
4972.59
4973.14
4973.79
4974.43
4975.09
4975.72
4976.38
4976.96
4977.61
4978.2
4978.87
4979.46
4980.15
4980.77
4981.48
4982.12
4982.84
4983.48
4984.21
4984.84
4985.54
4986.16
4986.86
4987.48
4988.16
4988.77
4989.47
4990.07
4990.76
4991.36
4992.05
4992.65
4993.35
4993.95
4994.62
4995.25
4995.91
4996.54
4997.21
4997.82
4998.53
4999.14
4999.83
5000.48
5001.17
5001.79
5002.5
5003.13
5003.87
5004.51
5005.21
5005.64
5006.1
5006.61
5007.07
5007.52
5008.06
5008.5
5008.96
5009.48
5009.94
5010.37
5010.9
5011.33
5011.77
5012.27
5012.7
5013.13
5013.64
5014.01
5014.36
5014.76
5015.07
5015.38
5015.76
5016.05
5016.35
5016.71
5017
5017.28
5017.62
5017.89
5018.16
5018.42
5018.68
5018.95
5019.19
5019.46
5019.73
5019.96
5020.21
5020.47
5020.7
5020.95
5021.2
5021.44
5021.66
5021.9
5022.15
5022.36
5022.6
5022.82
5023.06
5023.27
5023.5
5023.7
5023.93
5024.15
5024.37
5024.57
5024.8
5025.01
5025.23
5025.46
5025.66
5025.86
5026.07
5026.27
5026.48
5026.68
5026.88
5027.07
5027.27
5027.46
5027.64
5027.83
5028.01
5028.19
5028.37
5028.54
5028.72
5028.89
5029.06
5029.23
5029.4
5029.56
5029.73
5029.91
5030.08
5030.24
5030.42
5030.61
5030.77
5030.95
5031.17
5031.32
5031.62
5031.78
5032.08
5032.27
5032.56
5032.72
5033.02
5033.18
5033.51
5033.67
5033.98
5034.17
5034.48
5034.64
5034.96
5035.13
5035.46
5035.87
5036.42
5036.82
5037.38
5037.79
5038.36
5038.77
5039.34
5039.78
5040.36
5040.97
5041.51
5041.94
5042.38
5042.96
5043.4
5043.81
5044.24
5044.79
5045.23
5045.64
5046.08
5046.62
5047.05
5047.47
5047.99
5048.43
5048.86
5049.36
5049.82
5050.24
5050.76
5051.2
5051.67
5052.19
5052.68
5053.18
5053.73
5054.2
5054.78
5055.24
5055.79
5056.25
5056.8
5057.26
5057.78
5058.25
5058.8
5059.26
5059.78
5060.24
5060.77
5061.26
5061.78
5062.24
5062.79
5063.26
5063.81
5064.28
5064.82
5065.32
5065.86
5066.34
5066.92
5067.4
5067.98
5068.45
5069.17
5069.63
5070.13
5070.6
5071.35
5071.78
5072.28
5072.72
5073.22
5073.66
5074.16
5074.6
5075.08
5075.51
5075.94
5076.44
5076.65
5076.87
5077.16
5077.37
5077.59
5077.88
5078.09
5078.31
5078.6
5078.82
5079.04
5079.34
5079.56
5079.79
5080.09
5080.32
5080.54
5080.85
5081.07
5081.31
5081.61
5081.83
5082.09
5082.35
5082.57
5082.83
5083.05
5083.31
5083.54
5083.8
5084.03
5084.3
5084.74
5085.25
5085.74
5086.24
5086.71
5087.23
5087.73
5088.22
5088.74
5089.23
5089.71
5090.19
5090.66
5091.13
5091.61
5092.07
5092.52
5092.96
5093.4
5093.83
5094.27
5094.72
5095.18
5095.67
5096.17
5096.66
5097.13
5097.6
5098.06
5098.51
5098.95
5099.39
5099.83
5100.27
5100.71
5101.16
5101.62
5102.09
5102.56
5103.02
5103.48
5103.94
5104.39
5104.84
5105.3
5105.75
5106.19
5106.64
5107.09
5107.53
5107.98
5108.42
5108.87
5109.31
5109.76
5110.2
5110.66
5111.1
5111.55
5111.99
5112.45
5112.89
5113.34
5113.8
5114.25
5114.7
5115.16
5115.61
5116.06
5116.53
5116.98
5117.44
5117.91
5118.37
5118.82
5119.3
5119.76
5120.22
5120.71
5121.17
5121.63
5122.12
5122.58
5123.05
5123.55
5124.01
5124.48
5124.98
5125.44
5125.91
5126.41
5126.88
5127.35
5127.86
5128.33
5128.8
5129.28
5129.77
5130.24
5130.72
5131.2
5131.68
5132.15
5132.63
5133.11
5133.59
5134.06
5134.54
5135.01
5135.48
5135.96
5136.43
5136.9
5137.37
5137.84
5138.31
5138.77
5139.24
5139.71
5140.17
5140.64
5141.1
5141.56
5142.03
5142.48
5142.94
5143.39
5143.83
5144.28
5144.72
5145.16
5145.61
5146.05
5146.49
5146.94
5147.38
5147.83
5148.28
5148.73
5149.17
5149.62
5150.07
5150.51
5150.96
5151.4
5151.84
5152.28
5152.72
5153.16
5153.59
5154.03
5154.47
5154.92
5155.36
5155.8
5156.24
5156.69
5157.14
5157.58
5158.03
5158.48
5158.93
5159.38
5159.83
5160.29
5160.74
5161.19
5161.64
5162.1
5162.55
5163
5163.45
5163.91
5164.36
5164.81
5165.26
5165.71
5166.16
5166.61
5167.06
5167.51
5167.96
5168.41
5168.86
5169.3
5169.75
5170.2
5170.65
5171.1
5171.54
5171.99
5172.44
5172.89
5173.33
5173.78
5174.23
5174.68
5175.13
5175.58
5176.03
5176.47
5176.92
5177.37
5177.82
5178.27
5178.72
5179.17
5179.63
5180.08
5180.53
5180.98
5181.43
5181.89
5182.34
5182.79
5183.25
5183.7
5184.16
5184.61
5185.07
5185.52
5185.98
5186.44
5186.9
5187.36
5187.81
5188.27
5188.74
5189.2
5189.66
5190.12
5190.58
5191.05
5191.51
5191.98
5192.45
5192.91
5193.38
5193.85
5194.32
5194.79
5195.05
5195.4
