energy
0.0197392
0.185046
0.895438
1.07752
1.31589
1.50634
1.75915
1.9577
2.2221
2.42682
2.70017
2.90949
3.18972
3.40242
3.6879
3.90304
4.19251
4.40937
4.70182
4.91993
5.21487
5.46003
5.68893
5.94141
6.17189
6.42897
6.66293
6.9261
7.16163
7.42979
7.6655
7.93019
8.17159
8.44006
8.68143
8.95637
9.37496
9.65862
9.89914
10.2532
10.4606
10.6213
11.0396
11.2136
11.5729
12.1164
12.4568
12.8268
13.419
13.7674
14.1304
14.5238
15.1556
15.5399
15.8585
16.2899
16.9566
17.3756
17.6909
18.179
18.9019
19.2615
19.6203
20.0655
20.8854
21.2692
21.7295
22.096
22.527
23.2384
23.5947
24.5847
25.0157
25.4041
26.1057
26.5483
27.298
27.686
28.0893
28.9664
29.5436
30.0123
30.4817
31.0219
32.0504
32.5584
33.0413
33.6145
34.1142
35.2143
35.7383
36.2559
36.7373
37.3548
38.4665
38.9929
39.5252
40.0535
40.5604
41.3751
41.8779
42.6923
43.2313
43.8804
44.5508
45.1952
45.9641
46.5698
47.1932
47.9076
48.5666
49.3394
50.1448
50.8136
52.2777
52.7461
53.3237
53.9185
55.1798
55.6586
56.24
57.3086
57.834
58.8113
59.3529
59.8703
60.8431
61.3573
61.965
62.8181
63.4594
64.048
64.9282
65.4514
66.0254
66.7666
67.3402
67.923
68.7535
69.4351
70.2201
71.2052
72.1482
73.0876
74.2063
75.2054
76.3033
77.606
78.9894
80.4441
81.9954
83.5766
85.1055
86.6702
88.3243
90.2482
92.0371
93.7712
95.5011
97.2577
98.9107
100.508
102.101
103.722
105.248
106.723
108.199
109.708
111.133
112.512
113.902
115.325
116.676
117.986
119.306
120.623
121.895
123.121
124.36
125.562
126.764
127.916
129.069
130.182
131.289
132.356
133.435
134.468
135.514
136.514
137.558
138.525
139.541
140.476
141.463
142.368
143.328
144.21
145.149
146.01
146.928
147.777
148.677
149.505
150.391
151.215
152.094
152.908
153.786
154.608
155.489
156.316
157.215
158.071
158.992
159.853
160.776
161.629
162.552
163.378
164.299
165.101
166.029
166.802
167.749
168.505
169.469
170.21
171.183
171.919
172.901
173.62
174.616
175.324
176.205
176.801
177.68
178.255
179.132
179.697
180.556
181.119
181.953
182.495
183.314
183.843
184.615
185.145
185.893
186.401
187.136
187.635
188.339
188.831
189.494
189.975
190.538
191.01
191.553
192.03
192.557
193.014
193.529
193.978
194.484
194.92
195.403
195.827
196.294
196.705
197.162
197.56
197.996
198.381
198.803
199.176
199.592
199.954
200.351
200.704
201.091
201.432
201.812
202.147
202.53
202.852
203.233
203.545
203.896
204.216
204.56
204.871
205.201
205.503
205.836
206.129
206.453
206.738
207.064
207.346
207.669
207.937
208.27
208.537
208.862
209.115
209.444
209.696
210.022
210.263
210.599
210.839
211.165
211.392
211.717
211.938
212.262
212.476
212.794
213.003
213.317
213.521
213.827
214.026
214.326
214.523
214.818
215.007
215.298
215.494
215.782
215.978
216.26
216.456
216.733
216.918
217.206
217.385
217.648
217.847
218.098
218.277
218.544
218.72
218.959
219.158
219.391
219.567
219.801
219.987
220.213
220.394
220.619
220.796
221.019
221.2
221.419
221.594
221.812
221.991
222.207
222.381
222.596
222.77
222.992
223.167
223.384
223.564
223.783
223.965
224.184
224.37
224.589
224.768
224.986
225.166
225.384
225.567
225.785
225.966
226.186
226.367
226.585
226.769
226.987
227.171
227.389
227.577
228.122
228.439
228.744
229.073
229.386
229.729
230.072
230.409
230.755
231.122
231.459
231.828
232.198
232.554
232.927
233.297
233.669
234.05
234.451
234.851
235.231
235.622
236.028
236.451
236.853
237.265
237.675
238.113
238.517
239.375
239.714
240.082
240.428
240.832
241.743
242.112
242.457
242.838
243.35
243.797
244.81
245.18
245.531
245.929
247.01
247.383
247.731
248.132
249.287
249.66
250.015
250.42
251.629
251.997
252.352
253.521
253.861
254.249
255.25
255.631
256.537
256.92
257.3
258.14
258.512
259.094
259.504
260.249
260.639
261.164
261.826
262.257
262.67
263.332
263.75
264.215
264.832
265.291
265.747
266.378
266.827
267.318
267.92
268.417
268.898
269.531
270.018
270.545
271.162
271.704
272.226
272.89
273.426
274.004
274.661
275.26
275.84
276.551
277.155
277.795
278.508
279.17
279.825
280.598
281.262
281.963
282.735
283.45
284.138
284.95
285.645
286.372
287.167
287.898
288.606
289.436
290.148
290.888
291.697
292.439
293.163
293.998
294.727
295.482
296.303
297.044
297.801
298.625
299.381
300.133
300.97
301.739
302.491
303.333
304.116
304.881
305.686
306.473
307.245
308.081
308.931
309.714
310.494
311.352
312.138
313.02
313.818
314.641
315.456
316.307
317.12
317.849
318.59
319.327
320.033
320.792
321.53
322.298
323.013
323.805
324.536
325.341
326.082
326.901
327.647
328.481
329.251
330.113
330.857
331.745
332.496
333.386
334.126
335.018
335.775
336.648
337.403
338.281
339.033
339.921
340.654
341.548
342.294
343.169
343.913
344.793
345.535
346.417
347.156
348.032
348.77
349.598
350.318
351.081
351.817
352.575
353.323
354.093
354.824
355.593
356.337
357.105
357.83
358.598
359.338
360.106
360.828
361.594
362.331
363.096
363.813
364.577
365.31
366.075
366.788
367.549
368.279
369.02
369.748
370.505
371.212
371.971
372.695
373.43
374.153
374.887
375.608
376.342
377.062
377.793
378.511
379.24
379.955
380.682
381.395
382.125
382.821
383.565
384.255
384.98
385.688
386.41
387.096
387.827
388.501
389.203
389.868
390.568
391.221
391.909
392.555
393.228
393.863
394.525
395.148
395.807
396.419
397.06
397.661
398.294
398.885
399.524
400.11
400.736
401.309
401.932
402.492
403.122
403.67
404.291
404.828
405.453
405.976
406.599
407.112
407.75
408.248
408.876
409.365
410.004
410.484
411.109
411.589
412.232
412.675
413.322
413.752
414.455
414.862
415.389
415.834
416.461
416.85
417.634
418.01
418.606
418.979
419.746
420.104
420.86
421.186
421.93
422.25
422.99
423.296
424.02
424.314
425.037
425.319
426.015
426.287
426.974
427.244
428.266
428.657
429.171
429.567
430.088
430.522
431.137
431.663
432.258
432.753
433.312
433.763
434.295
434.741
435.247
435.654
436.146
436.537
437.027
437.398
437.943
438.286
438.725
439.116
439.749
440.15
440.59
441.053
441.509
442.034
442.783
443.102
443.518
443.863
444.475
445.184
445.579
445.882
446.311
446.957
447.358
448.07
448.495
448.817
449.234
449.902
450.278
450.596
450.856
451.58
451.882
452.208
452.519
453.367
453.628
453.914
454.365
454.794
455.131
455.961
456.279
456.743
457.04
457.28
458.124
458.348
458.903
459.129
459.464
459.882
460.218
460.813
461.186
461.517
461.859
462.226
462.596
462.932
463.349
463.678
464.046
464.36
464.714
465.03
465.352
465.641
465.922
466.197
466.464
466.725
466.978
467.225
467.467
467.703
467.934
468.162
468.386
468.606
468.823
469.038
469.25
469.461
469.672
469.882
470.105
470.313
470.56
470.769
471.017
471.227
471.479
471.696
471.96
472.192
472.462
472.695
472.965
473.196
473.468
473.697
473.962
474.188
474.451
474.676
474.939
475.162
475.422
475.643
475.902
476.122
476.379
476.597
476.857
477.075
477.329
477.545
477.799
478.014
478.273
478.488
478.741
478.956
479.208
479.422
479.681
479.896
480.147
480.36
480.61
480.823
481.081
481.297
481.543
481.753
481.998
482.206
482.458
482.666
482.908
483.114
483.694
484.028
484.407
484.887
485.239
485.726
486.085
486.578
486.963
487.47
487.985
488.386
488.918
489.452
489.985
490.398
490.799
491.202
491.63
492.211
492.633
493.092
493.791
494.361
495.052
495.936
496.637
497.689
498.646
499.546
500.731
501.731
502.693
504.018
505.11
506.162
507.306
508.776
509.895
510.999
512.12
513.246
514.753
515.84
516.934
517.969
519.028
520.038
521.05
522.036
523.002
523.923
524.831
525.69
526.556
527.372
528.192
528.958
529.731
530.453
531.186
531.873
532.574
533.237
533.921
534.568
535.199
535.838
536.5
537.128
537.783
538.404
539.05
539.662
540.3
540.902
541.487
542.087
542.708
543.292
543.906
544.48
545.064
545.631
546.172
546.795
547.326
547.938
548.46
549.07
549.584
550.181
550.686
551.275
551.773
552.357
552.848
553.429
553.916
554.492
554.975
555.549
556.029
556.602
557.08
557.652
558.127
558.698
559.172
559.744
560.217
560.749
561.223
561.796
562.274
562.783
563.365
563.854
564.329
564.979
565.44
565.937
566.499
567.06
567.527
568.104
568.618
569.122
569.686
570.203
570.691
571.287
571.774
572.291
572.86
573.376
573.867
574.47
574.961
575.485
576.063
576.59
577.092
577.706
578.211
578.754
579.349
579.893
580.298
580.828
581.236
581.698
582.195
582.677
583.101
583.678
584.11
584.627
585.151
585.678
586.129
586.759
587.217
587.697
588.341
588.812
589.395
589.957
590.466
591.073
591.636
592.269
592.755
593.473
593.962
594.603
595.192
595.734
596.243
596.931
597.436
598.072
598.579
599.23
599.732
600.376
600.88
601.435
601.919
602.56
603.055
603.693
604.182
604.8
605.284
605.914
606.389
606.96
607.428
607.907
608.374
608.857
609.447
609.891
610.371
610.812
611.271
611.706
612.268
612.689
613.109
613.597
613.993
614.392
614.782
615.262
615.635
616.011
616.376
616.76
617.121
617.505
617.84
618.204
618.544
618.898
619.223
619.566
619.863
620.213
620.5
620.825
621.124
621.432
621.704
622.022
622.285
622.575
622.837
623.122
623.38
623.657
623.899
624.172
624.407
624.671
624.899
625.156
625.378
625.628
625.844
626.094
626.305
626.547
626.755
626.993
627.198
627.435
627.638
627.876
628.075
628.306
628.501
628.731
628.924
629.156
629.346
629.582
629.769
630.01
630.195
630.442
630.624
630.876
631.057
631.319
631.497
631.762
631.939
632.209
632.384
632.664
632.837
633.118
633.29
633.576
633.747
634.04
634.209
634.504
634.672
634.972
635.139
635.442
635.608
635.917
636.084
636.393
636.559
636.872
637.037
637.352
637.517
637.834
637.999
638.315
638.479
638.795
638.959
639.272
639.435
639.747
639.91
640.217
640.381
640.685
640.85
641.15
641.316
641.613
641.778
642.072
642.237
642.526
642.695
642.979
643.146
643.432
643.6
643.878
644.051
644.326
644.5
644.774
644.956
645.224
645.453
645.718
645.943
646.208
646.424
646.694
646.908
647.178
647.391
647.652
647.875
648.135
648.36
648.619
648.834
649.104
649.319
649.589
649.806
650.064
650.298
650.552
650.787
651.04
651.265
651.535
651.758
652.027
652.252
652.504
652.753
653.003
653.255
653.504
653.76
654.01
654.27
654.522
654.766
655.049
655.285
655.572
655.808
656.101
656.334
656.617
656.878
657.165
657.421
657.705
657.962
658.254
658.514
658.802
659.041
659.378
659.604
659.928
660.166
660.482
660.749
661.032
661.316
661.621
661.859
662.194
662.436
662.785
663.021
663.29
663.58
663.834
664.077
664.363
664.601
664.864
665.106
665.363
665.63
665.887
666.111
666.372
666.6
666.864
667.096
667.362
667.624
667.894
668.132
668.406
668.649
668.926
669.198
669.479
669.755
670.039
670.318
670.605
670.887
671.176
671.459
671.75
672.034
672.326
672.581
672.874
673.129
673.422
673.677
673.972
674.229
674.524
674.782
675.077
675.336
675.631
675.888
676.183
676.439
676.733
676.988
677.281
677.536
677.829
678.084
678.377
678.631
678.923
679.178
679.469
679.723
680.014
680.267
680.556
680.808
681.097
681.347
681.635
681.884
682.17
682.418
682.703
682.95
683.235
683.482
683.766
684.011
684.295
684.54
684.821
685.065
685.345
685.588
685.867
686.109
686.388
686.63
686.908
687.149
687.427
687.666
687.943
688.182
688.457
688.695
688.97
689.206
689.479
689.714
689.985
690.219
690.49
690.723
690.993
691.225
691.494
691.726
691.994
692.225
692.491
692.721
692.986
693.215
693.48
693.708
693.971
694.198
694.46
694.687
694.95
695.176
695.442
695.666
695.933
696.157
696.426
696.649
696.922
697.142
697.418
697.638
697.916
698.136
698.418
698.637
698.921
699.138
699.427
699.645
699.938
700.182
700.477
700.72
701.019
701.26
701.562
701.803
702.107
702.346
702.655
702.893
703.204
703.44
703.754
703.991
704.306
704.541
704.859
705.092
705.411
705.642
705.963
706.193
706.513
706.742
707.064
707.292
707.613
707.839
708.161
708.386
708.707
708.93
709.25
709.472
709.79
710.01
710.328
710.547
710.863
711.081
711.396
711.613
711.926
712.141
712.454
712.667
712.977
713.189
713.498
713.709
714.015
714.225
714.53
714.738
715.041
715.248
715.551
715.756
716.057
716.261
716.561
716.764
717.061
717.263
717.56
717.76
718.055
718.254
718.549
718.746
719.039
719.236
719.528
719.723
720.015
720.209
720.5
720.693
720.982
721.173
721.463
721.654
721.942
722.132
722.42
722.608
722.896
723.207
723.49
723.81
724.097
724.423
724.717
725.049
725.345
725.676
725.974
726.328
726.636
727.041
727.354
727.744
728.137
728.545
728.85
729.31
729.638
730.139
730.467
730.884
731.303
731.72
732.067
732.498
732.93
733.357
733.723
734.148
734.573
734.999
735.484
735.923
736.346
736.818
737.304
737.786
738.26
738.769
739.248
739.762
740.247
740.761
741.243
741.754
742.232
742.738
743.213
743.712
744.175
744.665
745.119
745.601
746.051
746.529
746.97
747.444
747.881
748.353
748.793
749.266
749.704
750.179
750.618
751.097
751.543
752.027
752.474
752.965
753.418
753.916
754.379
754.888
755.359
755.875
756.355
756.872
757.368
757.878
758.377
758.892
759.378
759.908
760.391
760.923
761.408
761.943
762.43
762.968
763.46
763.985
764.477
764.962
765.536
766.005
766.507
767.057
767.555
768.029
768.604
769.069
769.565
770.11
770.595
771.056
771.51
771.842
772.216
772.626
773.002
773.326
773.787
774.1
774.488
774.877
775.288
775.588
776.084
776.376
776.788
777.185
777.596
777.876
778.303
778.67
778.996
779.447
779.764
780.032
780.532
780.792
781.209
781.53
781.84
782.17
782.518
782.766
783.17
783.475
783.876
784.112
784.423
784.657
785.064
785.284
785.689
785.925
786.232
786.465
786.736
787.085
787.352
787.706
787.972
788.322
788.587
788.933
789.197
789.411
789.814
790.022
790.307
790.523
790.924
791.129
791.416
791.622
792.022
792.222
792.5
792.706
793.105
793.3
793.564
793.791
794.041
794.253
794.509
794.756
794.999
795.186
795.426
795.658
795.883
796.118
796.339
796.538
796.789
796.987
797.219
797.441
797.661
797.867
798.104
798.3
798.522
798.723
798.954
799.15
799.369
799.568
799.789
799.985
800.205
800.398
800.618
800.808
801.028
801.216
801.437
801.623
801.844
802.03
802.251
802.437
802.66
802.848
803.074
803.262
803.487
803.674
803.898
804.085
804.31
804.496
804.719
804.905
805.128
805.313
805.536
805.722
805.945
806.131
806.354
806.539
806.762
806.948
807.172
807.357
807.581
807.767
807.99
808.176
808.399
808.585
808.809
808.995
809.218
809.404
809.628
809.814
810.038
810.224
810.448
810.634
810.858
811.045
811.268
811.455
811.679
811.866
812.091
812.278
812.503
812.69
812.915
813.102
813.327
813.515
813.741
813.929
814.154
814.343
814.569
814.758
814.985
815.175
815.404
815.595
815.823
816.015
816.246
816.439
816.67
816.865
817.098
817.294
817.527
817.724
817.961
818.159
818.397
818.597
818.838
819.038
819.283
819.486
819.734
819.938
820.19
820.395
820.65
820.857
821.113
821.333
821.589
821.799
822.073
822.277
822.556
822.761
823.051
823.257
823.58
823.794
824.118
824.335
824.661
824.874
825.213
825.426
825.77
825.985
826.328
826.555
826.905
827.135
827.49
827.724
828.086
828.319
828.69
828.931
829.308
829.553
829.937
830.185
830.577
830.829
831.228
831.484
831.893
832.138
832.578
832.817
833.272
833.514
833.975
834.219
834.689
834.936
835.419
835.667
836.162
836.413
836.921
837.173
837.692
837.945
838.459
838.718
839.266
839.519
840.078
840.329
840.906
841.155
841.723
842.009
842.576
842.862
843.439
843.693
844.324
844.576
845.205
845.459
846.108
846.359
846.799
847.088
847.368
847.611
847.897
848.145
848.445
848.709
848.993
849.247
849.535
849.788
850.071
850.319
850.598
850.841
851.116
851.357
851.628
851.867
852.135
852.372
852.636
852.878
853.136
853.375
853.633
853.87
854.129
854.362
854.62
854.856
855.112
855.338
855.601
855.823
856.088
856.308
856.566
856.792
857.047
857.275
857.531
857.757
858.015
858.239
858.496
858.72
858.976
859.199
859.454
859.677
859.932
860.154
860.409
860.632
860.888
861.242
861.625
861.983
862.409
862.854
863.259
863.711
864.122
864.619
865.028
865.41
865.959
866.327
866.737
867.255
867.664
868.041
868.598
868.961
869.388
869.772
870.222
870.652
871.051
871.482
871.886
872.318
872.739
873.334
873.732
874.126
874.494
875.14
875.506
875.922
876.297
876.731
877.4
877.807
878.195
878.632
879.04
879.767
880.173
880.618
881.03
881.473
881.911
882.436
882.865
883.341
883.795
884.263
884.703
885.163
885.592
886.044
886.462
886.901
887.305
887.734
888.127
888.544
888.927
889.338
889.715
890.124
890.499
890.909
891.288
891.702
892.081
892.497
892.875
893.294
893.676
894.093
894.468
894.883
895.258
895.676
896.058
896.484
896.871
897.315
897.712
898.171
898.585
899.072
899.501
899.986
900.453
900.96
901.439
901.981
902.477
903.069
903.571
904.089
904.605
905.188
905.718
906.288
906.89
907.388
907.924
908.587
909.11
909.612
910.313
910.807
911.333
911.917
912.516
913.009
913.61
914.111
914.641
915.226
915.751
916.252
916.85
917.348
917.863
918.442
918.953
919.453
920.051
920.551
921.067
921.653
922.174
922.684
923.291
923.803
924.337
924.939
925.476
926.013
926.532
926.951
927.396
927.892
928.35
928.766
929.31
929.724
930.199
930.695
931.174
931.59
932.163
932.577
933.002
933.5
934.008
934.404
934.998
935.386
935.802
936.351
936.759
937.258
937.679
938.166
938.572
939.056
939.459
939.95
940.338
940.81
941.182
941.52
942.014
942.346
942.832
943.151
943.63
943.939
944.411
944.709
945.093
945.372
945.695
945.997
946.318
946.641
946.947
947.214
947.518
947.804
948.099
948.357
948.646
948.903
949.211
949.44
949.734
949.982
950.255
950.499
950.77
951.01
951.274
951.511
951.769
952.004
952.261
952.493
952.743
952.973
953.223
953.452
953.708
953.934
954.203
954.42
954.699
954.921
955.212
955.416
955.741
955.939
956.256
956.472
956.804
956.999
957.342
957.544
957.897
958.092
958.456
958.65
959.023
959.216
959.593
959.784
960.17
960.359
960.746
960.936
961.331
961.522
961.919
962.112
962.516
962.708
963.109
963.301
963.706
963.897
964.299
964.49
964.893
965.084
965.483
965.673
966.072
966.261
966.654
966.842
967.233
967.42
967.803
967.99
968.369
968.556
968.926
969.112
969.478
969.663
970.02
970.205
970.558
970.743
971.087
971.272
971.611
971.795
972.127
972.312
972.639
972.824
973.144
973.329
973.645
973.831
974.141
974.327
974.634
974.821
975.123
975.311
975.612
975.801
976.097
976.288
976.584
976.776
977.069
977.262
977.555
977.75
978.04
978.237
978.527
978.726
979.015
979.214
979.505
979.705
979.992
980.196
980.484
980.686
980.977
981.18
981.468
981.679
981.965
982.171
982.464
982.719
983.009
983.265
983.556
983.805
984.105
984.352
984.658
984.904
985.206
985.46
985.766
986.021
986.334
986.582
986.908
987.157
987.49
987.739
988.068
988.331
988.664
988.929
989.268
989.529
989.876
990.148
990.499
990.774
991.131
991.399
991.767
992.048
992.419
992.704
993.083
993.372
993.757
994.051
994.446
994.736
995.139
995.438
995.85
996.153
996.572
996.878
997.308
997.616
998.053
998.365
998.814
999.127
999.585
999.9
1000.37
1000.67
1001.18
1001.46
1001.97
1002.29
1002.79
1003.09
1003.64
1003.92
1004.49
1004.77
1005.31
1005.64
1006.18
1006.5
1007.04
1007.32
1007.9
1008.16
1008.7
1009.01
1009.31
1009.57
1009.82
1010.1
1010.34
1010.62
1010.87
1011.14
1011.38
1011.65
1011.89
1012.15
1012.39
1012.65
1012.88
1013.14
1013.38
1013.63
1013.86
1014.11
1014.34
1014.59
1014.83
1015.08
1015.3
1015.57
1015.78
1016.03
1016.26
1016.5
1016.72
1016.97
1017.19
1017.44
1017.65
1017.91
1018.12
1018.38
1018.59
1018.84
1019.06
1019.31
1019.53
1019.78
1019.99
1020.24
1020.46
1020.71
1020.93
1021.18
1021.4
1021.65
1021.87
1022.12
1022.34
1022.6
1022.82
1023.07
1023.29
1023.54
1023.76
1024.02
1024.24
1024.49
1024.71
1024.96
1025.18
1025.44
1025.66
1025.91
1026.13
1026.38
1026.6
1026.86
1027.08
1027.33
1027.55
1027.8
1028.02
1028.27
1028.63
1029
1029.35
1029.86
1030.2
1030.6
1031.07
1031.46
1031.84
1032.35
1032.7
1033.23
1033.58
1034.02
1034.49
1034.88
1035.45
1035.82
1036.23
1036.62
1037.04
1037.41
1037.75
1038.21
1038.57
1039.19
1039.54
1039.97
1040.33
1040.94
1041.31
1041.74
1042.13
1042.82
1043.22
1043.68
1044.12
1044.89
1045.35
1045.85
1046.36
1046.99
1047.51
1048.33
1048.86
1049.42
1049.96
1050.55
1051.18
1051.75
1052.3
1052.9
1053.45
1054.02
1054.55
1055.11
1055.61
1056.15
1056.63
1057.15
1057.62
1058.12
1058.57
1059.06
1059.51
1059.99
1060.42
1060.9
1061.33
1061.8
1062.24
1062.72
1063.17
1063.66
1064.11
1064.62
1065.08
1065.65
1066.11
1066.62
1067.14
1067.67
1068.25
1068.78
1069.27
1069.93
1070.42
1070.95
1071.5
1072.08
1072.72
1073.22
1073.82
1074.32
1074.85
1075.44
1075.98
1076.49
1077.1
1077.6
1078.12
1078.7
1079.21
1079.7
1080.29
1080.77
1081.28
1081.83
1082.33
1082.8
1083.38
1083.84
1084.33
1084.88
1085.37
1085.83
1086.29
1086.63
1087.02
1087.45
1087.84
1088.18
1088.67
1089.01
1089.43
1089.86
1090.28
1090.63
1091.15
1091.5
1091.95
1092.41
1092.77
1093.23
1093.68
1094.14
1094.52
1094.97
1095.45
1095.81
1096.37
1096.74
1097.23
1097.68
1098.16
1098.53
1098.99
1099.47
1099.85
1100.36
1100.74
1101.22
1101.61
1102.09
1102.47
1102.87
1103.25
1103.6
1104.09
1104.43
1104.93
1105.27
1105.77
1106.08
1106.55
1106.88
1107.23
1107.56
1107.92
1108.38
1108.7
1109.08
1109.42
1109.7
1110.06
1110.36
1110.71
1111
1111.42
1111.69
1112.01
1112.28
1112.63
1112.89
1113.22
1113.48
1113.83
1114.08
1114.38
1114.64
1114.94
1115.2
1115.49
1115.76
1116.03
1116.28
1116.57
1116.82
1117.08
1117.34
1117.6
1117.84
1118.12
1118.35
1118.6
1118.83
1119.1
1119.32
1119.57
1119.79
1120.05
1120.26
1120.51
1120.73
1120.98
1121.19
1121.44
1121.65
1121.9
1122.11
1122.37
1122.58
1122.85
1123.06
1123.33
1123.54
1123.81
1124.02
1124.3
1124.51
1124.8
1125
1125.3
1125.5
1125.8
1126
1126.3
1126.51
1126.81
1127.01
1127.32
1127.52
1127.83
1128.03
1128.34
1128.54
1128.85
1129.05
1129.36
1129.56
1129.88
1130.07
1130.39
1130.58
1130.9
1131.09
1131.41
1131.6
1131.92
1132.11
1132.43
1132.62
1132.94
1133.13
1133.44
1133.64
1133.95
1134.14
1134.45
1134.64
1134.94
1135.14
1135.43
1135.62
1135.92
1136.11
1136.39
1136.58
1136.86
1137.05
1137.32
1137.51
1137.77
1137.96
1138.22
1138.41
1138.66
1138.85
1139.1
1139.28
1139.53
1139.72
1139.96
1140.15
1140.39
1140.59
1140.83
1141.02
1141.26
1141.46
1141.69
1141.89
1142.13
1142.33
1142.57
1142.76
1143.01
1143.21
1143.45
1143.65
1143.89
1144.14
1144.37
1144.62
1144.86
1145.1
1145.34
1145.58
1145.83
1146.07
1146.31
1146.56
1146.8
1147.05
1147.3
1147.54
1147.81
1148.05
1148.32
1148.56
1148.85
1149.09
1149.38
1149.62
1149.92
1150.18
1150.48
1150.73
1151.06
1151.3
1151.64
1151.89
1152.24
1152.49
1152.86
1153.11
1153.47
1153.73
1154.12
1154.38
1154.78
1155.04
1155.45
1155.71
1156.14
1156.4
1156.84
1157.11
1157.54
1157.84
1158.28
1158.58
1159.04
1159.31
1159.82
1160.08
1160.59
1160.85
1161.39
1161.65
1162.2
1162.46
1163
1163.3
1163.83
1164.11
1164.7
1164.97
1165.54
1165.84
1166.21
1166.5
1166.74
1167.02
1167.25
1167.56
1167.81
1168.09
1168.33
1168.62
1168.86
1169.13
1169.38
1169.65
1169.89
1170.16
1170.4
1170.67
1170.9
1171.17
1171.4
1171.66
1171.9
1172.16
1172.39
1172.65
1172.89
1173.14
1173.36
1173.63
1173.85
1174.11
1174.34
1174.6
1174.82
1175.08
1175.3
1175.56
1175.78
1176.04
1176.26
1176.52
1176.74
1177
1177.22
1177.48
1177.71
1177.97
1178.19
1178.45
1178.68
1178.94
1179.16
1179.43
1179.66
1179.92
1180.15
1180.41
1180.64
1180.91
1181.14
1181.41
1181.65
1181.91
1182.15
1182.42
1182.65
1182.92
1183.16
1183.43
1183.67
1183.94
1184.17
1184.45
1184.68
1184.96
1185.2
1185.61
1185.97
1186.37
1186.82
1187.23
1187.73
1188.14
1188.64
1189.05
1189.53
1189.94
1190.46
1190.87
1191.39
1191.79
1192.38
1192.78
1193.27
1193.66
1194.19
1194.57
1194.92
1195.38
1195.73
1196.21
1196.57
1197.21
1197.55
1197.97
1198.32
1198.96
1199.31
1199.76
1200.18
1200.89
1201.28
1201.77
1202.19
1202.99
1203.44
1203.97
1204.48
1205.35
1205.85
1206.45
1206.98
1207.61
1208.5
1209.12
1209.65
1210.25
1210.78
1211.4
1211.96
1212.58
1213.12
1213.72
1214.22
1214.8
1215.28
1215.84
1216.31
1216.85
1217.3
1217.82
1218.26
1218.77
1219.2
1219.71
1220.12
1220.64
1221.04
1221.55
1221.96
1222.53
1222.94
1223.45
1223.88
1224.42
1224.89
1225.44
1225.96
1226.51
1226.97
1227.55
1228.03
1228.63
1229.18
1229.7
1230.28
1230.88
1231.37
1232
1232.57
1233.1
1233.61
1234.23
1234.75
1235.29
1235.88
1236.41
1236.91
1237.51
1238
1238.52
1239.08
1239.59
1240.06
1240.65
1241.12
1241.61
1242.16
1242.65
1243.12
1243.69
1244.15
1244.64
1245.19
1245.68
1246.04
1246.52
1246.87
1247.27
1247.7
1248.11
1248.47
1248.97
1249.33
1249.76
1250.21
1250.66
1251.03
1251.57
1251.95
1252.42
1252.89
1253.29
1253.77
1254.24
1254.73
1255.12
1255.62
1256.04
1256.43
1257.02
1257.42
1257.92
1258.39
1258.89
1259.29
1259.8
1260.27
1260.78
1261.17
1261.68
1262.1
1262.53
1262.95
1263.33
1263.87
1264.24
1264.79
1265.15
1265.68
1266.04
1266.52
1266.87
1267.27
1267.63
1268.03
1268.52
1268.9
1269.36
1269.74
1270.15
1270.51
1270.84
1271.21
1271.66
1272.02
1272.34
1272.71
1273.04
1273.38
1273.71
1274.05
1274.34
1274.73
1275
1275.33
1275.61
1275.96
1276.22
1276.55
1276.82
1277.14
1277.4
1277.7
1277.98
1278.27
1278.53
1278.83
1279.08
1279.36
1279.62
1279.9
1280.13
1280.41
1280.65
1280.93
1281.16
1281.42
1281.65
1281.91
1282.14
1282.4
1282.62
1282.87
1283.09
1283.35
1283.56
1283.83
1284.04
1284.31
1284.53
1284.81
1285.02
1285.31
1285.53
1285.82
1286.03
1286.33
1286.54
1286.85
1287.06
1287.37
1287.58
1287.9
1288.11
1288.43
1288.63
1288.96
1289.17
1289.5
1289.7
1290.04
1290.24
1290.57
1290.77
1291.11
1291.31
1291.65
1291.85
1292.19
1292.39
1292.73
1292.93
1293.27
1293.46
1293.8
1294
1294.34
1294.53
1294.88
1295.07
1295.41
1295.6
1295.94
1296.13
1296.46
1296.65
1296.98
1297.16
1297.49
1297.67
1297.99
1298.17
1298.48
1298.66
1298.96
1299.14
1299.43
1299.61
1299.89
1300.07
1300.35
1300.53
1300.79
1300.97
1301.23
1301.41
1301.67
1301.85
1302.1
1302.28
1302.52
1302.7
1302.95
1303.13
1303.36
1303.55
1303.78
1303.97
1304.2
1304.39
1304.62
1304.81
1305.04
1305.23
1305.47
1305.66
1305.9
1306.09
1306.32
1306.53
1306.76
1307
1307.24
1307.46
1307.72
1307.95
1308.21
1308.44
1308.7
1308.94
1309.21
1309.45
1309.73
1309.96
1310.26
1310.49
1310.8
1311.03
1311.35
1311.58
1311.91
1312.15
1312.49
1312.73
1313.09
1313.33
1313.68
1313.93
1314.31
1314.56
1314.94
1315.2
1315.58
1315.86
1316.25
1316.53
1316.93
1317.21
1317.63
1317.91
1318.34
1318.63
1319.07
1319.34
1319.8
1320.09
1320.57
1320.86
1321.35
1321.64
1322.14
1322.41
1322.93
1323.23
1323.76
1324.05
1324.59
1324.88
1325.43
1325.73
1326.3
1326.6
1326.91
1327.19
1327.5
1327.79
1328.04
1328.36
1328.59
1328.87
1329.13
1329.41
1329.65
1329.94
1330.18
1330.46
1330.7
1330.97
1331.21
1331.48
1331.71
1331.98
1332.21
1332.45
1332.68
1332.95
1333.18
1333.44
1333.67
1333.93
1334.16
1334.41
1334.65
1334.9
1335.14
1335.38
1335.61
1335.87
1336.1
1336.35
1336.57
1336.82
1337.05
1337.3
1337.53
1337.78
1338.01
1338.26
1338.49
1338.75
1338.97
1339.23
1339.46
1339.71
1339.94
1340.2
1340.43
1340.69
1340.92
1341.18
1341.41
1341.67
1341.9
1342.17
1342.4
1342.67
1342.9
1343.17
1343.4
1343.67
1343.91
1344.18
1344.41
1344.68
1344.92
1345.19
1345.42
1345.69
1345.93
1346.2
1346.44
1346.71
1346.95
1347.22
1347.6
1348.12
1348.61
1349.27
1349.76
1350.42
1350.93
1351.6
1352.1
1352.76
1353.27
1353.93
1354.5
1355.16
1355.7
1356.4
1356.92
1357.72
1358.23
1358.78
1359.3
1359.99
1360.5
1361.1
1361.7
1362.27
1362.79
1363.45
1363.98
1364.65
1365.2
1365.88
1366.44
1367.18
1367.8
1368.54
1369.17
1369.99
1370.68
1371.49
1372.21
1373.1
1373.84
1374.75
1375.51
1376.42
1377.22
1378.14
1378.92
1379.83
1380.61
1381.52
1382.28
1383.18
1383.93
1384.8
1385.53
1386.39
1387.09
1387.88
1388.57
1389.35
1390.01
1390.82
1391.48
1392.31
1393.01
1393.86
1394.59
1395.47
1396.26
1397.09
1398.09
1398.87
1399.61
1400.43
1401.26
1402.07
1402.82
1403.61
1404.34
1405.11
1405.76
1406.53
1407.18
1407.95
1408.61
1409.38
1410.05
1410.85
1411.54
1412.3
1413
1413.82
1414.53
1415.35
1416.07
1416.84
1417.67
1418.44
1419.22
1420.11
1420.89
1421.67
1422.54
1423.31
1424.09
1424.92
1425.71
1426.45
1427.13
1427.62
1428.2
1428.87
1429.45
1429.97
1430.69
1431.3
1431.94
1432.55
1433.23
1433.91
1434.56
1435.26
1435.84
1436.63
1437.23
1438.19
1438.88
1439.51
1440.29
1440.92
1441.62
1442.54
1443.39
1444.13
1445.06
1445.86
1446.64
1447.84
1448.61
1449.39
1450.36
1451.15
1451.94
1452.94
1453.74
1454.54
1455.56
1456.35
1457.34
1458.32
1459.1
1459.89
1460.77
1461.72
1462.73
1463.55
1464.44
1465.3
1466.44
1467.29
1468.15
1469.1
1470.15
1471.09
1471.94
1472.9
1473.96
1474.9
1475.8
1476.74
1477.67
1478.62
1479.73
1480.67
1481.57
1482.5
1483.42
1484.4
1485.32
1486.24
1487.17
1488.07
1489
1489.91
1490.83
1491.74
1492.65
1493.54
1494.45
1495.33
1496.23
1497.1
1498
1498.86
1499.74
1500.6
1501.47
1502.32
1503.18
1504.02
1504.87
1505.7
1506.55
1507.36
1508.2
1509
1509.83
1510.62
1511.43
1512.21
1513.02
1513.78
1514.57
1515.33
1516.11
1516.85
1517.62
1518.38
1519.11
1519.85
1520.56
1521.3
1521.99
1522.72
1523.4
1524.13
1524.8
1525.53
1526.19
1526.92
1527.57
1528.31
1528.94
1529.69
1530.31
1531.08
1531.69
1532.46
1533.06
1533.85
1534.44
1535.23
1535.81
1536.62
1537.19
1537.81
1538.4
1539.21
1539.76
1540.58
1541.11
1541.93
1542.45
1543.27
1543.78
1544.6
1545.1
1545.92
1546.41
1547.22
1547.7
1548.39
1548.86
1549.38
1550.19
1550.65
1551.12
1551.93
1552.37
1552.83
1553.62
1554.08
1554.53
1555.3
1555.74
1556.16
1556.9
1557.29
1557.69
1558.33
1558.72
1559.1
1559.48
1559.9
1560.28
1560.7
1561.08
1561.48
1561.86
1562.25
1562.63
1563.02
1563.4
1563.78
1564.16
1564.54
1564.91
1565.29
1565.67
1566.04
1566.42
1566.79
1567.16
1567.54
1567.91
1568.29
1568.66
1569.03
1569.41
1569.78
1570.16
1570.53
1570.91
1571.29
1571.66
1572.04
1572.42
1572.8
1573.18
1573.55
1573.94
1574.32
1574.71
1575.08
1575.46
1575.85
1576.23
1576.62
1577
1577.37
1577.77
1578.14
1578.52
1578.92
1579.29
1579.66
1580.06
1580.43
1580.81
1581.21
1581.58
1581.95
1582.35
1582.71
1583.09
1583.48
1583.85
1584.22
1584.61
1584.97
1585.34
1585.73
1586.09
1586.45
1586.84
1587.2
1587.56
1587.94
1588.3
1588.65
1589.02
1589.37
1589.73
1590.11
1590.45
1590.8
1591.15
1591.53
1591.87
1592.21
1592.56
1592.93
1593.27
1593.61
1593.95
1594.31
1594.65
1594.99
1595.36
1595.69
1596.02
1596.36
1596.73
1597.06
1597.39
1597.73
1598.07
1598.41
1598.75
1599.09
1599.43
1599.77
1600.11
1600.45
1600.79
1601.13
1601.48
1601.82
1602.18
1602.52
1602.86
1603.25
1603.58
1603.93
1604.28
1604.61
1605
1605.34
1605.67
1606.14
1606.47
1606.92
1607.25
1607.7
1608.02
1608.46
1608.79
1609.22
1609.54
1609.97
1610.28
1610.7
1611.01
1611.43
1611.74
1612.15
1612.46
1612.87
1613.18
1613.6
1613.9
1614.32
1614.62
1615.04
1615.35
1615.77
1616.08
1616.51
1616.81
1617.24
1617.54
1617.99
1618.29
1618.74
1619.04
1619.5
1619.8
1620.26
1620.56
1621.04
1621.34
1621.83
1622.13
1622.63
1622.93
1623.45
1623.75
1624.28
1624.58
1624.94
1625.24
1625.56
1625.91
1626.22
1626.56
1626.87
1627.22
1627.53
1627.88
1628.2
1628.55
1628.87
1629.22
1629.54
1629.9
1630.22
1630.58
1630.9
1631.26
1631.59
1631.95
1632.28
1632.65
1632.98
1633.35
1633.69
1634.06
1634.4
1634.77
1635.11
1635.49
1635.83
1636.2
1636.55
1636.92
1637.28
1637.65
1638.01
1638.38
1638.74
1639.11
1639.48
1639.85
1640.22
1640.59
1640.96
1641.33
1641.7
1642.08
1642.45
1643.08
1643.6
1644.14
1644.68
1645.23
1646.05
1646.6
1647.31
1647.91
1648.98
1649.58
1650.44
1651.33
1652.1
1653.05
1654.01
1655.03
1656.2
1657.1
1658.24
1659.57
1660.52
1661.83
1662.88
1663.99
1665
1666.11
1667.09
1668.06
1669.07
1670
1670.9
1671.85
1672.75
1673.69
1674.57
1675.53
1676.43
1677.43
1678.43
1679.5
1680.48
1681.51
1682.4
1683.35
1684.21
1685.16
1685.94
1686.82
1687.61
1688.54
1689.41
1690.43
1691.36
1692.35
1693.19
1694.12
1694.91
1695.81
1696.58
1697.45
1698.2
1699.06
1699.79
1700.62
1701.32
1702.13
1702.81
1703.61
1704.29
1705.11
1705.84
1706.8
1707.62
1708.55
1709.39
1710.34
1711.21
1712.19
1713.11
1714.07
1715.19
1716.08
1716.89
1717.86
1718.73
1719.67
1720.49
1721.41
1722.22
1723.12
1723.92
1724.87
1725.67
1726.63
1727.42
1728.3
1729.11
1730.19
1730.99
1731.83
1732.65
1733.57
1734.77
1735.64
1736.45
1737.26
1738.16
1739.11
1739.96
1741.14
1741.95
1742.82
1743.77
1744.68
1745.56
1746.56
1747.47
1748.32
1749.3
1749.93
1750.59
1751.47
1752.16
1752.93
1753.72
1754.36
1755.07
1755.78
1756.5
1757.25
1758.07
1758.68
1759.32
1760.17
1760.98
1761.67
1762.42
1763.22
1763.9
1764.78
1765.63
1766.37
1767.14
1768.08
1769.05
1769.82
1770.79
1771.58
1772.38
1773.56
1774.35
1775.15
1776.14
1776.96
1777.94
1778.89
1779.66
1780.43
1781.43
1782.45
1783.24
1784.23
1785.04
1785.87
1787.14
1787.97
1788.79
1789.84
1790.7
1791.83
1792.9
1793.75
1794.64
1795.62
1796.82
1797.69
1798.81
1799.69
1800.63
1801.85
1803
1803.89
1804.83
1805.76
1807.25
1808.16
1809.11
1810.03
1811.18
1812.27
1813.22
1814.24
1815.45
1816.69
1817.65
1818.6
1819.75
1820.73
1821.86
1822.81
1823.89
1824.98
1825.96
1827.17
1828.24
1829.2
1830.24
1831.23
1832.36
1833.33
1834.37
1835.38
1836.42
1837.45
1838.47
1839.47
1840.5
1841.5
1842.52
1843.52
1844.53
1845.51
1846.52
1847.49
1848.48
1849.45
1850.42
1851.37
1852.33
1853.26
1854.2
1855.11
1856.02
1856.91
1857.81
1858.67
1859.55
1860.39
1861.24
1862.06
1862.89
1863.69
1864.5
1865.27
1866.06
1866.84
1867.58
1868.33
1869.05
1869.79
1870.51
1871.2
1871.9
1872.57
1873.26
1873.94
1874.59
1875.25
1875.88
1876.55
1877.19
1877.8
1878.43
1879.02
1879.65
1880.23
1880.88
1881.45
1882.09
1882.66
1883.33
1883.89
1884.57
1885.12
1885.85
1886.4
1887.13
1887.67
1888.45
1888.98
1889.77
1890.31
1891.12
1891.65
1892.27
1892.83
1893.66
1894.21
1894.7
1895.62
1896.09
1896.64
1897.5
1898.01
1898.46
1899.34
1899.77
1900.23
1900.68
1901.53
1901.95
1902.38
1902.82
1903.63
1904.05
1904.47
1904.92
1905.49
1905.91
1906.32
1906.77
1907.28
1907.7
1908.12
1908.6
1909.01
1909.49
1909.9
1910.36
1910.77
1911.24
1911.64
1912.1
1912.5
1912.96
1913.36
1913.81
1914.21
1914.65
1915.05
1915.46
1915.89
1916.29
1916.72
1917.11
1917.52
1917.91
1918.33
1918.72
1919.13
1919.51
1919.89
1920.31
1920.68
1921.06
1921.45
1921.82
1922.22
1922.58
1922.95
1923.34
1923.7
1924.05
1924.44
1924.79
1925.14
1925.53
1925.87
1926.21
1926.59
1926.93
1927.26
1927.63
1927.96
1928.3
1928.64
1928.97
1929.33
1929.66
1929.98
1930.3
1930.61
1930.92
1931.22
1931.51
1931.8
1932.09
1932.38
1932.67
1932.96
1933.25
1933.54
1933.83
1934.13
1934.43
1934.72
1935.02
1935.32
1935.63
1935.93
1936.23
1936.54
1936.85
1937.16
1937.47
1937.78
1938.09
1938.4
1938.71
1939.03
1939.34
1939.66
1939.98
1940.29
1940.61
1940.93
1941.25
1941.57
1941.88
1942.2
1942.52
1942.84
1943.16
1943.48
1943.81
1944.13
1944.46
1944.79
1945.11
1945.44
1945.77
1946.1
1946.44
1946.77
1947.11
1947.45
1947.79
1948.13
1948.48
1948.82
1949.17
1949.52
1949.87
1950.21
1950.56
1950.91
1951.26
1951.62
1951.97
1952.33
1952.68
1953.04
1953.4
1953.76
1954.12
1954.49
1954.85
1955.21
1955.58
1955.94
1956.31
1956.68
1957.06
1957.43
1957.81
1958.18
1958.56
1958.93
1959.31
1959.68
1960.06
1960.43
1960.81
1961.18
1961.56
1961.94
1962.31
1962.69
1963.07
1963.45
1963.82
1964.2
1964.58
1964.96
1965.33
1965.71
1966.09
1966.47
1966.85
1967.23
1967.61
1967.99
1968.37
1968.75
1969.12
1969.49
1969.87
1970.24
1970.61
1970.98
1971.35
1971.72
1972.09
1972.46
1972.83
1973.19
1973.56
1973.93
1974.29
1974.65
1975.02
1975.38
1975.74
1976.11
1976.47
1976.84
1977.2
1977.57
1977.93
1978.28
1978.64
1978.99
1979.34
1979.7
1980.05
1980.4
1980.75
1981.1
1981.45
1981.79
1982.14
1982.49
1982.84
1983.18
1983.52
1983.87
1984.21
1984.55
1984.89
1985.24
1985.58
1985.93
1986.28
1986.62
1986.96
1987.3
1987.63
1987.97
1988.3
1988.64
1988.97
1989.3
1989.63
1989.96
1990.3
1990.63
1990.96
1991.29
1991.62
1991.95
1992.28
1992.6
1992.93
1993.25
1993.58
1993.91
1994.24
1994.57
1994.9
1995.23
1995.55
1995.87
1996.19
1996.51
1996.83
1997.14
1997.46
1997.78
1998.09
1998.41
1998.72
1999.04
1999.35
1999.66
1999.98
2000.29
2000.6
2000.91
2001.22
2001.52
2001.83
2002.14
2002.45
2002.77
2003.08
2003.4
2003.7
2004.01
2004.31
2004.61
2004.92
2005.22
2005.52
2005.82
2006.12
2006.42
2006.72
2007.02
2007.32
2007.62
2007.92
2008.22
2008.51
2008.81
2009.11
2009.41
2009.7
2010
2010.31
2010.61
2010.92
2011.23
2011.53
2011.83
2012.13
2012.43
2012.72
2013.02
2013.32
2013.62
2013.91
2014.21
2014.51
2014.81
2015.11
2015.41
2015.71
2016.01
2016.31
2016.61
2016.9
2017.2
2017.5
2017.8
2018.1
2018.41
2018.72
2019.02
2019.32
2019.88
2020.4
2020.93
2021.47
2022
2022.53
2023.05
2023.57
2024.07
2024.58
2025.09
2025.64
2026.15
2026.71
2027.29
2028.03
2028.71
2029.38
2030.23
2031.03
2031.89
2032.74
2033.99
2034.88
2035.86
2037.1
2038.11
2039.21
2040.33
2041.46
2042.54
2043.57
2044.66
2045.67
2046.74
2047.74
2048.81
2049.81
2050.88
2051.86
2052.93
2053.86
2054.93
2055.92
2056.88
2057.79
2058.75
2059.68
2060.65
2061.59
2062.54
2063.43
2064.35
2065.26
2066.22
2067.08
2068.06
2068.94
2069.9
2070.92
2072.01
2073.11
2074.21
2075.22
2076.23
2077.15
2078.09
2078.95
2079.83
2080.65
2081.51
2082.32
2083.16
2083.93
2084.77
2085.53
2086.39
2087.18
2088.02
2088.8
2089.62
2090.39
2091.21
2091.96
2092.76
2093.51
2094.3
2095.05
2095.85
2096.61
2097.42
2098.17
2098.97
2099.72
2100.52
2101.25
2102.04
2102.78
2103.56
2104.28
2105.06
2105.79
2106.57
2107.3
2108.08
2108.82
2109.61
2110.34
2111.11
2111.61
2112.15
2112.66
2113.12
2113.74
2114.19
2114.74
2115.28
2115.85
2116.32
2116.93
2117.55
2118.04
2118.73
2119.21
2119.72
2120.42
2120.89
2121.51
2122.07
2122.57
2123.2
2123.76
2124.24
2124.87
2125.43
2125.9
2126.62
2127.14
2127.69
2128.4
2128.95
2129.46
2130.19
2130.7
2131.24
2131.92
2132.46
2132.96
2133.59
2134.08
2134.55
2135.22
2135.67
2136.13
2136.59
2137.2
2137.65
2138.06
2138.52
2139.13
2139.58
2139.98
2140.44
2141.05
2141.5
2141.9
2142.36
2142.97
2143.42
2143.82
2144.27
2144.88
2145.33
2145.73
2146.18
2146.74
2147.18
2147.58
2148.01
2148.47
2148.9
2149.44
2149.89
2150.25
2150.68
2151.06
2151.57
2151.92
2152.32
2152.76
2153.14
2153.52
2153.96
2154.33
2154.72
2155.09
2155.51
2155.87
2156.29
2156.65
2157.09
2157.45
2157.9
2158.25
2158.72
2159.06
2159.56
2159.9
2160.4
2160.74
2161.27
2161.6
2162.15
2162.48
2163.05
2163.38
2163.95
2164.28
2164.88
2165.2
2165.81
2166.14
2166.75
2167.08
2167.7
2168.03
2168.66
2168.98
2169.43
2169.75
2170.07
2170.4
2170.73
2171.08
2171.42
2171.77
2172.11
2172.45
2172.79
2173.14
2173.48
2173.82
2174.16
2174.5
2174.84
2175.18
2175.52
2175.86
2176.2
2176.54
2176.88
2177.22
2177.56
2177.9
2178.24
2178.58
2178.92
2179.26
2179.6
2179.94
2180.28
2180.62
2180.96
2181.3
2181.64
2181.98
2182.32
2182.66
2183
2183.34
2183.68
2184.02
2184.36
2184.7
2185.04
2185.38
2185.72
2186.06
2186.4
2186.75
2187.09
2187.43
2187.77
2188.12
2188.46
2188.8
2189.15
2189.49
2189.84
2190.19
2190.53
2190.88
2191.23
2191.59
2191.94
2192.29
2192.65
2193.01
2193.37
2193.73
2194.09
2194.46
2194.83
2195.19
2195.57
2195.94
2196.31
2196.69
2197.07
2197.45
2197.83
2198.22
2198.61
2198.99
2199.39
2199.77
2200.17
2200.57
2200.96
2201.37
2201.77
2202.17
2202.58
2202.99
2203.41
2203.81
2204.23
2204.65
2205.07
2205.49
2205.92
2206.34
2206.76
2207.2
2207.63
2208.07
2208.5
2208.95
2209.39
2209.84
2210.28
2210.73
2211.17
2211.62
2212.08
2212.53
2212.99
2213.44
2213.92
2214.36
2214.86
2215.33
2215.82
2216.3
2216.79
2217.24
2217.76
2218.21
2218.73
2219.17
2219.67
2220.15
2220.64
2221.1
2221.59
2222.07
2222.55
2223.03
2223.51
2223.96
2224.47
2224.91
2225.42
2225.86
2226.34
2226.81
2227.28
2227.73
2228.22
2228.65
2229.16
2229.58
2230.05
2230.51
2230.97
2231.4
2231.89
2232.31
2232.77
2233.22
2233.67
2234.09
2234.54
2234.97
2235.42
2235.83
2236.31
2236.71
2237.15
2237.55
2238.02
2238.41
2238.84
2239.22
2239.65
2240.02
2240.42
2240.77
2241.16
2241.51
2241.89
2242.24
2242.62
2242.96
2243.33
2243.67
2244.05
2244.38
2244.76
2245.09
2245.46
2245.79
2246.16
2246.49
2246.86
2247.18
2247.55
2247.87
2248.23
2248.55
2248.9
2249.22
2249.57
2249.88
2250.23
2250.55
2250.89
2251.2
2251.55
2251.86
2252.21
2252.51
2252.87
2253.17
2253.54
2253.84
2254.22
2254.52
2254.92
2255.21
2255.64
2255.93
2256.37
2256.65
2257.11
2257.4
2257.88
2258.16
2258.66
2258.95
2259.47
2259.76
2260.31
2260.6
2261.17
2261.46
2262.05
2262.33
2262.66
2262.94
2263.24
2263.53
2263.83
2264.13
2264.44
2264.74
2265.04
2265.35
2265.65
2265.96
2266.26
2266.56
2266.87
2267.17
2267.48
2267.79
2268.1
2268.41
2268.73
2269.04
2269.35
2269.66
2269.97
2270.28
2270.58
2270.89
2271.19
2271.5
2271.81
2272.11
2272.42
2272.73
2273.03
2273.34
2273.65
2273.95
2274.25
2274.56
2274.86
2275.16
2275.46
2275.76
2276.06
2276.37
2276.67
2276.98
2277.28
2277.58
2277.87
2278.17
2278.46
2278.75
2279.04
2279.33
2279.62
2279.91
2280.2
2280.48
2280.77
2281.06
2281.35
2281.63
2281.92
2282.2
2282.48
2282.76
2283.04
2283.32
2283.61
2283.89
2284.18
2284.47
2284.75
2285.03
2285.3
2285.58
2285.85
2286.13
2286.4
2286.67
2286.95
2287.22
2287.49
2287.77
2288.04
2288.31
2288.59
2288.86
2289.13
2289.4
2289.67
2289.94
2290.21
2290.48
2290.75
2291.03
2291.31
2291.58
2291.86
2292.13
2292.4
2292.67
2292.94
2293.2
2293.47
2293.74
2294.01
2294.27
2294.54
2294.81
2295.08
2295.35
2295.62
2295.89
2296.16
2296.42
2296.69
2296.96
2297.22
2297.49
2297.76
2298.03
2298.31
2298.58
2298.85
2299.12
2299.39
2299.66
2299.92
2300.19
2300.46
2300.72
2300.99
2301.25
2301.52
2301.79
2302.06
2302.33
2302.59
2302.86
2303.13
2303.4
2303.67
2303.93
2304.2
2304.47
2304.74
2305.02
2305.3
2305.58
2305.86
2306.13
2306.41
2306.68
2306.95
2307.23
2307.5
2307.78
2308.31
2308.81
2309.32
2309.83
2310.35
2310.87
2311.38
2311.89
2312.4
2312.91
2313.43
2313.97
2314.52
2315.2
2315.78
2316.42
2317.05
2317.83
2318.51
2319.35
2320.16
2321.03
2321.95
2323.1
2324.06
2325.1
2326.28
2327.34
2328.43
2329.53
2330.61
2331.71
2332.78
2333.85
2334.91
2335.98
2337.03
2338.11
2339.17
2340.22
2341.25
2342.33
2343.42
2344.53
2345.56
2346.64
2347.65
2348.66
2349.63
2350.59
2351.51
2352.43
2353.38
2354.26
2355.18
2356.03
2356.93
2357.77
2358.62
2359.53
2360.42
2361.38
2362.35
2363.32
2364.24
2365.13
2365.98
2366.81
2367.6
2368.39
2369.14
2369.9
2370.63
2371.37
2372.1
2372.83
2373.55
2374.28
2375.01
2375.74
2376.48
2377.22
2377.97
2378.72
2379.48
2380.24
2381.01
2381.79
2382.57
2383.36
2384.17
2385
2385.82
2386.61
2387.42
2388.18
2388.97
2389.7
2390.47
2391.18
2391.92
2392.61
2393.35
2394.03
2394.75
2395.42
2396.14
2396.81
2397.53
2398.19
2398.91
2399.57
2400.29
2400.95
2401.67
2402.34
2403.04
2403.72
2404.46
2405.16
2405.85
2406.64
2407.33
2408.06
2408.84
2409.55
2410
2410.59
2411.04
2411.57
2412.1
2412.65
2413.12
2413.78
2414.27
2414.89
2415.46
2415.96
2416.57
2417.09
2417.66
2418.09
2418.78
2419.23
2419.75
2420.47
2421
2421.53
2422.35
2422.88
2423.43
2424.22
2424.84
2425.46
2426.28
2426.88
2427.53
2428.32
2428.97
2429.58
2430.42
2431.03
2431.68
2432.48
2433.14
2433.69
2434.47
2435.06
2435.67
2436.27
2437.07
2437.63
2438.23
2438.81
2439.61
2440.16
2440.74
2441.31
2442.09
2442.64
2443.22
2443.77
2444.55
2445.09
2445.68
2446.23
2447.02
2447.56
2448.15
2448.67
2449.32
2449.84
2450.46
2451.02
2451.57
2452.24
2452.78
2453.31
2453.85
2454.41
2454.96
2455.48
2456.07
2456.56
2457.14
2457.64
2458.17
2458.66
2459.2
2459.69
2460.21
2460.69
2461.21
2461.68
2462.2
2462.67
2463.19
2463.65
2464.18
2464.64
2465.19
2465.63
2466.19
2466.64
2467.22
2467.65
2468.25
2468.68
2469.29
2469.72
2470.35
2470.77
2471.42
2471.84
2472.3
2472.73
2473.4
2473.82
2474.51
2474.91
2475.34
2476.05
2476.45
2477.17
2477.56
2478.01
2478.44
2479.18
2479.56
2479.96
2480.71
2481.09
2481.47
2482.23
2482.6
2482.97
2483.74
2484.1
2484.47
2485.24
2485.6
2485.96
2486.6
2486.96
2487.31
2487.71
2488.48
2488.83
2489.18
2489.6
2490.03
2490.42
2491.18
2491.52
2491.86
2492.22
2492.97
2493.3
2493.64
2493.98
2494.35
2494.7
2495.07
2495.42
2495.78
2496.12
2496.47
2496.81
2497.16
2497.5
2497.84
2498.18
2498.52
2498.86
2499.19
2499.53
2499.87
2500.21
2500.54
2500.88
2501.22
2501.56
2501.9
2502.25
2502.59
2502.93
2503.27
2503.62
2503.96
2504.31
2504.66
2505.01
2505.36
2505.71
2506.07
2506.42
2506.78
2507.14
2507.49
2507.86
2508.22
2508.58
2508.95
2509.32
2509.7
2510.07
2510.44
2510.82
2511.2
2511.58
2511.96
2512.34
2512.74
2513.13
2513.52
2513.91
2514.31
2514.72
2515.11
2515.53
2515.93
2516.33
2516.75
2517.16
2517.59
2518
2518.42
2518.85
2519.27
2519.69
2520.14
2520.56
2521.01
2521.43
2521.86
2522.32
2522.75
2523.2
2523.64
2524.08
2524.54
2524.98
2525.42
2525.89
2526.33
2526.8
2527.24
2527.68
2528.16
2528.6
2529.07
2529.52
2529.97
2530.44
2530.89
2531.36
2531.81
2532.26
2532.74
2533.18
2533.65
2534.09
2534.57
2535.01
2535.46
2535.94
2536.38
2536.82
2537.3
2537.73
2538.17
2538.63
2539.08
2539.51
2539.97
2540.41
2540.83
2541.29
2541.73
2542.15
2542.66
2543.08
2543.55
2543.99
2544.45
2544.86
2545.35
2545.75
2546.2
2546.63
2547.07
2547.46
2547.91
2548.3
2548.76
2549.14
2549.57
2549.94
2550.35
2550.71
2551.12
2551.46
2551.85
2552.18
2552.57
2552.9
2553.28
2553.6
2553.98
2554.3
2554.67
2554.99
2555.36
2555.67
2556.04
2556.35
2556.71
2557.02
2557.38
2557.69
2558.05
2558.36
2558.72
2559.02
2559.4
2559.7
2560.07
2560.37
2560.76
2561.06
2561.46
2561.76
2562.17
2562.46
2562.89
2563.18
2563.62
2563.91
2564.36
2564.65
2565.12
2565.4
2565.89
2566.18
2566.68
2566.97
2567.49
2567.77
2568.31
2568.6
2569.15
2569.43
2570.01
2570.29
2570.88
2571.17
2571.57
2571.86
2572.15
2572.44
2572.73
2573.03
2573.33
2573.64
2573.94
2574.24
2574.55
2574.85
2575.16
2575.47
2575.77
2576.08
2576.39
2576.7
2577.01
2577.32
2577.62
2577.93
2578.24
2578.55
2578.86
2579.17
2579.48
2579.8
2580.11
2580.42
2580.73
2581.04
2581.34
2581.65
2581.95
2582.26
2582.56
2582.87
2583.17
2583.47
2583.78
2584.08
2584.38
2584.68
2584.99
2585.28
2585.58
2585.88
2586.18
2586.47
2586.77
2587.07
2587.37
2587.68
2587.98
2588.27
2588.57
2588.86
2589.15
2589.44
2589.73
2590.02
2590.3
2590.59
2590.88
2591.17
2591.45
2591.74
2592.03
2592.31
2592.6
2592.88
2593.16
2593.45
2593.73
2594.01
2594.29
2594.58
2594.87
2595.16
2595.44
2595.73
2596.01
2596.29
2596.57
2596.85
2597.13
2597.4
2597.68
2597.96
2598.23
2598.51
2598.79
2599.07
2599.35
2599.62
2599.9
2600.18
2600.45
2600.73
2601
2601.28
2601.55
2601.83
2602.11
2602.4
2602.68
2602.96
2603.24
2603.51
2603.79
2604.06
2604.33
2604.6
2604.88
2605.15
2605.42
2605.69
2605.96
2606.24
2606.51
2606.78
2607.05
2607.33
2607.6
2607.87
2608.14
2608.41
2608.68
2608.95
2609.23
2609.51
2609.79
2610.07
2610.34
2610.62
2610.89
2611.16
2611.43
2611.7
2611.98
2612.25
2612.52
2612.8
2613.07
2613.35
2613.63
2614.16
2614.66
2615.18
2615.7
2616.22
2616.75
2617.26
2617.78
2618.29
2618.8
2619.31
2619.85
2620.36
2620.95
2621.48
2622.08
2622.77
2623.49
2624.13
2624.98
2625.7
2626.56
2627.43
2628.36
2629.32
2630.33
2631.36
2632.44
2633.52
2634.61
2635.68
2636.77
2637.84
2638.93
2640.01
2641.1
2642.18
2643.28
2644.35
2645.43
2646.48
2647.54
2648.58
2649.67
2650.8
2651.86
2652.88
2653.89
2654.85
2655.8
2656.71
2657.62
2658.53
2659.42
2660.33
2661.16
2662.05
2662.86
2663.69
2664.53
2665.4
2666.26
2667.16
2668.1
2669.01
2669.91
2670.76
2671.6
2672.4
2673.19
2673.95
2674.71
2675.45
2676.2
2676.92
2677.66
2678.38
2679.11
2679.83
2680.57
2681.3
2682.04
2682.78
2683.54
2684.29
2685.05
2685.82
2686.6
2687.38
2688.18
2688.98
2689.81
2690.63
2691.48
2692.3
2693.06
2693.86
2694.6
2695.37
2696.08
2696.84
2697.53
2698.27
2698.95
2699.68
2700.35
2701.07
2701.74
2702.46
2703.12
2703.83
2704.5
2705.21
2705.87
2706.55
2707.22
2707.94
2708.61
2709.31
2710
2710.75
2711.45
2712.13
2712.93
2713.61
2714.33
2714.85
2715.35
2715.8
2716.4
2716.84
2717.39
2717.94
2718.5
2718.98
2719.7
2720.18
2720.68
2721.39
2721.86
2722.5
2723.01
2723.61
2724.05
2724.66
2725.28
2725.77
2726.41
2727.1
2727.66
2728.23
2729.06
2729.66
2730.34
2731.15
2731.8
2732.45
2733.29
2733.94
2734.6
2735.44
2736.09
2736.76
2737.59
2738.29
2738.86
2739.72
2740.32
2740.94
2741.6
2742.26
2743.04
2743.67
2744.27
2744.92
2745.7
2746.33
2746.91
2747.55
2748.33
2748.95
2749.53
2750.16
2750.94
2751.56
2752.14
2752.75
2753.55
2754.15
2754.76
2755.34
2756.01
2756.6
2757.29
2757.89
2758.48
2759.07
2759.75
2760.31
2760.92
2761.55
2762.13
2762.73
2763.36
2763.92
2764.51
2765.09
2765.68
2766.24
2766.83
2767.38
2767.96
2768.5
2769.07
2769.6
2770.17
2770.69
2771.25
2771.76
2772.31
2772.82
2773.37
2773.87
2774.42
2774.92
2775.47
2775.96
2776.53
2777.01
2777.59
2778.07
2778.65
2779.13
2779.73
2780.19
2780.8
2781.27
2781.89
2782.34
2782.97
2783.42
2784.07
2784.51
2785.16
2785.6
2786.26
2786.69
2787.36
2787.79
2788.47
2788.89
2789.34
2790.03
2790.44
2791.15
2791.55
2791.99
2792.71
2793.1
2793.83
2794.22
2794.66
2795.24
2795.62
2796.01
2796.75
2797.13
2797.52
2798.27
2798.64
2799.02
2799.78
2800.15
2800.52
2801.28
2801.65
2802.02
2802.78
2803.15
2803.51
2804.27
2804.63
2804.99
2805.49
2805.84
2806.22
2806.95
2807.3
2807.64
2808
2808.39
2808.74
2809.11
2809.46
2809.83
2810.18
2810.53
2810.89
2811.24
2811.59
2811.93
2812.29
2812.63
2812.98
2813.33
2813.68
2814.03
2814.38
2814.73
2815.08
2815.43
2815.79
2816.15
2816.5
2816.86
2817.21
2817.58
2817.94
2818.3
2818.66
2819.02
2819.39
2819.75
2820.13
2820.49
2820.86
2821.24
2821.61
2821.99
2822.36
2822.74
2823.13
2823.5
2823.9
2824.28
2824.66
2825.06
2825.44
2825.84
2826.23
2826.62
2827.03
2827.42
2827.84
2828.23
2828.63
2829.05
2829.45
2829.87
2830.27
2830.68
2831.11
2831.52
2831.95
2832.36
2832.78
2833.22
2833.63
2834.08
2834.49
2834.92
2835.36
2835.78
2836.23
2836.66
2837.08
2837.54
2837.96
2838.41
2838.84
2839.3
2839.72
2840.15
2840.61
2841.04
2841.48
2841.93
2842.38
2842.81
2843.27
2843.7
2844.13
2844.59
2845.02
2845.45
2845.91
2846.34
2846.77
2847.23
2847.66
2848.08
2848.54
2848.96
2849.39
2849.84
2850.26
2850.68
2851.11
2851.52
2851.96
2852.37
2852.79
2853.22
2853.64
2854.03
2854.44
2854.87
2855.27
2855.66
2856.05
2856.48
2856.85
2857.24
2857.61
2858.01
2858.37
2858.71
2859.06
2859.39
2859.73
2860.06
2860.39
2860.71
2861.03
2861.35
2861.67
2861.98
2862.29
2862.6
2862.94
2863.25
2863.6
2863.91
2864.26
2864.56
2864.92
2865.22
2865.58
2865.87
2866.24
2866.53
2866.91
2867.2
2867.58
2867.87
2868.27
2868.57
2868.99
2869.28
2869.71
2870
2870.44
2870.73
2871.19
2871.47
2871.95
2872.23
2872.73
2873.01
2873.53
2873.81
2874.34
2874.63
2875.18
2875.46
2876.03
2876.31
2876.9
2877.18
2877.55
2877.83
2878.12
2878.41
2878.71
2879.01
2879.32
2879.62
2879.92
2880.22
2880.52
2880.82
2881.12
2881.43
2881.73
2882.03
2882.34
2882.64
2882.95
2883.25
2883.56
2883.87
2884.17
2884.48
2884.78
2885.08
2885.39
2885.7
2886
2886.32
2886.63
2886.94
2887.25
2887.55
2887.86
2888.16
2888.46
2888.76
2889.06
2889.36
2889.66
2889.96
2890.26
2890.56
2890.86
2891.16
2891.46
2891.76
2892.05
2892.35
2892.64
2892.93
2893.23
2893.52
2893.82
2894.12
2894.42
2894.72
2895.01
2895.3
2895.59
2895.88
2896.17
2896.45
2896.74
2897.02
2897.31
2897.6
2897.88
2898.17
2898.45
2898.74
2899.02
2899.3
2899.59
2899.87
2900.15
2900.43
2900.71
2900.99
2901.28
2901.56
2901.85
2902.14
2902.42
2902.71
2902.99
2903.27
2903.54
2903.82
2904.1
2904.38
2904.65
2904.93
2905.21
2905.49
2905.77
2906.05
2906.33
2906.61
2906.88
2907.16
2907.44
2907.72
2907.99
2908.27
2908.55
2908.83
2909.12
2909.41
2909.69
2909.97
2910.25
2910.53
2910.8
2911.08
2911.35
2911.63
2911.9
2912.18
2912.45
2912.73
2913.01
2913.28
2913.56
2913.83
2914.11
2914.38
2914.66
2914.93
2915.2
2915.48
2915.75
2916.03
2916.32
2916.6
2916.88
2917.16
2917.43
2917.71
2917.98
2918.26
2918.53
2918.81
2919.08
2919.36
2919.64
2919.91
2920.19
2920.47
2920.75
2921.03
2921.31
2921.59
2921.87
2922.15
2922.43
2922.71
2923.25
2923.77
2924.3
2924.84
2925.36
2925.9
2926.42
2926.94
2927.45
2927.96
2928.46
2928.99
2929.5
2930.07
2930.59
2931.17
2931.83
2932.48
2933.12
2933.91
2934.64
2935.43
2936.36
2937.23
2938.23
2939.18
2940.25
2941.27
2942.39
2943.42
2944.53
2945.56
2946.67
2947.71
2948.82
2949.85
2950.96
2952
2953.09
2954.1
2955.15
2956.14
2957.18
2958.16
2959.21
2960.19
2961.23
2962.18
2963.16
2964.06
2965
2965.85
2966.73
2967.52
2968.37
2969.13
2969.96
2970.8
2971.63
2972.47
2973.3
2974.18
2975.05
2975.93
2976.85
2977.7
2978.59
2979.38
2980.21
2980.96
2981.76
2982.46
2983.24
2983.92
2984.67
2985.34
2986.09
2986.75
2987.5
2988.16
2988.91
2989.58
2990.34
2991.01
2991.79
2992.48
2993.27
2993.97
2994.77
2995.49
2996.31
2997.06
2997.91
2998.69
2999.58
3000.34
3001.17
3001.92
3002.72
3003.44
3004.21
3004.92
3005.66
3006.34
3007.07
3007.75
3008.47
3009.13
3009.84
3010.5
3011.2
3011.85
3012.56
3013.21
3013.91
3014.56
3015.24
3015.9
3016.61
3017.26
3017.91
3018.67
3019.32
3020.02
3020.76
3021.46
3022.14
3022.93
3023.35
3023.85
3024.37
3024.87
3025.31
3025.93
3026.38
3026.93
3027.48
3028.11
3028.59
3029.17
3029.78
3030.25
3030.96
3031.42
3032.07
3032.62
3033.1
3033.69
3034.25
3034.69
3035.33
3035.89
3036.39
3037.12
3037.7
3038.33
3039.11
3039.76
3040.36
3041.18
3041.78
3042.43
3043.22
3043.86
3044.46
3045.3
3045.9
3046.49
3047.2
3047.79
3048.35
3049.14
3049.71
3050.3
3050.85
3051.64
3052.18
3052.75
3053.3
3054.07
3054.6
3055.16
3055.7
3056.45
3056.98
3057.53
3058.06
3058.72
3059.24
3059.8
3060.33
3061.09
3061.6
3062.15
3062.65
3063.23
3063.79
3064.32
3064.85
3065.4
3065.91
3066.49
3066.97
3067.55
3068.03
3068.57
3069.09
3069.61
3070.08
3070.64
3071.11
3071.63
3072.1
3072.64
3073.11
3073.66
3074.12
3074.68
3075.14
3075.71
3076.16
3076.75
3077.19
3077.8
3078.24
3078.85
3079.29
3079.93
3080.36
3081.01
3081.43
3082.1
3082.53
3083
3083.43
3084.12
3084.54
3085.25
3085.66
3086.1
3086.83
3087.23
3087.78
3088.18
3088.59
3089.28
3089.68
3090.07
3090.49
3091.25
3091.64
3092.03
3092.64
3093.02
3093.39
3093.81
3094.59
3094.96
3095.33
3095.77
3096.21
3096.61
3097.39
3097.75
3098.11
3098.51
3099.29
3099.64
3099.99
3100.38
3101.15
3101.5
3101.85
3102.23
3102.99
3103.33
3103.68
3104.06
3104.82
3105.16
3105.5
3105.87
3106.6
3106.94
3107.28
3107.63
3108.03
3108.37
3108.74
3109.09
3109.45
3109.8
3110.15
3110.5
3110.85
3111.2
3111.54
3111.89
3112.23
3112.58
3112.92
3113.27
3113.61
3113.96
3114.3
3114.65
3114.99
3115.34
3115.69
3116.04
3116.39
3116.74
3117.09
3117.45
3117.8
3118.16
3118.51
3118.88
3119.23
3119.6
3119.96
3120.32
3120.69
3121.06
3121.43
3121.8
3122.17
3122.55
3122.93
3123.32
3123.69
3124.07
3124.47
3124.85
3125.25
3125.64
3126.03
3126.44
3126.83
3127.24
3127.64
3128.04
3128.46
3128.86
3129.29
3129.69
3130.11
3130.54
3130.95
3131.39
3131.8
3132.23
3132.67
3133.09
3133.54
3133.96
3134.4
3134.85
3135.28
3135.73
3136.16
3136.6
3137.06
3137.5
3137.96
3138.4
3138.84
3139.3
3139.74
3140.21
3140.65
3141.09
3141.56
3142
3142.48
3142.92
3143.36
3143.83
3144.27
3144.74
3145.18
3145.62
3146.1
3146.53
3147
3147.43
3147.87
3148.34
3148.77
3149.21
3149.65
3150.08
3150.55
3150.97
3151.39
3151.84
3152.3
3152.71
3153.21
3153.61
3154.07
3154.51
3154.96
3155.36
3155.84
3156.24
3156.67
3157.1
3157.53
3157.92
3158.38
3158.76
3159.18
3159.57
3160
3160.37
3160.8
3161.14
3161.54
3161.88
3162.28
3162.6
3162.99
3163.31
3163.7
3164.01
3164.39
3164.7
3165.08
3165.39
3165.76
3166.07
3166.44
3166.74
3167.11
3167.42
3167.79
3168.09
3168.46
3168.75
3169.13
3169.42
3169.8
3170.09
3170.47
3170.77
3171.16
3171.45
3171.85
3172.15
3172.56
3172.85
3173.27
3173.56
3173.99
3174.28
3174.72
3175.01
3175.47
3175.75
3176.23
3176.51
3177
3177.29
3177.79
3178.08
3178.6
3178.88
3179.42
3179.7
3180.25
3180.53
3181.11
3181.39
3181.98
3182.27
3182.79
3183.07
3183.35
3183.63
3183.92
3184.21
3184.5
3184.8
3185.1
3185.4
3185.71
3186.01
3186.31
3186.62
3186.92
3187.22
3187.53
3187.83
3188.13
3188.44
3188.74
3189.05
3189.35
3189.66
3189.97
3190.28
3190.59
3190.9
3191.2
3191.51
3191.81
3192.11
3192.42
3192.72
3193.02
3193.32
3193.62
3193.93
3194.23
3194.53
3194.83
3195.13
3195.43
3195.73
3196.02
3196.32
3196.62
3196.91
3197.21
3197.51
3197.82
3198.12
3198.42
3198.71
3199.01
3199.3
3199.59
3199.88
3200.17
3200.46
3200.75
3201.04
3201.32
3201.61
3201.9
3202.19
3202.48
3202.77
3203.05
3203.34
3203.62
3203.91
3204.19
3204.48
3204.77
3205.06
3205.35
3205.64
3205.93
3206.22
3206.5
3206.78
3207.07
3207.35
3207.63
3207.91
3208.19
3208.47
3208.76
3209.04
3209.32
3209.61
3209.89
3210.17
3210.45
3210.74
3211.02
3211.3
3211.58
3211.86
3212.14
3212.43
3212.72
3213.01
3213.29
3213.58
3213.86
3214.14
3214.42
3214.69
3214.97
3215.25
3215.53
3215.8
3216.08
3216.36
3216.64
3216.92
3217.19
3217.47
3217.75
3218.02
3218.3
3218.57
3218.85
3219.12
3219.4
3219.68
3219.97
3220.25
3220.54
3220.82
3221.09
3221.37
3221.65
3221.92
3222.2
3222.47
3222.75
3223.03
3223.31
3223.59
3223.87
3224.15
3224.43
3224.71
3225.25
3225.76
3226.27
3226.81
3227.33
3227.87
3228.39
3228.91
3229.42
3229.93
3230.44
3230.98
3231.49
3232.07
3232.6
3233.2
3233.88
3234.52
3235.17
3236.01
3236.71
3237.55
3238.4
3239.31
3240.23
3241.21
3242.2
3243.24
3244.29
3245.36
3246.42
3247.5
3248.56
3249.64
3250.7
3251.77
3252.81
3253.86
3254.88
3255.9
3256.9
3257.9
3258.89
3259.91
3260.93
3261.93
3262.89
3263.84
3264.74
3265.65
3266.51
3267.35
3268.16
3268.97
3269.75
3270.55
3271.4
3272.18
3273.03
3273.81
3274.63
3275.48
3276.36
3277.25
3278.12
3278.97
3279.78
3280.58
3281.34
3282.1
3282.83
3283.56
3284.27
3284.99
3285.69
3286.4
3287.1
3287.8
3288.51
3289.22
3289.93
3290.65
3291.37
3292.1
3292.84
3293.59
3294.34
3295.1
3295.87
3296.64
3297.43
3298.23
3299.05
3299.88
3300.7
3301.53
3302.35
3303.09
3303.88
3304.6
3305.36
3306.06
3306.79
3307.47
3308.19
3308.86
3309.58
3310.23
3310.94
3311.6
3312.3
3312.95
3313.65
3314.3
3315
3315.65
3316.32
3316.98
3317.7
3318.36
3319.02
3319.78
3320.44
3321.15
3321.91
3322.62
3323.31
3324.1
3324.54
3325.04
3325.57
3326.08
3326.53
3327.16
3327.62
3328.18
3328.74
3329.35
3329.84
3330.42
3331.05
3331.51
3332.23
3332.69
3333.3
3333.81
3334.31
3334.91
3335.45
3335.95
3336.6
3337.24
3337.74
3338.47
3339.07
3339.69
3340.47
3341.12
3341.71
3342.52
3343.14
3343.78
3344.57
3345.22
3345.82
3346.64
3347.25
3347.85
3348.58
3349.16
3349.72
3350.56
3351.1
3351.68
3352.26
3353.05
3353.6
3354.18
3354.73
3355.51
3356.05
3356.62
3357.16
3357.93
3358.46
3359.02
3359.55
3360.3
3360.83
3361.39
3361.92
3362.51
3363.05
3363.7
3364.2
3364.74
3365.38
3365.9
3366.41
3366.97
3367.51
3368.05
3368.56
3369.14
3369.63
3370.16
3370.69
3371.22
3371.7
3372.23
3372.71
3373.25
3373.72
3374.25
3374.73
3375.27
3375.73
3376.29
3376.74
3377.31
3377.76
3378.35
3378.79
3379.39
3379.83
3380.45
3380.88
3381.51
3381.94
3382.6
3383.02
3383.69
3384.11
3384.8
3385.22
3385.66
3386.29
3386.71
3387.13
3387.62
3388.03
3388.55
3388.95
3389.37
3390.12
3390.52
3390.93
3391.69
3392.08
3392.47
3393.24
3393.63
3394.01
3394.79
3395.17
3395.54
3396.08
3396.46
3396.84
3397.62
3397.99
3398.35
3398.76
3399.54
3399.89
3400.25
3400.65
3401.42
3401.78
3402.13
3402.52
3403.29
3403.64
3403.98
3404.37
3405.13
3405.48
3405.82
3406.21
3406.96
3407.3
3407.64
3408
3408.74
3409.07
3409.41
3409.75
3410.13
3410.48
3410.85
3411.2
3411.55
3411.9
3412.25
3412.6
3412.94
3413.29
3413.63
3413.98
3414.32
3414.67
3415.01
3415.36
3415.7
3416.05
3416.4
3416.74
3417.09
3417.44
3417.79
3418.14
3418.49
3418.84
3419.2
3419.55
3419.91
3420.26
3420.63
3420.98
3421.35
3421.71
3422.07
3422.45
3422.81
3423.19
3423.56
3423.93
3424.31
3424.69
3425.07
3425.45
3425.84
3426.23
3426.62
3427.01
3427.4
3427.8
3428.2
3428.6
3429.01
3429.41
3429.81
3430.23
3430.64
3431.06
3431.47
3431.89
3432.32
3432.73
3433.17
3433.59
3434.01
3434.46
3434.88
3435.33
3435.75
3436.19
3436.65
3437.08
3437.51
3437.97
3438.4
3438.87
3439.3
3439.75
3440.22
3440.65
3441.1
3441.57
3442.01
3442.48
3442.92
3443.36
3443.83
3444.28
3444.75
3445.19
3445.63
3446.11
3446.55
3447.02
3447.45
3447.89
3448.36
3448.8
3449.27
3449.69
3450.14
3450.59
3451.02
3451.47
3451.9
3452.37
3452.78
3453.2
3453.65
3454.08
3454.49
3454.98
3455.39
3455.84
3456.28
3456.72
3457.12
3457.6
3457.99
3458.42
3458.84
3459.27
3459.65
3460.11
3460.49
3460.91
3461.29
3461.72
3462.08
3462.48
3462.82
3463.22
3463.55
3463.94
3464.26
3464.65
3464.96
3465.35
3465.66
3466.04
3466.35
3466.73
3467.03
3467.41
3467.71
3468.08
3468.38
3468.76
3469.06
3469.43
3469.73
3470.1
3470.4
3470.77
3471.07
3471.45
3471.74
3472.13
3472.42
3472.82
3473.12
3473.53
3473.82
3474.24
3474.53
3474.96
3475.24
3475.68
3475.97
3476.42
3476.7
3477.17
3477.46
3477.94
3478.23
3478.73
3479.01
3479.52
3479.8
3480.33
3480.61
3481.16
3481.44
3482
3482.29
3482.87
3483.16
3483.58
3483.87
3484.15
3484.43
3484.72
3485
3485.3
3485.59
3485.89
3486.19
3486.49
3486.79
3487.09
3487.39
3487.69
3487.99
3488.29
3488.59
3488.89
3489.2
3489.5
3489.8
3490.1
3490.41
3490.72
3491.03
3491.33
3491.64
3491.94
3492.25
3492.55
3492.85
3493.15
3493.45
3493.75
3494.05
3494.35
3494.65
3494.95
3495.25
3495.55
3495.84
3496.14
3496.44
3496.74
3497.03
3497.33
3497.62
3497.92
3498.21
3498.51
3498.82
3499.12
3499.41
3499.71
3500
3500.29
3500.58
3500.87
3501.15
3501.44
3501.73
3502.02
3502.3
3502.59
3502.88
3503.17
3503.46
3503.74
3504.03
3504.31
3504.6
3504.88
3505.16
3505.45
3505.74
3506.03
3506.32
3506.61
3506.9
3507.19
3507.47
3507.75
3508.03
3508.32
3508.6
3508.88
3509.16
3509.44
3509.73
3510.01
3510.29
3510.58
3510.86
3511.14
3511.43
3511.71
3511.99
3512.27
3512.55
3512.83
3513.12
3513.41
3513.7
3513.99
3514.27
3514.56
3514.84
3515.12
3515.4
3515.68
3515.96
3516.23
3516.51
3516.79
3517.07
3517.35
3517.63
3517.91
3518.19
3518.47
3518.74
3519.02
3519.3
3519.57
3519.85
3520.13
3520.41
3520.69
3520.98
3521.26
3521.55
3521.83
3522.11
3522.38
3522.66
3522.94
3523.21
3523.49
3523.77
3524.05
3524.33
3524.61
3524.89
3525.17
3525.46
3525.74
3526.02
3526.3
3526.58
3526.87
3527.15
3527.69
3528.21
3528.73
3529.28
3529.8
3530.34
3530.86
3531.39
3531.89
3532.41
3532.91
3533.45
3533.96
3534.54
3535.06
3535.64
3536.22
3536.84
3537.59
3538.28
3538.99
3539.84
3540.62
3541.59
3542.45
3543.49
3544.42
3545.51
3546.51
3547.63
3548.64
3549.77
3550.79
3551.92
3552.93
3554.05
3555.06
3556.15
3557.13
3558.2
3559.16
3560.21
3561.15
3562.2
3563.14
3564.18
3565.1
3566.08
3566.95
3567.9
3568.72
3569.61
3570.38
3571.23
3571.96
3572.78
3573.49
3574.31
3575.11
3575.94
3576.76
3577.61
3578.46
3579.37
3580.18
3581.09
3581.86
3582.71
3583.43
3584.24
3584.92
3585.71
3586.36
3587.13
3587.77
3588.53
3589.16
3589.92
3590.55
3591.31
3591.95
3592.72
3593.36
3594.14
3594.79
3595.6
3596.27
3597.08
3597.77
3598.6
3599.3
3600.17
3600.9
3601.79
3602.53
3603.43
3604.15
3605.07
3605.77
3606.59
3607.28
3608.06
3608.73
3609.49
3610.13
3610.88
3611.51
3612.25
3612.87
3613.6
3614.22
3614.94
3615.56
3616.28
3616.9
3617.62
3618.23
3618.92
3619.54
3620.27
3620.89
3621.63
3622.27
3622.95
3623.69
3624.38
3625.06
3625.84
3626.51
3627.23
3627.78
3628.22
3628.72
3629.25
3629.77
3630.22
3630.86
3631.32
3631.91
3632.49
3633.11
3633.57
3634.17
3634.77
3635.27
3635.95
3636.42
3636.99
3637.56
3638.02
3638.65
3639.24
3639.74
3640.47
3640.99
3641.62
3642.4
3643.06
3643.66
3644.47
3645.08
3645.74
3646.52
3647.15
3647.77
3648.6
3649.21
3649.87
3650.65
3651.23
3651.81
3652.52
3653.1
3653.71
3654.45
3655.04
3655.59
3656.2
3656.95
3657.53
3658.07
3658.65
3659.4
3659.96
3660.5
3661.07
3661.81
3662.36
3662.9
3663.45
3664.07
3664.61
3665.2
3665.75
3666.36
3666.88
3667.49
3668.03
3668.57
3669.15
3669.68
3670.22
3670.78
3671.31
3671.85
3672.35
3672.93
3673.42
3673.95
3674.47
3674.99
3675.47
3675.99
3676.48
3677.01
3677.49
3678.03
3678.5
3679.06
3679.52
3680.1
3680.55
3681.14
3681.59
3682.2
3682.65
3683.28
3683.71
3684.37
3684.8
3685.46
3685.9
3686.58
3687.01
3687.46
3688.03
3688.45
3688.87
3689.32
3689.9
3690.31
3690.72
3691.17
3691.73
3692.13
3692.54
3693.26
3693.66
3694.06
3694.46
3695.26
3695.65
3696.04
3696.46
3697.27
3697.65
3698.02
3698.43
3699.24
3699.61
3699.98
3700.37
3701.18
3701.54
3701.9
3702.28
3703.08
3703.44
3703.8
3704.17
3704.96
3705.32
3705.67
3706.04
3706.82
3707.17
3707.52
3707.89
3708.66
3709.01
3709.35
3709.72
3710.48
3710.82
3711.16
3711.51
3711.98
3712.32
3712.66
3713.03
3713.4
3713.76
3714.12
3714.47
3714.82
3715.17
3715.52
3715.87
3716.22
3716.57
3716.91
3717.26
3717.6
3717.95
3718.3
3718.64
3718.99
3719.34
3719.69
3720.03
3720.39
3720.74
3721.09
3721.44
3721.79
3722.15
3722.5
3722.86
3723.22
3723.58
3723.94
3724.3
3724.67
3725.04
3725.4
3725.78
3726.14
3726.51
3726.9
3727.27
3727.65
3728.03
3728.41
3728.8
3729.19
3729.58
3729.97
3730.36
3730.76
3731.16
3731.56
3731.96
3732.36
3732.78
3733.18
3733.6
3734.01
3734.42
3734.85
3735.26
3735.69
3736.11
3736.53
3736.97
3737.39
3737.81
3738.26
3738.68
3739.13
3739.56
3740.01
3740.44
3740.88
3741.34
3741.77
3742.23
3742.66
3743.1
3743.57
3744
3744.47
3744.91
3745.35
3745.82
3746.26
3746.73
3747.17
3747.61
3748.08
3748.52
3748.99
3749.43
3749.87
3750.34
3750.78
3751.25
3751.68
3752.12
3752.59
3753.02
3753.46
3753.92
3754.35
3754.78
3755.23
3755.66
3756.08
3756.54
3756.95
3757.36
3757.82
3758.23
3758.64
3759.09
3759.49
3759.89
3760.33
3760.72
3761.11
3761.54
3761.93
3762.32
3762.74
3763.12
3763.5
3763.88
3764.26
3764.62
3764.96
3765.31
3765.64
3765.97
3766.3
3766.62
3766.94
3767.26
3767.57
3767.89
3768.2
3768.51
3768.82
3769.13
3769.44
3769.75
3770.05
3770.36
3770.66
3770.97
3771.27
3771.57
3771.87
3772.18
3772.47
3772.78
3773.07
3773.37
3773.67
3773.97
3774.27
3774.57
3774.87
3775.17
3775.47
3775.77
3776.06
3776.36
3776.65
3776.95
3777.24
3777.54
3777.83
3778.13
3778.42
3778.72
3779.02
3779.31
3779.61
3779.91
3780.2
3780.5
3780.8
3781.1
3781.4
3781.7
3782
3782.31
3782.61
3782.92
3783.22
3783.52
3783.82
3784.12
3784.42
3784.72
3785.02
3785.33
3785.63
3785.93
3786.23
3786.54
3786.84
3787.14
3787.45
3787.75
3788.05
3788.35
3788.65
3788.96
3789.26
3789.57
3789.88
3790.19
3790.49
3790.8
3791.1
3791.4
3791.7
3792
3792.29
3792.59
3792.89
3793.19
3793.49
3793.78
3794.08
3794.38
3794.68
3794.97
3795.27
3795.56
3795.86
3796.15
3796.44
3796.74
3797.03
3797.33
3797.63
3797.92
3798.22
3798.51
3798.81
3799.1
3799.38
3799.67
3799.96
3800.24
3800.53
3800.82
3801.1
3801.39
3801.68
3801.96
3802.25
3802.54
3802.82
3803.11
3803.39
3803.67
3803.95
3804.24
3804.52
3804.81
3805.1
3805.39
3805.68
3805.97
3806.25
3806.53
3806.82
3807.1
3807.38
3807.66
3807.94
3808.22
3808.5
3808.78
3809.07
3809.35
3809.63
3809.91
3810.2
3810.48
3810.76
3811.04
3811.32
3811.6
3811.88
3812.16
3812.45
3812.74
3813.03
3813.32
3813.6
3813.88
3814.16
3814.44
3814.71
3814.99
3815.27
3815.55
3815.82
3816.1
3816.38
3816.66
3816.94
3817.21
3817.49
3817.77
3818.04
3818.32
3818.6
3818.87
3819.15
3819.43
3819.71
3820
3820.28
3820.57
3820.85
3821.12
3821.4
3821.68
3821.95
3822.23
3822.51
3822.79
3823.07
3823.35
3823.63
3823.91
3824.19
3824.47
3824.75
3825.29
3825.81
3826.33
3826.87
3827.39
3827.93
3828.45
3828.98
3829.48
3830
3830.51
3831.05
3831.56
3832.14
3832.66
3833.28
3833.85
3834.46
3835.23
3835.9
3836.64
3837.45
3838.27
3839.12
3840
3840.9
3841.92
3842.87
3843.94
3844.94
3846.04
3847.07
3848.17
3849.21
3850.31
3851.34
3852.44
3853.45
3854.52
3855.51
3856.55
3857.53
3858.56
3859.53
3860.55
3861.49
3862.49
3863.39
3864.33
3865.19
3866.08
3866.88
3867.73
3868.49
3869.3
3870.05
3870.94
3871.67
3872.55
3873.26
3874.09
3874.9
3875.77
3876.6
3877.5
3878.3
3879.16
3879.91
3880.72
3881.43
3882.21
3882.9
3883.65
3884.32
3885.07
3885.73
3886.47
3887.12
3887.87
3888.53
3889.28
3889.94
3890.7
3891.39
3892.16
3892.86
3893.65
3894.36
3895.17
3895.9
3896.73
3897.48
3898.35
3899.11
3899.99
3900.75
3901.65
3902.38
3903.19
3903.91
3904.68
3905.38
3906.12
3906.8
3907.53
3908.19
3908.91
3909.57
3910.27
3910.92
3911.63
3912.28
3912.97
3913.62
3914.32
3914.96
3915.63
3916.27
3916.98
3917.63
3918.3
3918.97
3919.7
3920.38
3921.08
3921.79
3922.54
3923.24
3923.92
3924.48
3924.89
3925.37
3925.87
3926.37
3926.81
3927.43
3927.91
3928.5
3929.14
3929.75
3930.28
3930.88
3931.53
3932.03
3932.71
3933.21
3933.87
3934.51
3935.01
3935.69
3936.31
3936.82
3937.55
3938.06
3938.67
3939.41
3940.03
3940.62
3941.45
3942.03
3942.65
3943.45
3944.09
3944.69
3945.54
3946.13
3946.78
3947.58
3948.19
3948.78
3949.44
3950.02
3950.74
3951.3
3951.92
3952.67
3953.27
3953.83
3954.45
3955.2
3955.8
3956.35
3956.96
3957.72
3958.33
3958.88
3959.48
3960.19
3960.79
3961.34
3961.93
3962.52
3963.11
3963.87
3964.43
3964.96
3965.55
3966.08
3966.73
3967.24
3967.8
3968.39
3968.92
3969.45
3970.04
3970.54
3971.07
3971.61
3972.14
3972.62
3973.16
3973.64
3974.15
3974.63
3975.14
3975.61
3976.13
3976.58
3977.11
3977.56
3978.11
3978.55
3979.11
3979.55
3980.13
3980.57
3981.17
3981.6
3982.23
3982.66
3983.31
3983.73
3984.4
3984.82
3985.52
3985.94
3986.37
3987.09
3987.51
3988.05
3988.45
3988.87
3989.65
3990.05
3990.45
3991.25
3991.64
3992.03
3992.57
3992.96
3993.42
3993.87
3994.42
3994.79
3995.23
3996.07
3996.44
3996.81
3997.2
3998.05
3998.41
3998.77
3999.15
3999.99
4000.34
4000.69
4001.06
4001.89
4002.23
4002.58
4002.93
4003.33
4003.71
4004.1
4004.47
4004.85
4005.21
4005.58
4005.94
4006.3
4006.65
4007.01
4007.36
4007.71
4008.06
4008.4
4008.75
4009.1
4009.44
4009.78
4010.13
4010.47
4010.81
4011.16
4011.5
4011.85
4012.19
4012.54
4012.88
4013.23
4013.58
4013.93
4014.28
4014.63
4014.98
4015.33
4015.68
4016.04
4016.39
4016.75
4017.11
4017.47
4017.83
4018.19
4018.55
4018.91
4019.28
4019.65
4020.01
4020.39
4020.76
4021.14
4021.51
4021.88
4022.27
4022.64
4023.03
4023.41
4023.79
4024.19
4024.57
4024.97
4025.35
4025.74
4026.15
4026.54
4026.95
4027.34
4027.74
4028.16
4028.55
4028.97
4029.37
4029.78
4030.2
4030.61
4031.04
4031.45
4031.88
4032.29
4032.7
4033.14
4033.55
4033.99
4034.41
4034.85
4035.27
4035.69
4036.14
4036.56
4037.01
4037.43
4037.87
4038.3
4038.75
4039.18
4039.63
4040.06
4040.5
4040.95
4041.38
4042.09
4042.74
4043.69
4044.65
4045.61
4046.22
4046.82
4047.42
4048.34
4048.92
4049.5
4050.33
4050.91
4051.49
4052.28
4052.86
4053.44
4054.04
4054.8
4055.39
4055.98
4056.59
4057.31
4057.98
4058.56
4059.15
4059.91
4060.48
4061.12
4061.7
4062.45
4063.02
4063.66
4064.22
4064.95
4065.5
4066.13
4066.69
4067.41
4067.96
4068.59
4069.15
4069.83
4070.4
4071.04
4071.62
4072.3
4072.88
4073.5
4074.16
4074.77
4075.35
4076.08
4076.66
4077.26
4077.84
4078.64
4079.21
4079.8
4080.37
4081.02
4081.72
4082.31
4082.9
4083.85
4084.41
4085
4085.57
4086.2
4087.23
4087.81
4088.37
4088.97
4089.56
4090.74
4091.3
4091.89
4092.45
4093.08
4094.24
4094.83
4095.39
4096.01
4096.68
4097.57
4098.18
4098.98
4099.66
4100.57
4101.19
4102
4102.73
4103.56
4104.28
4105.12
4105.85
4106.68
4107.45
4108.27
4109.05
4109.88
4110.68
4111.51
4112.32
4113.16
4113.98
4114.83
4115.65
4116.51
4117.35
4118.21
4119.05
4119.92
4120.77
4121.65
4122.51
4123.39
4124.25
4125.13
4126
4126.89
4127.74
4128.63
4129.49
4130.38
4131.25
4132.15
4133.01
4133.91
4134.79
4135.71
4136.6
4137.52
4138.42
4139.34
4140.22
4141.13
4142
4142.88
4143.73
4144.6
4145.44
4146.29
4147.11
4147.94
4148.75
4149.57
4150.36
4151.18
4151.97
4152.78
4153.56
4154.37
4155.14
4155.95
4156.73
4157.54
4158.33
4159.14
4159.93
4160.74
4161.53
4162.35
4163.14
4163.96
4164.75
4165.58
4166.37
4167.19
4167.98
4168.79
4169.55
4170.33
4171.06
4171.83
4172.54
4173.32
4174
4174.82
4175.48
4176.21
4176.97
4177.68
4178.4
4179.19
4179.92
4180.73
4181.49
4182.36
4183.12
4183.92
4184.7
4185.54
4186.31
4187.1
4188
4188.79
4189.56
4190.35
4191.13
4192.04
4192.81
4193.59
4194.34
4195.21
4195.94
4196.68
4197.4
4198.22
4198.91
4199.63
4200.32
4201.12
4201.8
4202.5
4203.26
4203.96
4204.64
4205.42
4206.1
4206.8
4207.56
4208.26
4208.94
4209.74
4210.42
4211.14
4211.91
4212.64
4213.34
4214.15
4214.62
4215.15
4215.71
4216.26
4216.73
4217.38
4217.86
4218.45
4219.05
4219.74
4220.26
4220.88
4221.42
4222.09
4222.72
4223.27
4223.88
4224.52
4225.09
4225.69
4226.36
4227.05
4227.64
4228.24
4228.87
4229.56
4230.26
4230.94
4231.76
4232.5
4233.26
4234.04
4234.88
4235.68
4236.52
4237.38
4238.23
4239.11
4239.98
4240.87
4241.73
4242.64
4243.54
4244.41
4245.32
4246.19
4247.1
4247.97
4248.83
4249.71
4250.57
4251.43
4252.29
4253.14
4253.98
4254.82
4255.65
4256.48
4257.3
4258.12
4258.95
4259.75
4260.57
4261.37
4262.18
4262.97
4263.77
4264.55
4265.35
4266.12
4266.91
4267.67
4268.45
4269.2
4269.97
4270.72
4271.48
4272.25
4272.99
4273.71
4274.47
4275.19
4275.95
4276.66
4277.41
4278.13
4278.86
4279.58
4280.31
4281.02
4281.75
4282.46
4283.18
4283.88
4284.6
4285.3
4286.02
4286.71
4287.43
4288.12
4288.83
4289.52
4290.24
4290.93
4291.64
4292.32
4293.03
4293.72
4294.43
4295.11
4295.82
4296.51
4297.21
4297.89
4298.6
4299.28
4299.98
4300.65
4301.36
4302.03
4302.73
4303.4
4304.09
4304.76
4305.45
4306.12
4306.82
4307.48
4308.17
4308.83
4309.52
4310.18
4310.87
4311.54
4312.23
4312.89
4313.58
4314.24
4314.93
4315.59
4316.27
4316.94
4317.63
4318.29
4318.98
4319.64
4320.32
4320.98
4321.67
4322.32
4323.01
4323.67
4324.35
4325
4325.68
4326.32
4327
4327.65
4328.32
4328.96
4329.63
4330.26
4330.93
4331.56
4332.22
4332.84
4333.5
4334.12
4334.76
4335.37
4336.02
4336.63
4337.27
4337.88
4338.5
4339.09
4339.71
4340.31
4340.92
4341.5
4342.11
4342.7
4343.3
4343.86
4344.46
4345.04
4345.62
4346.16
4346.74
4347.29
4347.85
4348.36
4348.91
4349.42
4349.96
4350.46
4351.01
4351.49
4352.01
4352.49
4353
4353.49
4354
4354.47
4354.97
4355.45
4355.96
4356.43
4356.92
4357.38
4357.86
4358.3
4358.76
4359.19
4359.65
4360.06
4360.51
4360.92
4361.36
4361.76
4362.19
4362.58
4363.01
4363.4
4363.82
4364.2
4364.62
4365
4365.42
4365.79
4366.2
4366.58
4366.98
4367.35
4367.76
4368.13
4368.53
4368.9
4369.3
4369.66
4370.06
4370.42
4370.81
4371.17
4371.57
4371.92
4372.32
4372.67
4373.06
4373.42
4373.81
4374.16
4374.55
4374.9
4375.29
4375.64
4376.02
4376.37
4376.76
4377.11
4377.49
4377.84
4378.23
4378.57
4378.96
4379.3
4379.69
4380.03
4380.41
4380.76
4381.14
4381.49
4381.87
4382.21
4382.59
4382.94
4383.32
4383.67
4384.06
4384.4
4384.79
4385.14
4385.53
4385.88
4386.27
4386.62
4387.02
4387.37
4387.77
4388.13
4388.52
4388.88
4389.28
4389.65
4390.05
4390.42
4390.82
4391.2
4391.61
4391.98
4392.39
4392.77
4393.19
4393.57
4394
4394.38
4394.81
4395.42
4396.02
4396.62
4397.21
4397.89
4398.86
4399.45
4400.04
4400.63
4401.49
4402.06
4402.63
4403.2
4403.98
4404.55
4405.12
4405.7
4406.36
4406.94
4407.51
4408.12
4408.71
4409.39
4409.96
4410.6
4411.16
4411.78
4412.39
4412.96
4413.55
4414.14
4414.86
4415.47
4416.06
4416.69
4417.53
4418.15
4418.74
4419.38
4420.01
4420.87
4421.51
4422.15
4422.75
4423.4
4424.3
4424.93
4425.54
4426.17
4426.79
4427.78
4428.37
4428.99
4429.59
4430.23
4431.25
4431.87
4432.46
4433.08
4433.68
4434.77
4435.35
4435.96
4436.55
4437.19
4437.98
4438.6
4439.26
4440.03
4440.64
4441.42
4442.04
4442.8
4443.43
4444.19
4444.82
4445.56
4446.22
4446.94
4447.61
4448.33
4449.01
4449.71
4450.4
4451.1
4451.79
4452.49
4453.17
4453.88
4454.56
4455.26
4455.94
4456.65
4457.32
4458.02
4458.69
4459.39
4460.06
4460.76
4461.43
4462.12
4462.79
4463.48
4464.15
4464.84
4465.51
4466.2
4466.86
4467.55
4468.21
4468.9
4469.56
4470.25
4470.91
4471.6
4472.26
4472.95
4473.61
4474.3
4474.97
4475.66
4476.32
4477.02
4477.68
4478.36
4479.02
4479.7
4480.35
4481.03
4481.67
4482.34
4482.98
4483.64
4484.28
4484.94
4485.58
4486.24
4486.88
4487.54
4488.19
4488.86
4489.5
4490.18
4490.83
4491.51
4492.17
4492.87
4493.54
4494.24
4494.92
4495.63
4496.31
4497.03
4497.71
4498.42
4499.1
4499.8
4500.47
4501.16
4501.82
4502.5
4503.14
4503.82
4504.46
4505.13
4505.77
4506.44
4507.07
4507.75
4508.37
4509.09
4509.7
4510.35
4511
4511.65
4512.32
4512.97
4513.59
4514.36
4514.98
4515.64
4516.26
4517.02
4517.65
4518.31
4518.95
4519.7
4520.34
4521
4521.66
4522.34
4523.06
4523.74
4524.39
4525.14
4525.8
4526.48
4527.22
4527.9
4528.56
4529.33
4530
4530.69
4531.44
4532.14
4532.81
4533.59
4534.26
4534.97
4535.73
4536.43
4537.11
4537.9
4538.59
4539.3
4540.07
4540.79
4541.48
4542.28
4542.98
4543.72
4544.52
4545.28
4546.01
4546.86
4547.6
4548.37
4549.18
4549.95
4550.68
4551.52
4552.24
4552.99
4553.8
4554.55
4555.28
4556.1
4556.82
4557.55
4558.33
4559.04
4559.71
4560.49
4561.14
4561.8
4562.52
4563.17
4563.79
4564.51
4565.12
4565.76
4566.45
4567.07
4567.68
4568.37
4569
4569.6
4570.32
4570.93
4571.57
4572.26
4572.91
4573.53
4574.24
4574.9
4575.54
4576.29
4576.93
4577.58
4578.14
4578.57
4579
4579.53
4579.98
4580.42
4581.05
4581.49
4581.95
4582.51
4583.1
4583.64
4584.17
4584.67
4585.19
4585.71
4586.34
4586.85
4587.39
4587.93
4588.5
4589.04
4589.62
4590.17
4590.75
4591.31
4591.9
4592.53
4593.17
4593.82
4594.46
4595.11
4595.79
4596.44
4597.12
4597.78
4598.46
4599.12
4599.81
4600.47
4601.16
4601.78
4602.47
4603.1
4603.8
4604.42
4605.07
4605.72
4606.37
4607.01
4607.66
4608.3
4608.95
4609.58
4610.24
4610.87
4611.53
4612.16
4612.82
4613.46
4614.12
4614.76
4615.42
4616.06
4616.72
4617.36
4618.03
4618.67
4619.34
4619.99
4620.66
4621.32
4621.98
4622.67
4623.33
4623.98
4624.7
4625.35
4626.03
4626.73
4627.41
4628.07
4628.81
4629.47
4630.16
4630.84
4631.55
4632.23
4632.94
4633.62
4634.33
4635.01
4635.72
4636.41
4637.12
4637.8
4638.52
4639.2
4639.92
4640.61
4641.32
4642.02
4642.74
4643.43
4644.15
4644.85
4645.57
4646.27
4646.99
4647.69
4648.42
4649.13
4649.86
4650.56
4651.29
4652
4652.73
4653.45
4654.17
4654.92
4655.62
4656.33
4657.05
4657.81
4658.5
4659.2
4659.94
4660.62
4661.41
4662.06
4662.8
4663.48
4664.28
4664.92
4665.62
4666.46
4667.11
4667.74
4668.51
4669.15
4670.08
4670.69
4671.33
4671.98
4673.27
4673.87
4674.5
4675.1
4676.17
4677.62
4678.42
4679.14
4679.89
4680.69
4682.05
4682.79
4683.5
4684.25
4685.07
4685.89
4686.9
4687.69
4688.47
4689.31
4690.15
4691
4691.75
4692.6
4693.33
4694.04
4694.78
4695.47
4696.17
4696.83
4697.5
4698.14
4698.78
4699.4
4700.02
4700.63
4701.24
4701.85
4702.48
4703.09
4703.74
4704.36
4705.03
4705.67
4706.36
4707.02
4707.72
4708.39
4709.09
4709.76
4710.46
4711.13
4711.83
4712.49
4713.19
4713.86
4714.55
4715.22
4715.92
4716.59
4717.29
4717.96
4718.66
4719.34
4720.06
4720.75
4721.47
4722.17
4722.91
4723.62
4724.37
4725.09
4725.84
4726.58
4727.34
4728.08
4728.86
4729.61
4730.38
4730.97
4731.7
4732.29
4732.87
4733.45
4734.02
4734.6
4735.17
4735.74
4736.32
4736.89
4737.45
4738.01
4738.56
4739.1
4739.63
4740.16
4740.67
4741.19
4741.69
4742.19
4742.69
4743.18
4743.67
4744.15
4744.63
4745.11
4745.58
4746.05
4746.52
4746.98
4747.44
4747.89
4748.34
4748.81
4749.24
4749.76
4750.19
4750.69
4751.12
4751.61
4752.06
4752.57
4753.01
4753.51
4753.96
4754.45
4754.88
4755.37
4755.8
4756.29
4756.73
4757.2
4757.64
4758.11
4758.53
4759
4759.42
4759.87
4760.29
4760.74
4761.37
4762.02
4762.65
4763.29
4763.92
4764.54
4765.17
4765.79
4766.41
4767.04
4767.66
4768.29
4768.91
4769.54
4770.16
4770.77
4771.38
4771.97
4772.54
4773.11
4773.66
4774.2
4774.73
4775.27
4775.8
4776.34
4776.89
4777.46
4778.04
4778.69
4779.28
4779.94
4780.55
4781.22
4781.83
4782.55
4783.16
4783.89
4784.51
4785.26
4785.87
4786.6
4787.22
4788.03
4788.62
4789.28
4790.08
4790.69
4791.31
4792.13
4792.72
4793.37
4794.13
4794.75
4795.43
4796.11
4796.82
4797.48
4798.21
4798.86
4799.58
4800.25
4800.96
4801.64
4802.34
4803.03
4803.73
4804.44
4805.13
4805.84
4806.52
4807.24
4807.93
4808.64
4809.33
4810.05
4810.73
4811.45
4812.13
4812.85
4813.53
4814.24
4814.92
4815.62
4816.3
4817.02
4817.7
4818.42
4819.12
4819.86
4820.58
4821.33
4822.05
4822.8
4823.52
4824.28
4825
4825.75
4826.48
4827.23
4827.95
4828.7
4829.43
4830.18
4830.9
4831.65
4832.36
4833.1
4833.81
4834.55
4835.26
4836.01
4836.72
4837.47
4838.19
4838.94
4839.67
4840.42
4841.15
4841.91
4842.65
4843.42
4844.16
4844.93
4845.68
4846.46
4847.21
4848.01
4848.77
4849.57
4850.33
4851.13
4851.89
4852.7
4853.46
4854.26
4855.06
4855.87
4856.64
4857.47
4858.33
4859.19
4860.02
4860.94
4861.8
4862.74
4863.72
4864.7
4865.7
4866.72
4867.7
4868.78
4869.79
4870.87
4871.98
4873.06
4874.12
4875.22
4876.34
4877.43
4878.49
4879.56
4880.65
4881.71
4882.71
4883.81
4884.77
4885.77
4886.78
4887.74
4888.65
4889.65
4890.53
4891.43
4892.35
4893.23
4894.05
4894.98
4895.78
4896.62
4897.47
4898.29
4899.05
4899.94
4900.68
4901.48
4902.3
4903.08
4903.82
4904.67
4905.4
4906.17
4906.97
4907.74
4908.46
4909.31
4910.03
4910.79
4911.59
4912.35
4913.06
4913.91
4914.61
4915.37
4916.15
4916.91
4917.6
4918.43
4919.12
4919.87
4920.63
4921.37
4922.05
4922.86
4923.54
4924.27
4925.02
4925.75
4926.42
4927.24
4927.9
4928.71
4929.39
4930.09
4930.76
4931.48
4932.11
4932.76
4933.44
4934.07
4934.66
4935.35
4935.92
4936.52
4937.16
4937.76
4938.32
4938.99
4939.54
4940.13
4940.77
4941.35
4941.91
4942.58
4943.14
4943.72
4944.35
4944.93
4945.5
4946.1
4946.75
4947.35
4947.92
4948.55
4949.14
4949.75
4950.19
4950.59
4950.95
4951.36
4951.74
4952.15
4952.53
4952.95
4953.44
4953.94
4954.34
4954.78
4955.2
4955.65
4956.07
4956.51
4956.94
4957.39
4957.82
4958.28
4958.71
4959.18
4959.61
4960.07
4960.51
4960.98
4961.47
4961.99
4962.48
4963
4963.5
4964.02
4964.51
4965.04
4965.53
4966.05
4966.54
4967.06
4967.55
4968.07
4968.51
4969.03
4969.46
4969.97
4970.4
4970.86
4971.29
4971.76
4972.19
4972.65
4973.08
4973.53
4973.95
4974.42
4974.85
4975.26
4975.71
4976.13
4976.57
4976.98
4977.44
4977.85
4978.3
4978.71
4979.17
4979.58
4980.05
4980.45
4980.92
4981.34
4981.81
4982.24
4982.71
4983.1
4983.63
4984.01
4984.5
4984.93
4985.41
4985.8
4986.33
4986.71
4987.2
4987.6
4988.1
4988.49
4988.99
4989.38
4989.88
4990.26
4990.76
4991.15
4991.64
4992.02
4992.52
4992.9
4993.39
4993.78
4994.27
4994.65
4995.14
4995.53
4996.01
4996.4
4996.89
4997.28
4997.76
4998.15
4998.64
4999.03
4999.52
4999.91
5000.4
5000.79
5001.28
5001.67
5002.15
5002.55
5003.03
5003.43
5003.91
5004.31
5004.78
5005.18
5005.66
5006.06
5006.53
5006.93
5007.4
5007.8
5008.27
5008.68
5009.14
5009.55
5010.01
5010.42
5010.88
5011.29
5011.75
5012.17
5013.24
5013.95
5014.61
5015.32
5015.97
5016.68
5017.33
5017.99
5018.67
5019.31
5019.97
5020.61
5021.25
5021.86
5022.51
5023.11
5023.72
5024.33
5024.93
5025.53
5026.13
5026.73
5027.33
5027.93
5028.52
5029.11
5029.7
5030.3
5030.89
5031.53
5032.1
5033.03
5033.57
5034.14
5034.68
5035.26
5036.22
5036.79
5037.32
5037.89
5038.46
5039.5
5040.04
5040.61
5041.15
5041.78
5042.85
5043.42
5043.97
5044.54
5045.15
5046.33
5046.87
5047.44
5048
5048.62
5049.86
5050.43
5050.98
5051.56
5052.16
5053.51
5054.06
5054.63
5055.19
5055.81
5056.56
5057.23
5058.18
5058.78
5059.4
5060.25
5060.87
5061.69
5062.33
5063.13
5063.79
5064.57
5065.25
5066.01
5066.71
5067.46
5068.17
5068.91
5069.63
5070.36
5071.08
5071.82
5072.53
5073.27
5073.98
5074.71
5075.42
5076.16
5076.87
5077.61
5078.32
5079.06
5079.76
5080.5
5081.21
5081.94
5082.65
5083.38
5084.09
5084.82
5085.52
5086.25
5086.96
5087.69
5088.39
5089.12
5089.83
5090.56
5091.26
5091.99
5092.7
5093.43
5094.13
5094.86
5095.57
5096.3
5097
5097.73
5098.43
5099.15
5099.84
5100.55
5101.23
5101.94
5102.61
5103.3
5103.96
5104.65
5105.3
5105.99
5106.64
5107.32
5107.97
5108.65
5109.3
5109.98
5110.64
5111.32
5111.98
5112.66
5113.32
5114.02
5114.68
5115.38
5116.06
5116.77
5117.45
5118.17
5118.86
5119.58
5120.27
5120.99
5121.69
5122.41
5123.11
5123.83
5124.52
5125.24
5125.92
5126.63
5127.29
5127.99
5128.64
5129.35
5129.98
5130.72
5131.34
5132.01
5132.71
5133.36
5134
5134.84
5135.46
5136.12
5136.75
5137.42
5138.19
5138.86
5139.5
5140.17
5140.85
5141.53
5142.29
5142.97
5143.62
5144.31
5145.07
5145.76
5146.42
5147.12
5147.88
5148.57
5149.24
5150.02
5150.69
5151.39
5152.15
5152.86
5153.55
5154.37
5155.09
5155.85
5156.67
5157.44
5158.19
5159.04
5159.79
5160.56
5161.38
5162.14
5162.88
5163.71
5164.44
5165.19
5165.99
5166.74
5167.46
5168.29
5169
5169.75
5170.55
5171.31
5172.04
5172.88
5173.62
5174.39
5175.21
5175.96
5176.69
5177.51
5178.22
5178.95
5179.72
5180.44
5181.12
5181.91
5182.58
5183.28
5184.04
5184.74
5185.42
5186.2
5186.88
5187.59
5188.36
5189.07
5189.76
5190.56
5191.26
5191.99
5192.78
5193.52
5194.25
5195.08
5195.6
5196.12
5196.77
5197.29
5197.81
5198.43
5199.06
5199.6
5200.23
5200.79
5201.47
5202.12
5202.7
5203.31
5204.02
5204.66
5205.27
5206.07
5206.68
5207.3
5207.97
5208.62
5209.3
5209.97
5210.66
5211.34
5212.05
5212.74
5213.46
5214.22
5215
5215.78
5216.57
5217.36
5218.15
5218.95
5219.76
5220.57
5221.4
5222.22
5223.06
5223.88
5224.7
5225.53
5226.33
5227.18
5227.99
5228.8
5229.63
5230.45
5231.29
5232.12
5232.96
5233.8
5234.65
5235.49
5236.35
5237.21
5238.08
5238.93
5239.81
5240.68
5241.57
5242.45
5243.35
5244.24
5245.15
5246.05
5246.97
5247.88
5248.81
5249.73
5250.66
5251.62
5252.55
5253.46
5254.44
5255.36
5256.31
5257.28
5258.22
5259.16
5260.13
5261.08
5262.06
5263.01
5263.99
5264.95
5265.93
5266.9
5267.89
5268.87
5269.86
5270.84
5271.84
5272.83
5273.83
5274.82
5275.83
5276.83
5277.85
5278.85
5279.87
5280.87
5281.9
5282.9
5283.93
5284.94
5285.97
5286.99
5288.02
5289.04
5290.09
5291.11
5292.16
5293.2
5294.25
5295.29
5296.35
5297.4
5298.46
5299.51
5300.58
5301.64
5302.72
5303.78
5305.14
5306.28
5307.42
5308.54
5309.67
5310.78
5311.9
5313
5314.1
5315.2
5316.33
5317.46
5318.58
5319.7
5320.8
5321.9
5322.98
5324.07
5325.15
5326.22
5327.3
5328.36
5329.42
5330.48
5331.53
5332.57
5333.6
5334.64
5335.66
5336.68
5337.7
5338.71
5339.72
5340.73
5341.72
5342.71
5343.7
5344.67
5345.64
5346.61
5347.56
5348.52
5349.47
5350.42
5351.35
5352.3
5353.23
5354.16
5355.08
5356.01
5356.92
5357.84
5358.76
5359.68
5360.61
5361.61
5363.4
5364.32
5365.23
5366.14
5367.06
5368.24
5369.13
5370.01
5370.93
5372.17
5373.03
5373.92
5375.05
5375.92
5377.01
5377.87
5378.93
5379.78
5380.79
5381.64
5382.62
5383.47
5384.42
5385.26
5386.2
5387.04
5388.25
5389.16
5390.12
5391.04
5392
5392.92
5394.11
5395.04
5395.99
5397.08
5398.09
5399.6
5400.59
5401.6
5402.63
5403.67
5404.99
5406
5406.99
5407.98
5409
5410.01
5410.97
5411.96
5412.87
5413.8
5414.71
5415.59
5416.42
5417.22
5418
5418.75
5419.48
5420.19
5420.87
5421.56
5422.22
5422.89
5423.53
5424.16
5424.8
5425.43
5425.9
5426.36
5426.84
5427.33
5427.84
5428.38
5428.94
5429.55
5430.17
5430.78
5431.38
5432
5432.61
5433.22
5433.82
5434.41
5434.99
5435.56
5436.11
5436.67
5437.29
5437.9
5438.42
5439.02
5439.51
5440
5440.48
5440.95
5441.41
5441.86
5442.31
5442.75
5443.18
5443.61
5444.04
5444.47
5444.9
5445.32
5445.74
5446.16
5446.58
5446.99
5447.41
5447.84
5448.26
5448.72
5449.14
5449.6
5450.02
5450.48
5450.88
5451.28
5451.69
5452.09
5452.49
5452.89
5453.29
5453.68
5454.07
5454.47
5454.86
5455.25
5455.64
5456.03
5456.41
5456.79
5457.18
5457.56
5457.93
5458.31
5458.69
5459.06
5459.44
5459.81
5460.19
5460.57
5460.95
5461.33
5461.71
5462.09
5462.46
5462.84
5463.21
5463.58
5463.94
5464.31
5464.67
5465.04
5465.4
5465.76
5466.12
5466.48
5466.84
5467.2
5467.55
5467.91
5468.27
5468.62
5468.97
5469.33
5469.68
5470.03
5470.39
5470.74
5471.09
5471.45
5471.8
5472.15
5472.5
5472.86
5473.21
5473.57
5473.92
5474.28
5474.63
5474.99
5475.35
5475.71
5476.08
5476.44
5476.82
5477.19
5477.57
5478.2
5478.84
5479.48
5480.13
5480.78
5481.45
5482.1
5482.76
5483.41
5484.06
5484.7
5485.33
5485.96
5486.58
5487.21
5487.84
5488.5
5489.47
5490.09
5490.71
5491.37
5492.12
5492.75
5493.43
5494.11
5494.77
5495.48
5496.13
5496.84
5497.5
5498.2
5498.86
5499.56
5500.23
5500.93
5501.61
5502.31
5502.99
5503.7
5504.38
5505.09
5505.78
5506.5
5507.2
5507.91
5508.61
5509.33
5510.04
5510.77
5511.48
5512.21
5512.92
5513.65
5514.36
5515.11
5515.82
5516.56
5517.28
5518.02
5518.74
5519.49
5520.21
5520.96
5521.68
5522.43
5523.16
5523.91
5524.63
5525.38
5526.1
5526.85
5527.57
5528.33
5529.06
5529.83
5530.58
5531.37
5532.14
5532.94
5533.71
5534.52
5535.3
5536.12
5536.91
5537.72
5538.51
5539.33
5540.12
5540.94
5541.73
5542.55
5543.35
5544.18
5544.98
5545.82
5546.63
5547.47
5548.28
5549.13
5549.95
5550.8
5551.62
5552.48
5553.31
5554.17
5555.01
5555.87
5556.7
5557.57
5558.4
5559.27
5560.11
5560.97
5561.82
5562.7
5563.55
5564.44
5565.31
5566.21
5567.09
5568.01
5568.92
5569.86
5570.78
5571.74
5572.69
5573.67
5574.64
5575.64
5576.62
5577.64
5578.64
5579.68
5580.69
5581.74
5582.76
5583.81
5584.84
5585.89
5586.92
5587.98
5589
5590.05
5591.07
5592.08
5593.09
5594.09
5595.08
5596.06
5597.04
5598.03
5598.99
5599.95
5600.89
5601.84
5602.77
5603.69
5604.59
5605.5
5606.38
5607.26
5608.17
5609.03
5609.92
5610.77
5611.64
5612.47
5613.33
5614.14
5614.95
5615.74
5616.55
5617.34
5618.1
5618.93
5619.68
5620.51
5621.25
5622.08
5622.81
5623.63
5624.36
5625.14
5625.87
5626.61
5627.4
5628.14
5628.87
5629.67
5630.38
5631.13
5631.91
5632.64
5633.37
5634.18
5634.88
5635.66
5636.37
5637.2
5637.9
5638.65
5639.43
5640.18
5640.88
5641.71
5642.4
5643.15
5643.93
5644.67
5645.37
5646.19
5646.88
5647.63
5648.4
5649.14
5649.83
5650.67
5651.34
5652.08
5652.84
5653.59
5654.25
5655.16
5655.81
5656.51
5657.24
5658.08
5658.72
5659.51
5660.31
5661.02
5661.93
5662.64
5663.49
5664.32
5665.19
5665.94
5666.94
5667.69
5668.39
5669.25
5669.94
5670.67
5671.41
5672.11
5672.72
5673.47
5674.06
5674.7
5675.36
5675.99
5676.55
5677.24
5677.8
5678.4
5679.03
5679.63
5680.17
5680.86
5681.4
5682.01
5682.63
5683.25
5683.78
5684.5
5685.04
5685.7
5686.25
5686.92
5687.48
5688.15
5688.74
5689.41
5689.77
5690.26
5690.63
5691.15
5691.56
5692.22
5692.75
5693.45
5693.96
5694.58
5695.07
5695.72
5696.21
5696.87
5697.38
5698.05
5698.58
5699.27
5699.81
5700.52
5701.07
5701.78
5702.34
5703.07
5703.64
5704.38
5705.01
5705.81
5706.45
5707.26
5707.9
5708.72
5709.37
5710.19
5710.85
5711.68
5712.33
5713.17
5713.83
5714.68
5715.3
5716.15
5716.77
5717.59
5718.23
5719.05
5719.7
5720.52
5721.17
5722
5722.65
5723.49
5724.14
5724.99
5725.65
5726.51
5727.17
5728.04
5728.71
5729.59
5730.27
5731.15
5731.84
5732.74
5733.45
5734.22
5734.95
5735.65
5736.58
5737.31
5738.25
5738.97
5739.74
5740.5
5741.49
5742.2
5743.27
5743.98
5745.03
5745.8
5746.87
5747.61
5748.4
5749.54
5750.3
5751.07
5752.26
5753.03
5753.82
5755.06
5755.85
5756.65
5757.57
5758.42
5759.77
5760.59
5761.41
5762.27
5763.71
5764.54
5765.38
5766.25
5767.76
5768.62
5769.47
5770.36
5771.94
5772.81
5773.67
5774.57
5776.23
5777.1
5777.98
5778.88
5780.61
5781.49
5782.38
5783.29
5784.88
5785.77
5786.67
5787.61
5789.47
5790.37
5791.28
5792.2
5793.37
5794.34
5796.28
5797.19
5798.11
5799.03
5800.1
5802.09
5803.01
5803.93
5804.86
5805.88
5807.92
5808.84
5809.77
5810.71
5811.74
5813.81
5814.74
5815.68
5816.62
5817.65
5819.75
5820.91
5822.05
5823.18
5824.3
5825.43
5826.61
5827.85
5829.08
5830.4
5831.84
5833.33
5834.56
5838.41
5839.29
5840.19
5841.14
5842.6
5843.74
5846.67
5847.52
5848.37
5849.23
5850.13
5851.7
5852.55
5853.46
5855.67
5856.49
5857.3
5858.13
5858.99
5860.91
5861.73
5862.54
5863.36
5864.26
5866
5866.81
5867.62
5868.45
5870.09
5870.91
5871.73
5872.56
5874.15
5875
5875.82
5876.69
5878.41
5879.24
5880.09
5881.14
5882.92
5883.92
5884.94
5886.76
5887.81
5888.87
5890.74
5891.8
5892.88
5894.77
5895.81
5896.87
5898.71
5899.69
5900.69
5902.4
5903.3
5904
5905.36
5905.99
5906.62
5907.88
5908.45
5909.02
5910.19
5910.73
5911.25
5912.35
5912.85
5913.34
5914.37
5914.84
5915.31
5916.29
5916.73
5917.17
5918.08
5918.52
5918.94
5919.81
5920.21
5920.63
5921.59
5921.99
5922.37
5922.8
5924.04
5924.41
5924.78
5925.2
5926.68
5927.03
5927.4
5927.79
5928.64
5929.05
5930.78
5931.14
5931.49
5931.85
5932.28
5932.98
5933.5
5934.32
5934.8
5935.43
5936.02
5936.61
5937.19
5937.78
5938.33
5938.88
5939.4
5939.94
5940.45
5940.97
5941.49
5942
5942.61
5943.13
5943.86
5944.35
5944.85
5945.39
5946
5946.49
5947.41
5947.87
5948.33
5948.8
5949.73
5950.16
5950.59
5951.03
5951.96
5952.38
5952.82
5953.28
5954.25
5954.69
5955.12
5955.67
5956.66
5957.11
5957.54
5958.05
5959.11
5959.52
5959.99
5960.54
5961.63
5962.03
5962.49
5962.99
5964.08
5964.52
5964.94
5965.43
5966.54
5966.98
5967.39
5967.86
5968.98
5969.38
5969.84
5970.25
5971.39
5971.79
5972.2
5972.61
5973.17
5973.83
5974.27
5975.42
5975.82
5976.2
5976.62
5977.04
5978.05
5978.43
5978.85
5979.29
5980.53
5980.97
5981.44
5981.93
5983.29
5983.79
5984.32
5985.48
5986.86
5987.33
5988.3
5990.07
5991.02
5991.38
5993.58
5994.27
5995.94
5996.5
5999.04
6000.14
6001.87
6003.36
6004.07
6006.56
6007.8
6009.03
6011.33
6012.26
6013.93
6015.61
6017.08
6018.13
6019.53
6020.97
6022.71
6024.16
6025.39
6026.91
6027.56
6028.89
6030.61
6031.28
6032.6
6033.91
6034.75
6036.29
6037.51
6038.48
6039.29
6040.36
6041.38
6042.78
6043.71
6044.45
6045.5
6046.51
6047.39
6048.13
6049.5
6050.03
6051
6052.01
6052.56
6053.49
6054.07
6054.91
6055.38
6055.83
6056.66
6057.07
6057.47
6058.28
6058.66
6059.05
6059.75
6060.23
6060.75
6061.7
6062.32
6062.95
6064.3
6064.9
6065.67
6066.46
6067.01
6067.72
6068.77
6069.67
6070.19
6070.96
6071.77
6072.45
6073.34
6074.06
6074.97
6075.98
6076.5
6077.14
6078.32
6078.85
6079.45
6080.32
6081.2
6081.86
6082.42
6083.29
6083.93
6084.6
6085.49
6086.33
6086.88
6087.5
6088.1
6089.29
6089.82
6090.43
6090.98
6091.82
6092.74
6093.32
6093.87
6094.67
6095.24
6096.03
6096.58
6097.2
6097.9
6098.59
6099.38
6099.95
6100.74
6101.35
6102
6102.59
6103.29
6103.89
6104.5
6105.2
6105.78
6106.44
6107.06
6107.7
6108.3
6108.95
6109.54
6110.18
6110.78
6111.41
6112
6112.63
6113.22
6113.83
6114.42
6115.03
6115.62
6116.22
6116.81
6117.41
6118
6118.59
6119.18
6119.76
6120.34
6120.91
6121.48
6122.05
6122.62
6123.18
6123.74
6124.3
6124.86
6125.42
6125.97
6126.52
6127.07
6127.61
6128.15
6128.69
6129.22
6129.76
6130.29
6130.82
6131.34
6131.87
6132.39
6132.91
6133.43
6133.95
6134.47
6134.98
6135.49
6136.01
6136.52
6137.03
6137.54
6138.05
6138.57
6139.08
6139.59
6140.11
6140.62
6141.13
6141.64
6142.16
6142.67
6143.18
6143.69
6144.2
6144.71
6145.22
6145.73
6146.24
6146.75
6147.26
6147.78
6148.29
6148.8
6149.31
6149.82
6150.33
6150.84
6151.35
6151.86
6152.36
6152.89
6153.39
6153.89
6154.42
6154.92
6155.42
6155.94
6156.44
6156.97
6157.47
6158
6158.49
6159.02
6159.52
6160.04
6160.57
6161.05
6161.6
6162.11
6162.68
6163.17
6163.71
6164.19
6164.75
6165.25
6165.75
6166.26
6166.75
6167.25
6167.74
6168.23
6168.7
6169.15
6169.61
6170.07
6170.54
6170.98
6171.42
6171.86
6172.3
6172.72
6173.14
6173.54
6174
6174.37
6174.78
6175.18
6175.55
6175.96
6176.29
6176.66
6177.01
6177.36
6177.68
6178.05
6178.36
6178.93
6179.21
6179.75
6179.98
6180.47
6180.74
6181.21
6181.42
6181.83
6182.04
6182.45
6182.65
6183.04
6183.24
6183.62
6183.83
6184.21
6184.41
6184.81
