energy
0.0197392
0.185046
0.895438
1.07752
1.31589
1.50634
1.75915
1.9577
2.2221
2.42682
2.70017
2.90949
3.18972
3.40242
3.6879
3.90304
4.19251
4.40937
4.70182
4.91993
5.21487
5.46003
5.68893
5.94141
6.17189
6.42897
6.66293
6.9261
7.16163
7.42979
7.6655
7.93019
8.17159
8.44006
8.68143
8.95637
9.37496
9.65862
9.89914
10.2532
10.4606
10.6213
11.0396
11.2136
0.35928
1.06653
1.53714
2.06654
2.59991
3.46653
3.95551
4.42036
5.09034
5.936
6.42539
7.11198
7.62554
8.55894
9.27373
9.79166
10.2934
11.4253
11.9896
12.4558
13.3061
13.8643
14.7183
15.2647
16.4746
17.1115
17.7192
18.9424
19.688
20.646
21.1548
21.6971
22.5641
23.3543
24.4931
25.1996
26.0641
26.7505
27.5535
28.3844
29.4399
30.3448
31.0685
32.4605
33.3928
34.0639
34.7768
35.584
37.0353
37.7097
38.4255
39.1836
41.0676
41.73
42.4209
43.1072
44.2799
44.975
46.5696
47.2487
47.9734
49.3896
50.1065
50.8199
52.1274
52.8281
53.5734
54.7257
55.46
56.1956
57.3086
58.0482
58.8319
59.8875
60.6722
61.5288
62.5531
63.326
64.1674
65.1976
66.0403
66.9624
67.9665
68.7995
69.7825
70.9404
71.7728
72.9605
73.9579
74.7215
75.5577
76.5051
77.4193
78.369
79.5327
80.6075
81.7275
82.9331
84.1053
85.306
86.7249
88.1626
89.821
91.707
93.7434
95.7897
97.9074
99.9
102.034
104.151
106.193
108.24
110.385
112.412
114.444
116.538
118.526
120.442
122.46
124.327
126.157
128.009
129.759
131.469
133.163
134.841
136.455
138.163
139.706
141.305
142.807
144.366
145.858
147.366
148.825
150.383
151.828
153.274
154.704
156.131
157.533
158.913
160.312
161.65
163.001
164.328
165.643
166.92
168.228
169.477
170.744
171.982
173.224
174.431
175.657
176.841
178.066
179.227
180.429
181.569
182.752
183.871
185.034
186.13
187.271
188.344
189.462
190.511
191.607
192.631
193.699
194.7
195.721
196.699
197.7
198.658
199.639
200.579
201.35
202.078
202.831
203.548
204.299
205.014
205.765
206.484
207.234
207.946
208.684
209.379
210.108
210.78
211.512
212.162
212.906
213.534
214.303
214.913
215.704
216.287
217.107
217.666
218.227
219.09
219.622
220.266
220.788
221.353
222.137
222.642
223.146
223.689
224.736
225.223
225.705
226.193
227.299
227.766
228.228
228.698
229.844
230.294
230.74
231.191
232.356
232.789
233.217
233.652
234.48
234.897
235.327
236.483
236.89
237.293
237.699
238.254
238.709
239.816
240.196
240.572
240.95
241.401
242.447
242.806
243.162
243.519
243.919
244.899
245.24
245.579
245.919
246.291
247.2
247.527
247.853
248.18
248.533
249.375
249.693
250.009
250.328
250.673
251.309
251.621
251.932
252.247
252.583
252.985
253.297
253.628
253.977
254.299
254.634
254.956
255.282
255.601
255.921
256.236
256.55
256.865
257.176
257.486
257.798
258.106
258.413
258.724
259.031
259.338
259.648
259.955
260.262
260.57
260.877
261.19
261.497
261.804
262.118
262.426
262.734
263.049
263.358
263.666
263.978
264.287
264.604
264.913
265.222
265.541
265.85
266.159
266.479
266.788
267.097
267.419
267.729
268.039
268.363
268.672
268.983
269.309
269.619
269.93
270.259
270.57
270.882
271.214
271.526
271.839
272.173
272.486
272.8
273.138
273.452
273.767
274.108
274.424
274.74
275.085
275.4
275.721
276.064
276.391
276.698
277.08
277.37
277.718
278.045
278.406
278.696
279.062
279.371
279.731
280.059
280.405
280.706
281.123
281.409
281.726
282.119
282.416
282.786
283.121
283.454
283.772
284.4
284.929
285.718
286.252
286.784
287.315
287.846
288.376
288.91
289.456
290.039
290.626
291.539
292.081
292.63
293.179
293.773
294.57
295.113
295.699
296.248
297.018
297.556
298.133
298.832
299.412
299.963
300.684
301.238
301.83
302.508
303.098
303.673
304.369
304.929
305.618
306.177
306.779
307.43
308.016
308.661
309.247
309.89
310.482
311.126
311.717
312.365
312.965
313.619
314.224
314.888
315.509
316.187
316.819
317.513
318.17
318.887
319.565
320.312
321.03
321.819
322.572
323.399
324.202
325.082
325.943
326.902
327.839
328.835
329.796
330.774
331.841
332.866
333.84
335.017
335.988
336.945
338.209
339.127
340.169
341.24
342.268
343.228
344.36
345.291
346.311
347.325
348.388
349.298
350.325
351.309
352.248
353.26
354.238
355.147
356.249
357.145
358.075
359.091
360.024
361.023
362.024
362.911
363.831
364.819
365.747
366.649
367.651
368.577
369.292
370.041
370.821
371.479
372.341
373.004
373.797
374.538
375.171
375.985
376.69
377.322
377.982
378.766
379.582
380.196
380.886
381.481
382.326
382.905
383.573
384.136
384.736
385.43
386.017
386.544
387.103
387.804
388.348
388.849
389.384
389.906
390.498
391.001
391.557
392.088
392.627
393.115
393.682
394.158
394.714
395.19
395.74
396.221
396.774
397.265
397.852
398.359
398.993
399.518
400.2
400.722
401.398
401.927
402.616
403.088
403.829
404.288
405.066
405.518
405.98
406.469
406.935
407.434
407.894
408.404
408.858
409.374
409.828
410.356
410.805
411.338
411.787
412.338
412.78
413.316
413.767
414.369
414.795
415.268
415.853
416.279
416.791
417.263
417.846
418.264
418.78
419.23
419.903
420.295
420.7
421.226
421.64
422.365
422.74
423.117
423.523
424.291
424.653
425.014
425.385
425.851
426.246
426.925
427.271
427.617
427.981
428.55
428.886
429.234
429.676
430.032
430.575
430.9
431.236
431.636
432.002
432.44
432.77
433.166
433.513
433.947
434.269
434.629
435.003
435.35
435.734
436.064
436.453
436.775
437.144
437.472
437.841
438.163
438.524
438.846
439.2
439.522
439.87
440.19
440.532
440.853
441.189
441.509
441.841
442.161
442.489
442.809
443.133
443.452
443.774
444.092
444.414
444.731
445.052
445.369
445.686
446.005
446.321
446.64
446.956
447.271
447.59
447.905
448.225
448.54
448.854
449.175
449.49
449.812
450.127
450.443
450.766
451.082
451.407
451.723
452.049
452.365
452.683
453.013
453.33
453.662
453.98
454.313
454.633
454.965
455.3
455.614
456.058
456.373
456.667
457.002
457.487
457.806
458.166
458.488
458.801
459.367
459.663
460.228
460.525
461.086
461.384
461.945
462.244
462.8
463.101
463.657
463.959
464.509
464.813
465.363
465.667
466.212
466.514
467.062
467.359
467.909
468.199
468.751
469.039
469.575
469.866
470.407
470.695
471.212
471.507
472.031
472.319
472.81
473.11
473.61
473.9
474.369
474.669
475.147
475.434
475.855
476.151
476.531
476.818
477.206
477.486
477.833
478.126
478.471
478.763
479.098
479.39
479.724
480.018
480.353
480.651
480.987
481.29
481.63
481.938
482.281
482.594
482.941
483.256
483.605
483.921
484.269
484.585
484.931
485.248
485.592
485.913
486.258
486.578
486.934
487.265
487.625
487.947
488.311
488.628
489.021
489.336
489.726
490.041
490.429
490.745
491.133
491.45
491.839
492.157
492.546
492.863
493.249
493.564
493.947
494.259
494.641
494.952
495.338
495.651
496.048
496.366
496.779
497.099
497.519
497.833
498.262
498.574
499.013
499.324
499.777
500.089
500.556
500.87
501.35
501.666
502.158
502.475
502.977
503.292
503.801
504.114
504.631
504.942
505.467
505.779
506.314
506.629
507.179
507.498
508.053
508.367
508.925
509.235
509.797
510.106
510.672
510.982
511.553
511.864
512.441
512.753
513.333
513.646
514.228
514.539
515.121
515.429
516.01
516.317
516.898
517.204
517.787
518.095
518.682
518.996
519.586
519.894
520.479
520.784
521.366
521.668
522.251
522.553
523.141
523.444
524.042
524.346
524.954
525.259
525.877
526.182
526.809
527.113
527.753
528.055
528.707
529.009
529.677
529.981
530.67
530.981
531.691
532
532.723
533.027
533.766
534.069
534.826
535.128
535.905
536.209
537.008
537.313
538.134
538.441
539.284
539.59
540.453
540.759
541.642
541.947
542.641
542.945
543.521
543.828
544.415
544.738
545.345
545.675
546.283
546.61
547.217
547.543
548.151
548.477
549.087
549.414
550.026
550.355
550.968
551.299
551.911
552.243
552.852
553.183
553.786
554.117
554.714
555.044
555.635
555.968
556.555
556.896
557.483
557.823
558.395
558.732
559.291
559.626
560.172
560.506
561.041
561.375
561.898
562.233
562.745
563.082
563.58
563.918
564.403
564.74
565.21
565.547
566.002
566.338
567.292
567.835
568.39
568.984
569.534
570.087
570.645
571.207
571.769
572.33
572.886
573.439
573.991
574.549
575.122
575.666
576.377
576.905
577.431
577.959
578.618
579.181
579.701
580.271
580.901
581.463
581.992
582.647
583.181
583.754
584.373
584.94
585.478
586.105
586.628
587.22
587.737
588.345
588.862
589.47
589.992
590.608
591.155
591.822
592.406
593.07
593.655
594.331
594.92
595.584
596.157
596.813
597.372
598.023
598.569
599.175
599.718
600.41
600.941
601.501
602.222
602.773
603.289
604.024
604.529
605.237
605.749
606.327
607.012
607.582
608.281
608.892
609.511
610.304
610.964
611.8
612.507
613.265
614.128
614.938
615.851
616.712
617.581
618.581
619.527
620.49
621.462
622.378
623.399
624.474
625.406
626.421
627.508
628.452
629.475
630.567
631.528
632.645
633.837
634.84
635.897
636.902
637.902
639.062
640.028
641.052
642.178
643.169
644.144
645.393
646.356
647.349
648.4
649.404
650.412
651.495
652.563
653.555
654.594
655.392
656.15
657.169
657.913
658.773
659.598
660.494
661.352
662.173
663.109
663.842
664.673
665.562
666.239
667.005
667.673
668.559
669.265
669.894
670.499
671.42
671.996
672.57
673.129
673.825
674.419
675.236
675.804
676.327
676.876
677.465
678.052
678.572
679.108
679.684
680.157
680.693
681.191
681.71
682.155
682.677
683.143
683.6
684.052
684.493
684.93
685.353
685.778
686.191
686.569
687.005
687.382
687.809
688.208
688.691
689.107
689.659
690.065
690.649
691.012
691.463
691.8
692.128
692.451
692.775
693.103
693.437
693.777
694.118
694.463
694.81
695.16
695.513
695.868
696.227
696.587
696.95
697.315
697.68
698.047
698.414
698.781
699.148
699.514
699.88
700.246
700.611
700.976
701.34
701.703
702.063
702.421
702.777
703.13
703.482
703.831
704.178
704.524
704.868
705.21
705.551
705.891
706.23
706.567
706.904
707.24
707.575
707.909
708.243
708.576
708.908
709.241
709.573
709.905
710.237
710.569
710.9
711.232
711.563
711.894
712.225
712.555
712.885
713.216
713.546
713.876
714.206
714.536
714.867
715.197
715.528
715.86
716.192
716.525
716.858
717.192
717.526
717.861
718.197
718.533
718.869
719.207
719.544
719.883
720.221
720.56
720.9
721.24
721.581
721.922
722.264
722.607
722.95
723.294
723.638
723.983
724.329
724.676
725.023
725.371
725.72
726.07
726.423
726.775
727.131
727.485
727.842
728.203
728.562
728.927
729.289
729.653
730.022
730.388
730.761
731.13
731.5
731.878
732.251
732.632
733.007
733.385
733.768
734.153
734.533
734.964
735.328
735.706
736.096
736.484
737.031
737.401
737.957
738.33
738.883
739.258
739.79
740.186
740.712
741.115
741.629
742.025
742.55
742.959
743.465
743.889
744.366
744.802
745.274
745.743
746.196
746.61
747.095
747.528
747.995
748.463
748.902
749.336
749.809
750.271
750.727
751.105
751.634
752.025
752.475
752.928
753.36
753.862
754.304
754.662
755.19
755.546
756.032
756.435
756.911
757.313
757.786
758.148
758.669
759.017
759.533
759.878
760.369
760.757
761.213
761.574
762.115
762.448
762.882
763.336
763.743
764.117
764.601
764.97
765.4
765.839
766.246
766.662
767.108
767.451
767.848
768.209
768.593
768.95
769.321
769.658
770.033
770.369
770.744
771.081
771.457
771.794
772.17
772.509
772.885
773.225
773.604
773.946
774.328
774.672
775.054
775.399
775.781
776.125
776.504
776.844
777.221
777.557
777.929
778.261
778.63
778.961
779.329
779.661
780.033
780.364
780.729
781.053
781.411
781.729
782.083
782.397
782.748
783.06
783.409
783.719
784.067
784.376
784.722
785.029
785.374
785.677
786.026
786.326
786.685
786.982
787.358
787.655
788.055
788.355
788.784
789.087
789.543
789.842
790.32
790.615
791.123
791.417
791.953
792.275
792.845
793.169
793.769
794.095
794.559
794.887
795.182
795.514
795.813
796.157
796.467
796.828
797.146
797.519
797.841
798.227
798.556
798.958
799.291
799.702
800.031
800.451
800.779
801.211
801.539
801.984
802.314
802.774
803.106
803.581
803.914
804.405
804.739
805.243
805.833
806.579
807.144
807.919
808.499
809.303
809.9
810.734
811.349
812.207
812.839
813.705
814.458
815.299
815.902
816.733
817.475
818.284
818.882
819.681
820.388
821.146
821.743
822.576
823.171
823.893
824.564
825.258
825.846
826.534
827.106
827.766
828.333
828.986
829.548
830.199
830.755
831.395
831.999
832.627
833.168
833.791
834.326
834.944
835.475
836.092
836.625
837.251
837.798
838.448
839.029
839.709
840.291
840.956
841.524
842.179
842.735
843.379
843.927
844.57
845.116
845.771
846.32
846.905
847.591
848.172
848.734
849.48
850.044
850.739
851.34
852.131
852.776
853.491
854.308
854.993
855.886
856.666
857.338
858.361
859.022
859.727
860.553
861.292
862.156
862.852
863.861
864.645
865.377
866.194
866.992
868.048
868.932
869.782
870.643
871.64
872.734
873.694
874.75
875.712
876.747
877.987
878.996
879.979
881.082
882.109
883.226
884.317
885.29
886.293
887.366
888.494
889.492
890.335
891.164
891.938
892.996
893.752
894.646
895.492
896.347
897.416
898.333
899.099
900.122
900.96
901.834
902.808
903.613
904.329
905.078
906.226
906.905
907.573
908.288
909.212
909.905
910.535
911.245
912.211
912.809
913.406
914.037
914.82
915.367
915.992
916.838
917.401
917.959
918.5
919.029
919.896
920.425
920.926
921.394
921.918
922.437
922.987
923.466
924.004
924.439
924.963
925.376
925.873
926.272
926.746
927.13
927.545
927.955
928.348
928.704
929.092
929.445
929.823
930.165
930.537
930.875
931.275
931.626
932.09
932.474
933.029
933.403
933.979
934.319
934.94
935.259
935.652
935.958
936.266
936.583
936.912
937.239
937.569
937.899
938.232
938.567
938.903
939.241
939.581
939.922
940.264
940.607
940.95
941.294
941.637
941.98
942.322
942.663
943.004
943.344
943.683
944.023
944.362
944.7
945.037
945.374
945.71
946.044
946.377
946.709
947.041
947.371
947.7
948.029
948.357
948.685
949.012
949.338
949.664
949.99
950.316
950.641
950.967
951.292
951.617
951.943
952.268
952.594
952.919
953.245
953.571
953.898
954.225
954.552
954.88
955.209
955.538
955.868
956.199
956.53
956.862
957.195
957.529
957.863
958.198
958.534
958.87
959.208
959.545
959.884
960.223
960.563
960.904
961.245
961.587
961.93
962.273
962.617
962.962
963.307
963.654
964
964.35
964.698
965.049
965.398
965.748
966.102
966.452
966.808
967.159
967.512
967.87
968.223
968.582
968.937
969.293
969.655
970.011
970.375
970.732
971.098
971.456
971.816
972.185
972.545
972.917
973.278
973.653
974.016
974.396
974.76
975.133
975.511
975.902
976.264
976.708
977.062
977.411
977.845
978.245
978.599
979.243
979.608
980.266
980.632
981.29
981.654
982.361
982.715
983.35
983.759
984.39
984.755
985.571
985.932
986.751
987.114
987.936
988.3
989.128
989.492
990.324
990.687
991.531
991.891
992.743
993.098
993.965
994.318
995.029
995.384
995.991
996.421
997.013
997.391
998.267
998.62
999.499
999.853
1000.47
1000.84
1001.72
1002.07
1002.63
1003.07
1003.46
1003.82
1004.15
1004.47
1004.83
1005.14
1005.45
1005.8
1006.11
1006.41
1006.72
1007.02
1007.33
1007.63
1007.93
1008.23
1008.53
1008.84
1009.14
1009.45
1009.75
1010.06
1010.36
1010.69
1010.99
1011.29
1011.62
1011.92
1012.22
1012.55
1012.85
1013.22
1013.52
1013.9
1014.2
1014.57
1014.88
1015.25
1015.55
1015.91
1016.21
1016.56
1016.85
1017.2
1017.5
1017.84
1018.14
1018.48
1018.78
1019.12
1019.42
1019.76
1020.05
1020.39
1020.68
1021.01
1021.3
1021.65
1021.93
1022.29
1022.58
1022.95
1023.25
1023.64
1023.93
1024.33
1024.62
1025.04
1025.33
1025.77
1026.06
1026.52
1026.81
1027.3
1027.59
1028.1
1028.39
1028.93
1029.22
1029.77
1030.06
1030.64
1030.93
1031.53
1031.84
1032.19
1032.51
1032.8
1033.14
1033.45
1033.79
1034.1
1034.44
1034.75
1035.09
1035.39
1035.73
1036.04
1036.39
1036.7
1037.06
1037.38
1037.75
1038.06
1038.44
1038.76
1039.15
1039.47
1039.87
1040.18
1040.59
1040.9
1041.33
1041.65
1042.09
1042.41
1042.87
1043.19
1043.67
1043.98
1044.47
1044.78
1045.28
1045.6
1046.11
1046.43
1046.97
1047.28
1047.84
1048.16
1048.73
1049.05
1049.65
1049.96
1050.57
1050.89
1051.51
1051.83
1052.27
1052.58
1052.9
1053.23
1053.56
1053.89
1054.22
1054.78
1055.33
1055.88
1056.44
1057
1057.56
1058.13
1058.7
1059.27
1059.86
1060.47
1061.14
1061.73
1062.59
1063.15
1063.82
1064.38
1065.18
1065.8
1066.61
1067.22
1067.93
1068.6
1069.33
1070.09
1070.78
1071.47
1072.25
1072.93
1073.59
1074.34
1074.98
1075.65
1076.36
1077
1077.65
1078.28
1078.96
1079.58
1080.25
1080.86
1081.51
1082.11
1082.75
1083.34
1083.97
1084.56
1085.2
1085.79
1086.43
1087.04
1087.7
1088.34
1089.04
1089.71
1090.41
1091.05
1091.74
1092.38
1093.08
1093.76
1094.5
1095.22
1095.99
1096.77
1097.53
1098.51
1099.26
1099.99
1100.81
1101.63
1102.51
1103.36
1104.27
1105.15
1106.11
1107.02
1108.01
1108.96
1110
1110.97
1112.03
1113.03
1114.16
1115.14
1116.18
1117.22
1118.31
1119.29
1120.35
1121.41
1122.39
1123.37
1124.43
1125.39
1126.35
1127.35
1128.29
1129.18
1130.18
1131.03
1131.73
1132.43
1133.12
1133.73
1134.51
1135.09
1135.76
1136.59
1137.23
1137.77
1138.61
1139.17
1139.7
1140.51
1141.03
1141.53
1142.14
1142.87
1143.36
1143.91
1144.4
1145.12
1145.7
1146.15
1146.64
1147.44
1147.95
1148.38
1148.92
1149.42
1149.98
1150.45
1150.94
1151.65
1152.11
1152.53
1152.98
1153.36
1153.89
1154.29
1154.79
1155.15
1155.67
1156.05
1156.45
1156.89
1157.27
1157.69
1158.06
1158.48
1158.84
1159.21
1159.61
1159.97
1160.34
1160.69
1161.1
1161.45
1161.89
1162.23
1162.71
1163.06
1163.58
1163.93
1164.5
1164.85
1165.45
1165.79
1166.19
1166.52
1166.85
1167.2
1167.55
1167.9
1168.25
1168.61
1168.96
1169.32
1169.68
1170.04
1170.4
1170.77
1171.13
1171.49
1171.86
1172.22
1172.59
1172.95
1173.32
1173.68
1174.05
1174.41
1174.77
1175.14
1175.5
1175.86
1176.22
1176.58
1176.94
1177.3
1177.66
1178.02
1178.38
1178.73
1179.09
1179.45
1179.8
1180.16
1180.51
1180.86
1181.22
1181.57
1181.92
1182.27
1182.62
1182.97
1183.32
1183.67
1184.01
1184.36
1184.71
1185.05
1185.4
1185.74
1186.09
1186.43
1186.77
1187.12
1187.46
1187.8
1188.14
1188.48
1188.82
1189.16
1189.5
1189.83
1190.17
1190.51
1190.84
1191.18
1191.51
1191.85
1192.18
1192.51
1192.84
1193.18
1193.51
1193.84
1194.17
1194.5
1194.83
1195.16
1195.49
1195.82
1196.14
1196.47
1196.8
1197.13
1197.46
1197.79
1198.12
1198.45
1198.78
1199.12
1199.45
1199.79
1200.12
1200.46
1200.8
1201.14
1201.48
1201.82
1202.16
1202.5
1202.84
1203.19
1203.53
1203.88
1204.23
1204.57
1204.92
1205.27
1205.62
1205.97
1206.32
1206.67
1207.03
1207.38
1207.73
1208.09
1208.45
1208.8
1209.16
1209.52
1209.89
1210.25
1210.61
1210.98
1211.35
1211.71
1212.09
1212.45
1212.82
1213.19
1213.57
1213.94
1214.32
1214.69
1215.07
1215.46
1215.84
1216.23
1216.61
1217
1217.39
1217.78
1218.17
1218.57
1218.97
1219.36
1219.77
1220.18
1220.58
1220.98
1221.4
1221.79
1222.23
1222.63
1223.11
1223.51
1223.99
1224.39
1224.88
1225.28
1225.76
1226.18
1226.65
1227.11
1227.55
1227.96
1228.45
1228.88
1229.34
1229.83
1230.27
1230.64
1231.23
1231.57
1232.06
1232.54
1232.98
1233.33
1233.97
1234.29
1234.76
1235.18
1235.66
1236.09
1236.55
1236.94
1237.41
1237.88
1238.29
1238.71
1239.18
1239.7
1240.15
1240.47
1240.9
1241.51
1241.9
1242.26
1242.67
1243.08
1243.53
1243.91
1244.34
1244.8
1245.24
1245.55
1245.96
1246.34
1246.71
1247.03
1247.4
1247.71
1248.07
1248.37
1248.73
1249.03
1249.38
1249.67
1250.02
1250.31
1250.65
1250.94
1251.28
1251.58
1251.92
1252.21
1252.55
1252.85
1253.19
1253.49
1253.82
1254.12
1254.45
1254.74
1255.07
1255.35
1255.68
1255.96
1256.28
1256.57
1256.89
1257.18
1257.51
1257.79
1258.13
1258.4
1258.74
1259.02
1259.37
1259.64
1260.01
1260.28
1260.67
1260.94
1261.35
1261.63
1262.05
1262.33
1262.78
1263.05
1263.52
1263.79
1264.28
1264.55
1265.07
1265.34
1265.89
1266.16
1266.74
1267.02
1267.31
1267.61
1267.9
1268.19
1268.48
1268.78
1269.07
1269.37
1269.67
1269.97
1270.27
1270.58
1270.88
1271.19
1271.5
1271.8
1272.11
1272.42
1272.73
1273.04
1273.35
1273.66
1273.97
1274.29
1274.61
1274.93
1275.25
1275.56
1276.13
1276.66
1277.2
1277.75
1278.31
1278.97
1279.59
1280.4
1280.98
1281.6
1282.6
1283.14
1283.93
1284.48
1285.43
1286
1286.81
1287.52
1288.35
1288.96
1289.91
1290.52
1291.38
1292.08
1292.67
1293.3
1293.98
1294.6
1295.28
1295.91
1296.6
1297.23
1297.92
1298.56
1299.25
1299.89
1300.6
1301.26
1302
1302.7
1303.45
1304.23
1304.96
1305.67
1306.68
1307.41
1308.18
1308.92
1309.77
1310.65
1311.5
1312.39
1313.35
1314.25
1315.26
1316.24
1317.33
1318.35
1319.56
1320.62
1322.03
1323.09
1324.23
1325.6
1326.73
1327.81
1328.97
1330.09
1331.27
1332.33
1333.48
1334.51
1335.63
1336.63
1337.74
1338.73
1339.81
1340.77
1341.8
1342.74
1343.8
1344.72
1345.71
1346.7
1347.63
1348.55
1349.56
1350.46
1351.37
1352.38
1353.27
1354.14
1355.12
1356.04
1356.93
1357.85
1358.71
1359.54
1360.56
1361.16
1361.81
1362.48
1363.17
1363.81
1364.57
1365.31
1365.95
1366.63
1367.37
1367.98
1368.61
1369.34
1369.87
1370.47
1371.06
1371.6
1372.27
1372.76
1373.29
1374.1
1374.57
1375.06
1375.61
1376.37
1376.85
1377.4
1377.86
1378.42
1378.91
1379.5
1379.9
1380.46
1380.95
1381.44
1382.19
1382.6
1383.01
1383.46
1383.87
1384.5
1384.89
1385.32
1385.67
1386.17
1386.52
1387.21
1387.53
1387.92
1388.25
1388.68
1389.15
1389.52
1389.85
1390.32
1390.66
1391.18
1391.51
1391.99
1392.36
1392.86
1393.25
1393.77
1394.16
1394.71
1395.09
1395.67
1396.05
1396.67
1397.04
1397.41
1397.8
1398.19
1398.56
1398.98
1399.34
1399.73
1400.12
1400.52
1400.9
1401.33
1401.68
1402.07
1402.47
1402.86
1403.25
1403.63
1404.04
1404.41
1404.84
1405.19
1405.59
1405.95
1406.37
1406.72
1407.12
1407.48
1407.88
1408.23
1408.63
1408.98
1409.37
1409.72
1410.11
1410.46
1410.84
1411.19
1411.57
1411.91
1412.29
1412.63
1413
1413.35
1413.71
1414.06
1414.42
1414.76
1415.12
1415.47
1415.82
1416.16
1416.51
1416.86
1417.21
1417.55
1417.89
1418.23
1418.58
1418.92
1419.26
1419.59
1419.93
1420.27
1420.6
1420.94
1421.27
1421.6
1421.93
1422.27
1422.6
1422.92
1423.25
1423.58
1423.91
1424.23
1424.56
1424.89
1425.21
1425.53
1425.86
1426.18
1426.5
1426.82
1427.15
1427.47
1427.79
1428.11
1428.43
1428.75
1429.07
1429.39
1429.71
1430.04
1430.36
1430.68
1431.01
1431.34
1431.66
1431.99
1432.32
1432.65
1432.98
1433.32
1433.65
1433.98
1434.32
1434.65
1434.99
1435.33
1435.67
1436.01
1436.35
1436.69
1437.03
1437.38
1437.72
1438.07
1438.42
1438.77
1439.12
1439.47
1439.83
1440.18
1440.53
1440.89
1441.25
1441.61
1441.97
1442.33
1442.69
1443.06
1443.42
1443.79
1444.16
1444.53
1444.9
1445.27
1445.64
1446.02
1446.39
1446.76
1447.19
1447.54
1447.89
1448.41
1448.75
1449.11
1449.46
1450.16
1450.5
1450.92
1451.28
1451.97
1452.31
1452.78
1453.12
1453.51
1454.18
1454.55
1455.21
1455.61
1456.24
1456.63
1457.26
1457.68
1458.29
1458.67
1459.3
1459.69
1460.31
1460.71
1461.3
1461.8
1462.37
1462.71
1463.28
1463.78
1464.31
1464.65
1465.2
1465.76
1466.26
1466.6
1467.09
1467.46
1468.11
1468.44
1468.89
1469.25
1469.76
1470.1
1470.51
1470.87
1471.26
1471.57
1471.97
1472.28
1472.67
1473
1473.36
1473.65
1474.01
1474.3
1474.65
1474.95
1475.29
1475.59
1475.93
1476.23
1476.57
1476.87
1477.21
1477.51
1477.84
1478.17
1478.49
1478.78
1479.15
1479.43
1479.84
1480.12
1480.51
1480.8
1481.18
1481.46
1481.85
1482.14
1482.54
1482.82
1483.22
1483.5
1483.9
1484.18
1484.59
1484.86
1485.29
1485.57
1486.01
1486.28
1486.74
1487.03
1487.5
1487.78
1488.28
1488.56
1489.07
1489.35
1489.88
1490.15
1490.7
1490.98
1491.56
1491.84
1492.44
1492.72
1493.34
1493.62
1493.97
1494.25
1494.57
1494.87
1495.19
1495.49
1495.82
1496.12
1496.45
1496.75
1497.09
1497.39
1497.73
1498.03
1498.36
1498.67
1499
1499.3
1499.63
1499.93
1500.27
1500.57
1500.91
1501.22
1501.56
1501.87
1502.2
1502.5
1502.83
1503.13
1503.46
1503.76
1504.09
1504.4
1504.73
1505.03
1505.37
1505.67
1506.01
1506.31
1506.64
1506.94
1507.27
1507.57
1507.89
1508.19
1508.52
1508.82
1509.15
1509.45
1509.79
1510.09
1510.42
1510.71
1511.04
1511.33
1511.66
1511.96
1512.29
1512.59
1512.94
1513.23
1513.59
1513.89
1514.26
1514.55
1514.93
1515.23
1515.62
1515.91
1516.31
1516.6
1517.02
1517.31
1517.74
1518.04
1518.49
1518.79
1519.25
1519.55
1520.01
1520.31
1520.79
1521.09
1521.58
1521.88
1522.39
1522.69
1523.46
1523.98
1524.76
1525.31
1526.15
1526.78
1527.63
1528.41
1529.25
1529.86
1530.98
1531.56
1532.72
1533.5
1534.23
1535.03
1535.96
1536.78
1537.38
1538.26
1539.1
1539.99
1540.68
1541.78
1542.48
1543.17
1544.04
1544.74
1545.47
1546.31
1547.05
1547.79
1548.65
1549.4
1550.19
1551.05
1551.98
1552.75
1553.66
1554.47
1555.41
1556.37
1557.33
1558.26
1559.36
1560.32
1561.36
1562.46
1563.53
1564.6
1565.74
1566.81
1567.95
1569.01
1570.16
1571.21
1572.35
1573.39
1574.53
1575.56
1576.7
1577.73
1578.86
1579.88
1581
1582.02
1583.13
1584.14
1585.25
1586.25
1587.32
1588.31
1589.39
1590.36
1591.37
1592.4
1593.37
1594.32
1595.35
1596.26
1597.2
1598.17
1599.08
1599.95
1600.91
1601.52
1602.21
1602.88
1603.57
1604.16
1605.05
1605.62
1606.28
1607.09
1607.65
1608.23
1609.07
1609.61
1610.16
1610.9
1611.44
1611.97
1612.81
1613.33
1613.84
1614.44
1615.21
1615.7
1616.27
1616.76
1617.57
1618.12
1618.6
1619.09
1619.74
1620.23
1621.05
1621.56
1622.05
1622.5
1623.01
1623.76
1624.23
1624.67
1625.14
1625.54
1626.17
1626.59
1627
1627.44
1628.06
1628.46
1628.85
1629.24
1629.7
1630.12
1630.63
1630.98
1631.37
1631.82
1632.21
1632.6
1633.02
1633.42
1633.83
1634.24
1634.66
1635.06
1635.51
1635.9
1636.37
1636.76
1637.27
1637.65
1638.18
1638.56
1639.13
1639.5
1640.09
1640.46
1641.08
1641.44
1642.08
1642.44
1643.11
1643.46
1643.83
1644.21
1644.57
1644.95
1645.32
1645.69
1646.06
1646.44
1646.81
1647.18
1647.55
1647.91
1648.28
1648.65
1649.02
1649.38
1649.75
1650.11
1650.48
1650.84
1651.21
1651.57
1651.94
1652.3
1652.66
1653.02
1653.39
1653.75
1654.11
1654.47
1654.83
1655.19
1655.55
1655.91
1656.27
1656.63
1656.99
1657.35
1657.71
1658.07
1658.42
1658.78
1659.13
1659.49
1659.84
1660.19
1660.55
1660.9
1661.25
1661.6
1661.95
1662.3
1662.65
1663
1663.35
1663.7
1664.04
1664.39
1664.74
1665.08
1665.43
1665.77
1666.11
1666.46
1666.8
1667.14
1667.48
1667.82
1668.16
1668.5
1668.84
1669.18
1669.52
1669.86
1670.19
1670.53
1670.87
1671.2
1671.54
1671.87
1672.21
1672.54
1672.88
1673.21
1673.54
1673.88
1674.21
1674.54
1674.87
1675.2
1675.54
1675.87
1676.2
1676.53
1676.87
1677.2
1677.53
1677.87
1678.21
1678.55
1678.88
1679.23
1679.57
1679.91
1680.25
1680.6
1680.95
1681.3
1681.64
1682
1682.35
1682.71
1683.06
1683.42
1683.77
1684.14
1684.49
1684.87
1685.22
1685.6
1685.96
1686.34
1686.7
1687.08
1687.45
1687.83
1688.2
1688.58
1688.96
1689.35
1689.73
1690.12
1690.5
1690.91
1691.29
1691.68
1692.11
1692.5
1692.96
1693.36
1693.83
1694.22
1694.69
1695.1
1695.57
1695.97
1696.45
1696.86
1697.34
1697.75
1698.23
1698.64
1699.14
1699.54
1700.06
1700.45
1700.95
1701.36
1701.89
1702.29
1702.78
1703.22
1703.71
1704.15
1704.68
1705.1
1705.54
1706.11
1706.53
1706.94
1707.41
1707.91
1708.36
1708.81
1709.3
1709.73
1710.27
1710.7
1711.13
1711.64
1712.14
1712.48
1712.99
1713.38
1713.97
1714.3
1714.83
1715.4
1715.8
1716.3
1716.7
1717.16
1717.57
1718.04
1718.47
1718.89
1719.27
1719.72
1720.08
1720.42
1720.84
1721.16
1721.51
1721.83
1722.2
1722.52
1722.88
1723.2
1723.55
1723.87
1724.23
1724.54
1724.89
1725.21
1725.56
1725.88
1726.23
1726.55
1726.91
1727.22
1727.58
1727.89
1728.25
1728.56
1728.9
1729.21
1729.55
1729.86
1730.19
1730.49
1730.83
1731.13
1731.47
1731.77
1732.11
1732.41
1732.75
1733.04
1733.39
1733.68
1734.04
1734.32
1734.71
1734.99
1735.4
1735.69
1736.12
1736.41
1736.87
1737.15
1737.63
1737.91
1738.42
1738.7
1739.23
1739.51
1740.08
1740.35
1740.95
1741.24
1741.54
1741.84
1742.15
1742.45
1742.74
1743.04
1743.35
1743.65
1743.95
1744.26
1744.56
1744.87
1745.18
1745.49
1745.81
1746.12
1746.43
1746.74
1747.06
1747.37
1747.68
1747.99
1748.3
1748.61
1748.92
1749.24
1749.56
1749.88
1750.19
1750.51
1750.82
1751.13
1751.44
1751.74
1752.05
1752.36
1752.67
1752.97
1753.28
1753.59
1753.9
1754.2
1754.51
1754.81
1755.12
1755.42
1755.72
1756.02
1756.31
1756.61
1756.91
1757.22
1757.52
1757.83
1758.13
1758.43
1758.73
1759.02
1759.32
1759.62
1759.91
1760.21
1760.5
1760.8
1761.1
1761.4
1761.71
1762.01
1762.31
1762.62
1762.92
1763.22
1763.53
1763.83
1764.13
1764.44
1764.75
1765.06
1765.37
1765.69
1766.01
1766.33
1766.64
1767.19
1767.74
1768.3
1768.87
1769.45
1770.05
1770.88
1771.49
1772.11
1773.04
1773.59
1774.82
1775.32
1776.12
1776.77
1777.61
1778.47
1779.31
1779.91
1781.04
1781.69
1782.59
1783.46
1784.38
1785.02
1785.87
1786.53
1787.24
1788.09
1788.81
1789.74
1790.6
1791.33
1792.13
1793.31
1794.14
1795.04
1796.06
1797.3
1798.28
1799.41
1800.44
1801.64
1802.85
1804.27
1805.44
1806.63
1807.75
1808.88
1810.13
1811.34
1812.56
1813.72
1814.87
1816.12
1817.25
1818.44
1819.68
1820.81
1821.98
1823.2
1824.35
1825.5
1826.74
1827.86
1829
1830.19
1831.3
1832.4
1833.58
1834.66
1835.76
1836.91
1837.99
1839.05
1840.2
1841.23
1842.28
1843.38
1844.21
1845
1845.93
1846.69
1847.59
1848.51
1849.26
1850.21
1851.02
1851.75
1852.65
1853.43
1854.12
1855.01
1855.77
1856.43
1857.13
1858.09
1858.72
1859.35
1860.07
1860.93
1861.53
1862.21
1862.84
1863.7
1864.39
1864.95
1865.55
1866.39
1866.93
1867.5
1868.19
1868.88
1869.42
1869.93
1870.68
1871.2
1871.72
1872.21
1872.82
1873.34
1873.84
1874.47
1874.92
1875.46
1875.99
1876.46
1877.01
1877.48
1878.04
1878.49
1878.93
1879.46
1879.89
1880.39
1880.83
1881.34
1881.76
1882.26
1882.68
1883.17
1883.58
1884.06
1884.47
1884.95
1885.36
1885.85
1886.27
1886.77
1887.19
1887.71
1888.12
1888.66
1889.07
1889.64
1890.05
1890.63
1891.05
1891.65
1892.06
1892.69
1893.09
1893.74
1894.14
1894.62
1895.01
1895.41
1895.84
1896.25
1896.74
1897.12
1897.51
1897.93
1898.34
1898.78
1899.16
1899.67
1900.04
1900.41
1900.82
1901.23
1901.64
1902.05
1902.45
1902.85
1903.26
1903.65
1904.07
1904.44
1905.17
1905.52
1905.88
1906.28
1906.66
1907.37
1907.72
1908.07
1908.55
1908.89
1909.24
1909.75
1910.09
1910.43
1910.79
1911.46
1911.8
1912.16
1912.82
1913.15
1913.52
1913.9
1914.25
1914.89
1915.22
1915.72
1916.04
1916.37
1916.7
1917.33
1917.65
1918.27
1918.58
1919.2
1919.51
1920.12
1920.43
1921.03
1921.35
1921.94
1922.25
1922.85
1923.16
1923.75
1924.05
1924.64
1924.95
1925.54
1925.84
1926.42
1926.73
1927.31
1927.61
1928.19
1928.49
1929.07
1929.37
1929.94
1930.24
1930.81
1931.11
1931.67
1931.97
1932.53
1932.83
1933.38
1933.69
1934.24
1934.54
1935.09
1935.4
1935.94
1936.25
1936.78
1937.1
1937.62
1937.94
1938.47
1938.79
1939.3
1939.63
1940.14
1940.47
1940.97
1941.3
1941.81
1942.14
1942.64
1942.98
1943.46
1943.81
1944.29
1944.65
1945.12
1945.48
1945.94
1946.29
1946.77
1947.12
1947.6
1947.95
1948.43
1948.77
1949.23
1949.6
1950.07
1950.44
1950.87
1951.24
1951.72
1952.08
1952.59
1952.93
1953.35
1953.82
1954.21
1954.61
1955.14
1955.52
1955.91
1956.32
1956.85
1957.21
1957.62
1958.02
1958.5
1958.89
1959.33
1959.76
1960.19
1960.61
1961.14
1961.49
1961.92
1962.33
1962.78
1963.38
1963.76
1964.16
1964.53
1964.93
1965.38
1965.77
1966.38
1966.73
1967.14
1967.52
1967.93
1968.33
1969.08
1969.44
1969.99
1970.31
1970.9
1971.46
1971.98
1972.29
1972.81
1973.12
1973.61
1974
1974.45
1974.77
1975.21
1975.55
1975.98
1976.31
1976.74
1977.07
1977.5
1977.83
1978.25
1978.58
1978.95
1979.28
1979.65
1979.98
1980.35
1980.69
1981.06
1981.39
1981.76
1982.09
1982.46
1982.79
1983.15
1983.47
1983.83
1984.15
1984.51
1984.82
1985.18
1985.5
1985.85
1986.17
1986.52
1986.83
1987.18
1987.48
1987.83
1988.13
1988.48
1988.78
1989.16
1989.45
1989.85
1990.15
1990.56
1990.86
1991.31
1991.6
1992.08
1992.37
1992.87
1993.16
1993.69
1993.98
1994.55
1994.85
1995.23
1995.53
1995.83
1996.14
1996.45
1996.76
1997.08
1997.4
1997.72
1998.04
1998.36
1998.69
1999.01
1999.34
1999.68
2000.01
2000.35
2000.68
2001.02
2001.36
2001.69
2002.03
2002.37
2002.7
2003.04
2003.38
2003.73
2004.07
2004.42
2004.76
2005.1
2005.44
2005.77
2006.11
2006.44
2006.78
2007.11
2007.44
2007.78
2008.11
2008.44
2008.78
2009.11
2009.44
2009.77
2010.1
2010.42
2010.75
2011.07
2011.39
2011.71
2012.03
2012.35
2012.68
2013
2013.32
2013.64
2013.96
2014.27
2014.58
2014.89
2015.21
2015.51
2015.83
2016.13
2016.45
2016.76
2017.07
2017.38
2017.69
2017.99
2018.3
2018.61
2018.91
2019.21
2019.52
2019.82
2020.12
2020.42
2020.73
2021.04
2021.35
2021.66
2021.96
2022.26
2022.59
2022.89
2023.21
2023.51
2023.84
2024.13
2024.46
2024.76
2025.09
2025.38
2025.71
2026.01
2026.34
2026.63
2026.96
2027.25
2027.58
2027.87
2028.2
2028.5
2028.84
2029.15
2029.5
2029.8
2030.17
2030.47
2030.84
2031.13
2031.52
2031.81
2032.45
2032.98
2033.63
2034.18
2034.88
2035.46
2036.31
2036.89
2037.84
2038.46
2039.41
2040.02
2041.43
2041.94
2042.9
2043.43
2044.73
2045.28
2046.24
2046.91
2047.83
2048.71
2049.63
2050.3
2051.46
2052.12
2052.84
2053.7
2054.44
2055.17
2056.07
2056.81
2057.59
2058.67
2059.45
2060.24
2061.2
2062.33
2063.28
2064.3
2065.27
2066.26
2067.54
2068.5
2069.59
2070.61
2071.76
2072.84
2073.89
2075.05
2076.14
2077.26
2078.38
2079.56
2080.67
2081.84
2082.95
2084.07
2085.18
2086.35
2087.46
2088.63
2089.74
2090.85
2092.05
2093.14
2094.27
2095.46
2096.58
2097.7
2098.9
2100
2101.11
2102.05
2102.95
2103.8
2104.81
2105.64
2106.5
2107.61
2108.44
2109.51
2110.41
2111.25
2112.26
2113.16
2113.96
2114.96
2115.82
2116.59
2117.4
2118.26
2119.24
2119.97
2120.77
2121.49
2122.46
2123.23
2123.93
2124.62
2125.69
2126.35
2127.03
2127.75
2128.72
2129.35
2130.08
2130.72
2131.36
2132.09
2132.72
2133.44
2134
2134.68
2135.28
2136.17
2136.74
2137.26
2137.82
2138.33
2138.92
2139.46
2140.01
2140.58
2141.16
2141.65
2142.13
2142.7
2143.16
2143.68
2144.16
2144.67
2145.13
2145.63
2146.08
2146.57
2147.01
2147.5
2147.93
2148.4
2148.83
2149.29
2149.71
2150.17
2150.59
2151.04
2151.46
2151.93
2152.33
2152.82
2153.22
2153.73
2154.13
2154.66
2155.05
2155.6
2156
2156.57
2156.96
2157.56
2157.94
2158.56
2158.94
2159.58
2159.95
2160.61
2160.98
2161.38
2161.78
2162.19
2162.57
2163.03
2163.39
2163.76
2164.23
2164.59
2164.96
2165.38
2165.75
2166.2
2166.55
2166.93
2167.41
2167.76
2168.12
2168.53
2168.89
2169.47
2169.81
2170.15
2170.5
2170.94
2171.28
2171.67
2172.05
2172.46
2172.81
2173.41
2173.74
2174.08
2174.42
2174.86
2175.2
2175.54
2176.21
2176.54
2176.92
2177.27
2177.91
2178.24
2178.88
2179.2
2179.83
2180.15
2180.77
2181.09
2181.7
2182.02
2182.62
2182.94
2183.52
2183.85
2184.42
2184.74
2185.31
2185.63
2186.2
2186.51
2187.07
2187.39
2187.94
2188.25
2188.8
2189.11
2189.65
2189.97
2190.5
2190.82
2191.35
2191.66
2192.19
2192.5
2193.02
2193.33
2193.85
2194.16
2194.67
2194.98
2195.48
2195.79
2196.29
2196.6
2197.09
2197.4
2197.88
2198.2
2198.67
2198.99
2199.46
2199.77
2200.23
2200.55
2201
2201.32
2201.77
2202.1
2202.53
2202.87
2203.3
2203.63
2204.06
2204.39
2204.81
2205.16
2205.57
2205.92
2206.34
2206.68
2207.1
2207.46
2207.87
2208.23
2208.65
2209.02
2209.44
2209.79
2210.24
2210.59
2211.04
2211.4
2211.83
2212.21
2212.67
2213.04
2213.48
2213.85
2214.34
2214.7
2215.16
2215.56
2215.99
2216.43
2216.85
2217.33
2217.74
2218.15
2218.64
2219.04
2219.52
2219.94
2220.44
2220.85
2221.29
2221.81
2222.26
2222.63
2223.11
2223.65
2224.06
2224.48
2224.91
2225.56
2225.97
2226.39
2226.8
2227.19
2227.75
2228.13
2228.58
2229.1
2229.51
2229.96
2230.41
2230.95
2231.36
2231.79
2232.45
2232.82
2233.27
2233.63
2234.08
2234.52
2234.95
2235.58
2236.02
2236.38
2236.77
2237.19
2237.64
2238.02
2238.7
2239.08
2239.45
2239.83
2240.2
2240.54
2240.94
2241.31
2241.69
2242.04
2242.43
2242.79
2243.18
2243.54
2243.94
2244.29
2244.69
2245.04
2245.44
2245.79
2246.18
2246.54
2246.93
2247.28
2247.67
2248.02
2248.41
2248.76
2249.14
2249.48
2249.86
2250.2
2250.57
2250.91
2251.27
2251.6
2251.97
2252.29
2252.66
2252.99
2253.35
2253.66
2254.02
2254.33
2254.67
2254.98
2255.32
2255.63
2255.99
2256.29
2256.66
2256.96
2257.37
2257.67
2258.09
2258.39
2258.85
2259.14
2259.63
2259.92
2260.44
2260.73
2261.29
2261.58
2262.18
2262.48
2263.12
2263.42
2263.73
2264.05
2264.37
2264.69
2265.01
2265.33
2265.66
2265.98
2266.31
2266.65
2266.98
2267.32
2267.66
2267.99
2268.33
2268.67
2269.01
2269.35
2269.69
2270.03
2270.37
2270.72
2271.06
2271.41
2271.76
2272.1
2272.45
2272.79
2273.12
2273.46
2273.8
2274.13
2274.47
2274.8
2275.14
2275.47
2275.8
2276.14
2276.47
2276.8
2277.13
2277.46
2277.79
2278.11
2278.43
2278.75
2279.07
2279.39
2279.71
2280.04
2280.36
2280.68
2281
2281.32
2281.63
2281.94
2282.25
2282.56
2282.87
2283.18
2283.48
2283.79
2284.1
2284.41
2284.71
2285.02
2285.33
2285.63
2285.93
2286.24
2286.54
2286.84
2287.14
2287.44
2287.74
2288.05
2288.35
2288.66
2288.97
2289.27
2289.57
2289.87
2290.16
2290.46
2290.76
2291.06
2291.36
2291.69
2291.98
2292.31
2292.61
2292.94
2293.24
2293.57
2293.87
2294.19
2294.49
2294.82
2295.11
2295.44
2295.74
2296.08
2296.38
2296.73
2297.04
2297.63
2298.16
2298.76
2299.31
2299.95
2300.52
2301.24
2302.07
2302.8
2303.45
2304.54
2305.07
2306.46
2306.97
2307.9
2308.46
2309.75
2310.33
2311.28
2312.22
2313.12
2313.76
2314.87
2315.54
2316.24
2317.12
2317.83
2318.54
2319.44
2320.15
2320.9
2321.78
2322.54
2323.35
2324.25
2325.21
2326.07
2327.04
2327.97
2329.16
2330.18
2331.08
2332.04
2333.12
2334.39
2335.43
2336.45
2337.45
2338.57
2339.62
2340.85
2341.93
2343.09
2344.19
2345.4
2346.49
2347.7
2348.79
2349.95
2351.13
2352.26
2353.38
2354.6
2355.71
2356.86
2358.06
2359.21
2360.35
2361.57
2362.7
2363.86
2365.06
2366
2366.91
2367.96
2368.83
2369.73
2370.68
2371.76
2372.62
2373.66
2374.68
2375.52
2376.47
2377.5
2378.34
2379.24
2380.27
2381.07
2381.94
2382.75
2383.76
2384.6
2385.34
2386.09
2387.17
2387.89
2388.62
2389.41
2390.43
2391.11
2391.9
2392.57
2393.56
2394.3
2394.97
2395.64
2396.34
2397.03
2398
2398.64
2399.23
2399.85
2400.48
2401.4
2401.99
2402.54
2403.12
2403.66
2404.34
2404.86
2405.4
2406.04
2406.54
2407.11
2407.61
2408.22
2408.7
2409.22
2409.74
2410.25
2410.76
2411.25
2411.74
2412.23
2412.71
2413.19
2413.66
2414.13
2414.58
2415.05
2415.5
2415.96
2416.4
2416.85
2417.28
2417.73
2418.15
2418.61
2419.02
2419.49
2419.9
2420.37
2420.78
2421.28
2421.68
2422.19
2422.59
2423.12
2423.51
2424.07
2424.46
2425.03
2425.41
2426
2426.38
2426.99
2427.36
2427.99
2428.36
2428.83
2429.19
2429.57
2429.98
2430.36
2430.97
2431.33
2431.7
2432.17
2432.53
2432.89
2433.36
2433.71
2434.08
2434.77
2435.12
2435.5
2435.93
2436.28
2436.76
2437.1
2437.46
2438.14
2438.49
2438.86
2439.54
2439.88
2440.24
2440.92
2441.25
2441.63
2442.03
2442.38
2443.04
2443.37
2443.78
2444.12
2444.53
2444.86
2445.29
2445.62
2445.96
2446.59
2446.91
2447.53
2447.86
2448.47
2448.79
2449.39
2449.71
2450.31
2450.63
2451.22
2451.54
2452.12
2452.43
2453.01
2453.32
2453.89
2454.21
2454.77
2455.08
2455.64
2455.95
2456.51
2456.82
2457.36
2457.67
2458.22
2458.53
2459.06
2459.37
2459.91
2460.21
2460.74
2461.05
2461.56
2461.87
2462.38
2462.69
2463.19
2463.5
2464
2464.31
2464.79
2465.1
2465.59
2465.89
2466.37
2466.68
2467.14
2467.46
2467.92
2468.24
2468.69
2469.01
2469.45
2469.78
2470.22
2470.54
2470.97
2471.31
2471.73
2472.06
2472.49
2472.83
2473.24
2473.59
2474
2474.35
2474.77
2475.12
2475.54
2475.89
2476.31
2476.67
2477.1
2477.46
2477.89
2478.24
2478.7
2479.05
2479.5
2479.86
2480.32
2480.69
2481.11
2481.54
2481.94
2482.39
2482.81
2483.18
2483.72
2484.07
2484.48
2484.95
2485.35
2485.81
2486.22
2486.75
2487.19
2487.55
2487.99
2488.46
2488.87
2489.29
2489.94
2490.32
2490.73
2491.13
2491.54
2491.98
2492.43
2493.05
2493.46
2493.86
2494.26
2494.64
2495.22
2495.58
2496.01
2496.52
2496.96
2497.33
2497.83
2498.2
2498.89
2499.25
2499.64
2500.05
2500.44
2500.92
2501.31
2501.81
2502.2
2502.61
2503.06
2503.61
2503.98
2504.36
2504.85
2505.26
2505.8
2506.15
2506.65
2506.99
2507.49
2507.83
2508.3
2508.65
2509.11
2509.46
2509.92
2510.27
2510.72
2511.08
2511.52
2511.87
2512.27
2512.62
2513.01
2513.36
2513.75
2514.1
2514.49
2514.84
2515.23
2515.57
2515.95
2516.29
2516.67
2517
2517.37
2517.7
2518.07
2518.4
2518.77
2519.1
2519.47
2519.79
2520.15
2520.46
2520.81
2521.12
2521.46
2521.77
2522.12
2522.42
2522.78
2523.09
2523.47
2523.77
2524.18
2524.47
2524.9
2525.2
2525.66
2525.95
2526.44
2526.74
2527.26
2527.56
2528.12
2528.42
2529.03
2529.33
2529.65
2529.97
2530.29
2530.61
2530.93
2531.25
2531.57
2531.9
2532.23
2532.56
2532.89
2533.23
2533.57
2533.91
2534.25
2534.59
2534.93
2535.27
2535.61
2535.95
2536.3
2536.64
2536.99
2537.34
2537.69
2538.04
2538.39
2538.73
2539.07
2539.42
2539.76
2540.1
2540.43
2540.77
2541.11
2541.45
2541.79
2542.13
2542.46
2542.8
2543.13
2543.47
2543.8
2544.13
2544.45
2544.78
2545.1
2545.43
2545.75
2546.08
2546.4
2546.73
2547.05
2547.37
2547.69
2548.01
2548.32
2548.63
2548.94
2549.25
2549.56
2549.87
2550.18
2550.49
2550.8
2551.11
2551.42
2551.73
2552.03
2552.34
2552.64
2552.94
2553.24
2553.54
2553.84
2554.15
2554.45
2554.76
2555.06
2555.37
2555.67
2555.97
2556.26
2556.59
2556.88
2557.21
2557.5
2557.83
2558.12
2558.45
2558.74
2559.07
2559.37
2559.69
2559.99
2560.31
2560.6
2560.93
2561.22
2561.54
2561.83
2562.16
2562.46
2562.8
2563.1
2563.44
2563.97
2564.54
2565.07
2565.68
2566.23
2566.88
2567.49
2568.41
2569.01
2569.76
2570.69
2571.35
2572.55
2573.2
2573.97
2574.65
2575.78
2576.45
2577.28
2578.27
2579.14
2579.81
2580.93
2581.61
2582.54
2583.4
2584.07
2584.78
2585.62
2586.34
2587.06
2587.93
2588.66
2589.43
2590.34
2591.12
2592.17
2593.12
2593.98
2594.91
2596.17
2597.09
2598.09
2599.07
2600.03
2601.42
2602.37
2603.45
2604.47
2605.58
2606.62
2607.85
2608.93
2610.14
2611.23
2612.44
2613.53
2614.73
2615.83
2617.03
2618.13
2619.34
2620.44
2621.62
2622.73
2623.95
2625.07
2626.25
2627.37
2628.62
2629.73
2630.91
2632.09
2633.04
2634.02
2634.99
2635.87
2636.94
2637.81
2638.77
2639.86
2640.79
2641.64
2642.76
2643.61
2644.45
2645.57
2646.39
2647.19
2648.23
2649.01
2649.79
2650.88
2651.64
2652.38
2653.21
2654.2
2654.91
2655.72
2656.43
2657.44
2658.2
2658.9
2659.57
2660.64
2661.29
2661.95
2662.71
2663.38
2664.06
2665.02
2665.64
2666.24
2666.86
2667.46
2668.41
2668.96
2669.54
2670.07
2670.65
2671.29
2671.84
2672.36
2673.06
2673.56
2674.07
2674.57
2675.14
2675.62
2676.19
2676.66
2677.21
2677.66
2678.2
2678.65
2679.17
2679.61
2680.12
2680.56
2681.06
2681.49
2681.98
2682.41
2682.88
2683.31
2683.77
2684.19
2684.65
2685.07
2685.52
2685.94
2686.4
2686.81
2687.29
2687.69
2688.18
2688.59
2689.1
2689.5
2690.02
2690.42
2690.97
2691.36
2691.92
2692.31
2692.9
2693.28
2693.88
2694.26
2694.88
2695.25
2695.89
2696.26
2696.91
2697.28
2697.67
2698.08
2698.46
2699.07
2699.43
2699.79
2700.17
2700.76
2701.12
2701.47
2701.83
2702.53
2702.88
2703.25
2703.94
2704.29
2704.65
2705.35
2705.69
2706.05
2706.74
2707.08
2707.43
2708.11
2708.45
2708.8
2709.48
2709.81
2710.17
2710.83
2711.16
2711.52
2712.18
2712.51
2712.89
2713.25
2713.8
2714.13
2714.45
2714.8
2715.43
2715.75
2716.38
2716.7
2717.32
2717.64
2718.25
2718.57
2719.18
2719.5
2720.1
2720.41
2721.01
2721.32
2721.91
2722.23
2722.81
2723.12
2723.7
2724.01
2724.59
2724.9
2725.47
2725.78
2726.34
2726.65
2727.21
2727.52
2728.07
2728.37
2728.92
2729.22
2729.76
2730.07
2730.6
2730.9
2731.42
2731.73
2732.24
2732.54
2733.05
2733.35
2733.85
2734.15
2734.64
2734.95
2735.43
2735.74
2736.22
2736.53
2737
2737.32
2737.78
2738.1
2738.55
2738.87
2739.32
2739.65
2740.09
2740.42
2740.86
2741.19
2741.62
2741.96
2742.37
2742.72
2743.14
2743.49
2743.9
2744.25
2744.67
2745.02
2745.44
2745.79
2746.2
2746.57
2746.99
2747.36
2747.78
2748.14
2748.59
2748.94
2749.4
2749.76
2750.2
2750.58
2751.03
2751.41
2751.85
2752.23
2752.71
2753.08
2753.54
2753.92
2754.42
2754.78
2755.24
2755.67
2756.11
2756.56
2756.98
2757.37
2757.93
2758.29
2758.74
2759.15
2759.58
2760.13
2760.53
2760.93
2761.36
2761.9
2762.34
2762.7
2763.14
2763.64
2764.07
2764.43
2764.97
2765.34
2765.78
2766.26
2766.66
2767.29
2767.73
2768.08
2768.48
2768.88
2769.32
2769.74
2770.19
2770.61
2771.25
2771.61
2772.03
2772.39
2772.76
2773.21
2773.64
2774
2774.59
2774.99
2775.35
2775.73
2776.1
2776.44
2776.82
2777.18
2777.55
2777.88
2778.26
2778.6
2778.98
2779.33
2779.71
2780.05
2780.43
2780.77
2781.15
2781.49
2781.87
2782.21
2782.59
2782.93
2783.3
2783.64
2784.02
2784.35
2784.72
2785.05
2785.42
2785.75
2786.11
2786.43
2786.78
2787.1
2787.46
2787.78
2788.14
2788.45
2788.8
2789.11
2789.45
2789.75
2790.09
2790.39
2790.74
2791.04
2791.41
2791.7
2792.09
2792.39
2792.81
2793.1
2793.54
2793.84
2794.31
2794.6
2795.1
2795.39
2795.93
2796.21
2796.79
2797.08
2797.7
2798
2798.31
2798.62
2798.94
2799.26
2799.57
2799.89
2800.21
2800.53
2800.86
2801.19
2801.52
2801.85
2802.18
2802.52
2802.86
2803.19
2803.53
2803.87
2804.21
2804.54
2804.88
2805.22
2805.56
2805.9
2806.25
2806.59
2806.94
2807.28
2807.62
2807.96
2808.29
2808.63
2808.96
2809.3
2809.63
2809.97
2810.3
2810.63
2810.97
2811.3
2811.63
2811.96
2812.29
2812.62
2812.94
2813.27
2813.59
2813.91
2814.23
2814.55
2814.87
2815.2
2815.52
2815.84
2816.16
2816.47
2816.78
2817.1
2817.41
2817.72
2818.03
2818.34
2818.65
2818.96
2819.26
2819.57
2819.88
2820.19
2820.5
2820.8
2821.11
2821.41
2821.71
2822.02
2822.32
2822.62
2822.93
2823.24
2823.55
2823.86
2824.16
2824.47
2824.77
2825.1
2825.39
2825.72
2826.02
2826.35
2826.65
2826.98
2827.52
2828.09
2828.64
2829.28
2830.01
2830.65
2831.27
2832.19
2832.79
2833.54
2834.39
2835.43
2836.2
2836.86
2837.66
2838.62
2839.41
2840.07
2841.14
2841.82
2842.66
2843.56
2844.43
2845.07
2845.85
2846.5
2847.13
2847.93
2848.58
2849.27
2850.08
2850.79
2851.73
2852.57
2853.29
2854.08
2855.24
2856.09
2857.05
2857.99
2859.2
2860.28
2861.28
2862.46
2863.66
2864.82
2865.91
2867.12
2868.31
2869.53
2870.64
2871.89
2872.98
2874.21
2875.31
2876.52
2877.63
2878.83
2879.93
2881.14
2882.24
2883.45
2884.54
2885.73
2886.83
2888.03
2889.13
2890.28
2891.44
2892.55
2893.63
2894.81
2895.86
2896.95
2898.07
2899.14
2900.18
2901.32
2902.11
2902.99
2903.86
2904.71
2905.51
2906.48
2907.41
2908.29
2909.16
2910.12
2910.9
2911.74
2912.71
2913.45
2914.26
2915.21
2915.93
2916.73
2917.44
2918.38
2919.15
2919.81
2920.48
2921.5
2922.14
2922.82
2923.54
2924.49
2925.1
2925.82
2926.44
2927.37
2928.06
2928.66
2929.23
2929.86
2930.57
2931.14
2931.76
2932.35
2933.23
2933.77
2934.27
2934.83
2935.33
2935.99
2936.46
2937.02
2937.59
2938.1
2938.59
2939.15
2939.62
2940.18
2940.63
2941.14
2941.6
2942.12
2942.56
2943.08
2943.51
2944
2944.43
2944.92
2945.33
2945.81
2946.23
2946.69
2947.11
2947.56
2947.97
2948.43
2948.83
2949.29
2949.7
2950.16
2950.57
2951.05
2951.46
2951.95
2952.36
2952.87
2953.27
2953.82
2954.2
2954.77
2955.16
2955.75
2956.13
2956.75
2957.12
2957.76
2958.13
2958.53
2958.92
2959.34
2959.71
2960.4
2960.76
2961.3
2961.65
2962.01
2962.38
2963.1
2963.45
2963.8
2964.3
2964.64
2964.99
2965.53
2965.87
2966.21
2966.58
2967.33
2967.67
2968
2968.36
2969.11
2969.44
2969.78
2970.13
2970.87
2971.2
2971.52
2971.87
2972.6
2972.93
2973.25
2973.6
2974.32
2974.64
2974.96
2975.3
2976.01
2976.33
2976.64
2977
2977.39
2977.72
2978.4
2978.71
2979.03
2979.42
2979.74
2980.29
2980.6
2980.9
2981.22
2981.87
2982.17
2982.5
2983.14
2983.44
2983.76
2984.27
2984.57
2984.87
2985.18
2985.52
2985.84
2986.2
2986.5
2986.83
2987.15
2987.47
2987.8
2988.12
2988.44
2988.76
2989.08
2989.39
2989.72
2990.03
2990.35
2990.66
2990.98
2991.29
2991.61
2991.93
2992.25
2992.56
2992.89
2993.2
2993.53
2993.85
2994.18
2994.5
2994.84
2995.15
2995.5
2995.82
2996.16
2996.49
2996.83
2997.16
2997.51
2997.84
2998.19
2998.52
2998.88
2999.22
2999.56
2999.94
3000.28
3000.71
3001.06
3001.49
3001.83
3002.25
3002.61
3003.03
3003.39
3003.81
3004.18
3004.59
3004.95
3005.38
3005.74
3006.18
3006.54
3006.97
3007.35
3007.79
3008.16
3008.6
3008.96
3009.44
3009.79
3010.26
3010.62
3011.11
3011.46
3011.9
3012.32
3012.74
3013.16
3013.57
3014.06
3014.44
3014.85
3015.37
3015.74
3016.13
3016.56
3017
3017.41
3017.99
3018.34
3018.77
3019.12
3019.56
3020.02
3020.45
3020.81
3021.46
3021.85
3022.22
3022.62
3022.98
3023.41
3023.85
3024.26
3024.66
3025.29
3025.63
3025.95
3026.43
3026.76
3027.27
3027.62
3027.98
3028.6
3028.93
3029.25
3029.77
3030.16
3030.67
3031
3031.49
3031.81
3032.3
3032.61
3033.05
3033.36
3033.8
3034.12
3034.55
3034.87
3035.29
3035.61
3036.03
3036.35
3036.76
3037.08
3037.49
3037.82
3038.19
3038.51
3038.91
3039.24
3039.64
3039.96
3040.32
3040.64
3040.99
3041.3
3041.65
3041.96
3042.3
3042.61
3042.96
3043.27
3043.62
3043.93
3044.27
3044.56
3044.9
3045.2
3045.55
3045.84
3046.2
3046.49
3046.88
3047.17
3047.58
3047.87
3048.3
3048.6
3049.06
3049.34
3049.83
3050.12
3050.63
3050.92
3051.46
3051.75
3052.34
3052.63
3052.95
3053.26
3053.58
3053.89
3054.2
3054.51
3054.83
3055.14
3055.46
3055.78
3056.1
3056.43
3056.75
3057.08
3057.41
3057.74
3058.08
3058.41
3058.74
3059.07
3059.4
3059.74
3060.07
3060.4
3060.74
3061.08
3061.42
3061.76
3062.1
3062.44
3062.77
3063.1
3063.43
3063.76
3064.09
3064.42
3064.75
3065.08
3065.41
3065.74
3066.07
3066.4
3066.73
3067.06
3067.38
3067.71
3068.03
3068.35
3068.67
3068.99
3069.31
3069.63
3069.95
3070.28
3070.6
3070.92
3071.23
3071.55
3071.86
3072.17
3072.48
3072.79
3073.1
3073.42
3073.73
3074.04
3074.35
3074.66
3074.97
3075.28
3075.59
3075.9
3076.21
3076.52
3076.82
3077.16
3077.47
3077.81
3078.12
3078.46
3078.77
3079.11
3079.42
3079.76
3080.06
3080.4
3080.7
3081.04
3081.58
3082.16
3082.71
3083.34
3083.96
3084.78
3085.36
3086.18
3086.81
3087.82
3088.39
3089.71
3090.22
3091.14
3091.7
3092.94
3093.48
3094.41
3095.24
3096.19
3096.81
3097.98
3098.61
3099.52
3100.31
3100.97
3101.6
3102.42
3103.07
3103.77
3104.58
3105.3
3106.02
3107.08
3107.79
3108.56
3109.45
3110.54
3111.48
3112.38
3113.31
3114.5
3115.47
3116.91
3117.94
3119.05
3120.17
3121.31
3122.5
3123.68
3124.88
3126.06
3127.25
3128.39
3129.59
3130.73
3131.92
3133.05
3134.24
3135.38
3136.56
3137.7
3138.85
3139.99
3141.18
3142.32
3143.44
3144.66
3145.76
3146.91
3148.1
3149.22
3150.33
3151.51
3152.57
3153.67
3154.8
3155.86
3156.91
3157.84
3158.64
3159.54
3160.41
3161.32
3162.21
3163.09
3164.11
3164.89
3165.76
3166.73
3167.5
3168.33
3169.27
3170.01
3170.81
3171.58
3172.31
3173.32
3173.99
3174.66
3175.42
3176.35
3176.99
3177.72
3178.39
3179.3
3180.02
3180.65
3181.25
3182.27
3182.89
3183.45
3184.1
3184.74
3185.38
3185.96
3186.87
3187.43
3187.96
3188.51
3189.05
3189.93
3190.41
3190.96
3191.43
3191.97
3192.52
3193.02
3193.73
3194.2
3194.65
3195.12
3195.63
3196.12
3196.64
3197.1
3197.61
3198.06
3198.55
3199
3199.48
3199.93
3200.39
3200.84
3201.29
3201.73
3202.17
3202.61
3203.04
3203.48
3203.9
3204.34
3204.76
3205.21
3205.62
3206.09
3206.5
3206.99
3207.39
3207.89
3208.29
3208.82
3209.21
3209.76
3210.15
3210.72
3211.1
3211.7
3212.08
3212.69
3213.06
3213.7
3214.07
3214.72
3215.09
3215.75
3216.12
3216.52
3216.91
3217.34
3217.7
3218.2
3218.55
3218.91
3219.32
3219.69
3220.41
3220.76
3221.11
3221.54
3221.88
3222.52
3222.86
3223.2
3223.54
3224.16
3224.5
3224.83
3225.17
3225.9
3226.23
3226.56
3226.93
3227.45
3227.77
3228.1
3228.46
3229.02
3229.35
3229.66
3230
3230.69
3231.01
3231.33
3231.71
3232.05
3232.73
3233.04
3233.36
3233.79
3234.1
3234.43
3235.09
3235.4
3235.71
3236.37
3236.67
3236.99
3237.63
3237.94
3238.26
3238.89
3239.19
3239.53
3239.87
3240.2
3240.55
3240.86
3241.22
3241.52
3241.85
3242.18
3242.49
3242.82
3243.13
3243.46
3243.77
3244.1
3244.41
3244.73
3245.04
3245.36
3245.67
3245.99
3246.3
3246.62
3246.93
3247.25
3247.56
3247.88
3248.19
3248.52
3248.83
3249.16
3249.48
3249.81
3250.13
3250.47
3250.79
3251.13
3251.45
3251.79
3252.12
3252.46
3252.79
3253.14
3253.47
3253.83
3254.16
3254.51
3254.85
3255.21
3255.55
3255.9
3256.27
3256.61
3256.96
3257.35
3257.7
3258.13
3258.49
3258.92
3259.28
3259.69
3260.07
3260.49
3260.87
3261.28
3261.65
3262.09
3262.45
3262.89
3263.27
3263.72
3264.07
3264.53
3264.88
3265.37
3265.72
3266.17
3266.56
3266.99
3267.42
3267.84
3268.21
3268.7
3269.05
3269.56
3269.91
3270.33
3270.8
3271.19
3271.61
3272.04
3272.41
3273.03
3273.37
3273.78
3274.13
3274.56
3274.99
3275.43
3275.85
3276.29
3276.66
3277.12
3277.52
3278.02
3278.36
3278.76
3279.36
3279.71
3280.12
3280.48
3280.82
3281.4
3281.7
3282.15
3282.49
3282.93
3283.44
3283.85
3284.35
3284.75
3285.22
3285.57
3286.02
3286.37
3286.78
3287.13
3287.53
3287.88
3288.27
3288.63
3289.01
3289.37
3289.74
3290.1
3290.47
3290.83
3291.19
3291.55
3291.92
3292.28
3292.64
3293
3293.32
3293.68
3294
3294.36
3294.67
3295.02
3295.33
3295.68
3295.99
3296.33
3296.64
3296.98
3297.29
3297.64
3297.95
3298.29
3298.58
3298.93
3299.22
3299.57
3299.87
3300.24
3300.53
3300.92
3301.21
3301.63
3301.92
3302.36
3302.65
3303.12
3303.41
3303.91
3304.19
3304.72
3305
3305.56
3305.85
3306.23
3306.52
3306.82
3307.12
3307.43
3307.74
3308.05
3308.37
3308.68
3309
3309.32
3309.64
3309.96
3310.28
3310.61
3310.94
3311.27
3311.6
3311.94
3312.27
3312.6
3312.94
3313.27
3313.6
3313.93
3314.27
3314.6
3314.94
3315.28
3315.63
3315.97
3316.3
3316.64
3316.97
3317.3
3317.63
3317.96
3318.29
3318.62
3318.95
3319.28
3319.61
3319.94
3320.27
3320.6
3320.93
3321.25
3321.58
3321.9
3322.22
3322.54
3322.86
3323.18
3323.5
3323.82
3324.15
3324.47
3324.79
3325.11
3325.42
3325.73
3326.05
3326.36
3326.67
3326.98
3327.29
3327.6
3327.91
3328.23
3328.54
3328.85
3329.16
3329.47
3329.78
3330.09
3330.39
3330.7
3331.01
3331.31
3331.65
3331.96
3332.31
3332.62
3332.96
3333.26
3333.6
3333.91
3334.24
3334.54
3334.88
3335.19
3335.53
3336.07
3336.67
3337.22
3337.87
3338.56
3339.24
3340
3340.7
3341.38
3342.39
3342.99
3344.13
3344.9
3345.58
3346.38
3347.37
3348.17
3348.85
3349.94
3350.65
3351.5
3352.36
3353.24
3353.89
3354.7
3355.36
3356
3356.83
3357.5
3358.2
3359.03
3359.75
3360.7
3361.54
3362.28
3363.08
3364.26
3365.12
3366.11
3367.06
3368.33
3369.47
3370.48
3371.64
3372.74
3374.13
3375.3
3376.43
3377.62
3378.76
3379.97
3381.14
3382.34
3383.49
3384.69
3385.83
3387.03
3388.17
3389.37
3390.51
3391.71
3392.84
3394
3395.14
3396.34
3397.47
3398.62
3399.76
3400.95
3402.05
3403.18
3404.28
3405.43
3406.51
3407.57
3408.72
3409.76
3410.82
3411.71
3412.58
3413.38
3414.33
3415.12
3416.07
3417.02
3417.96
3418.81
3419.66
3420.61
3421.36
3422.19
3423.14
3423.86
3424.65
3425.43
3426.14
3427.14
3427.81
3428.49
3429.23
3430.15
3430.79
3431.5
3432.18
3433.08
3433.77
3434.41
3435.01
3436.01
3436.63
3437.18
3437.81
3438.44
3439.1
3439.66
3440.56
3441.12
3441.67
3442.18
3442.73
3443.64
3444.12
3444.66
3445.14
3445.68
3446.23
3446.74
3447.45
3447.92
3448.37
3448.86
3449.34
3449.86
3450.34
3450.87
3451.31
3451.83
3452.27
3452.78
3453.21
3453.7
3454.13
3454.62
3455.03
3455.51
3455.93
3456.4
3456.81
3457.27
3457.68
3458.14
3458.55
3459.01
3459.42
3459.89
3460.3
3460.79
3461.19
3461.7
3462.1
3462.63
3463.03
3463.57
3463.96
3464.53
3464.92
3465.51
3465.89
3466.5
3466.87
3467.5
3467.87
3468.52
3468.89
3469.55
3469.91
3470.59
3470.95
3471.35
3471.74
3472.3
3472.66
3473.01
3473.37
3474.09
3474.44
3474.79
3475.51
3475.86
3476.21
3476.71
3477.05
3477.4
3477.85
3478.19
3478.56
3479.14
3479.48
3479.81
3480.16
3480.88
3481.21
3481.54
3481.92
3482.33
3482.67
3483.33
3483.65
3483.98
3484.31
3485.01
3485.33
3485.65
3486.06
3486.38
3486.82
3487.14
3487.47
3488.14
3488.45
3488.77
3489.43
3489.74
3490.07
3490.71
3491.02
3491.35
3491.98
3492.29
3492.63
3493
3493.31
3493.7
3494.01
3494.33
3494.72
3495.02
3495.33
3495.66
3495.99
3496.32
3496.64
3496.97
3497.28
3497.61
3497.92
3498.25
3498.56
3498.88
3499.19
3499.52
3499.83
3500.15
3500.46
3500.78
3501.09
3501.41
3501.72
3502.05
3502.36
3502.69
3503
3503.33
3503.65
3503.98
3504.3
3504.64
3504.96
3505.3
3505.62
3505.96
3506.29
3506.64
3506.97
3507.31
3507.65
3508
3508.33
3508.69
3509.03
3509.39
3509.74
3510.08
3510.47
3510.82
3511.25
3511.6
3512.02
3512.39
3512.81
3513.18
3513.6
3513.97
3514.39
3514.76
3515.18
3515.54
3515.99
3516.34
3516.8
3517.15
3517.61
3517.98
3518.41
3518.78
3519.26
3519.61
3520.06
3520.44
3520.9
3521.26
3521.76
3522.11
3522.55
3522.96
3523.39
3523.8
3524.24
3524.64
3525.18
3525.56
3525.94
3526.31
3526.9
3527.24
3527.63
3528.03
3528.65
3529.03
3529.4
3529.75
3530.18
3530.63
3531.04
3531.43
3531.91
3532.33
3532.68
3533.27
3533.63
3533.99
3534.39
3534.79
3535.26
3535.58
3536.22
3536.72
3537.3
3537.6
3538.12
3538.5
3539.09
3539.4
3539.93
3540.26
3540.72
3541.04
3541.51
3541.82
3542.25
3542.57
3543
3543.32
3543.75
3544.07
3544.48
3544.81
3545.22
3545.54
3545.95
3546.27
3546.63
3546.95
3547.31
3547.64
3548
3548.32
3548.68
3549
3549.35
3549.67
3550.02
3550.33
3550.67
3550.98
3551.33
3551.63
3551.98
3552.29
3552.64
3552.94
3553.28
3553.58
3553.92
3554.22
3554.57
3554.87
3555.24
3555.53
3555.93
3556.22
3556.65
3556.94
3557.39
3557.68
3558.16
3558.44
3558.95
3559.23
3559.77
3560.05
3560.62
3560.91
3561.52
3561.81
3562.13
3562.44
3562.76
3563.07
3563.38
3563.7
3564.02
3564.33
3564.65
3564.98
3565.3
3565.63
3565.96
3566.29
3566.62
3566.96
3567.29
3567.63
3567.96
3568.29
3568.63
3568.96
3569.3
3569.63
3569.97
3570.31
3570.66
3571
3571.34
3571.67
3572.01
3572.34
3572.67
3573.01
3573.34
3573.67
3574
3574.33
3574.66
3575
3575.33
3575.66
3575.98
3576.31
3576.64
3576.96
3577.28
3577.6
3577.92
3578.24
3578.57
3578.89
3579.22
3579.54
3579.86
3580.18
3580.5
3580.81
3581.12
3581.44
3581.75
3582.06
3582.37
3582.69
3583
3583.31
3583.62
3583.94
3584.25
3584.56
3584.87
3585.18
3585.49
3585.8
3586.1
3586.41
3586.72
3587.03
3587.35
3587.7
3588.01
3588.35
3588.66
3589
3589.3
3589.64
3589.94
3590.28
3590.82
3591.4
3591.95
3592.58
3593.24
3593.92
3594.75
3595.43
3596.07
3597.07
3597.65
3598.97
3599.49
3600.41
3600.97
3602.21
3602.76
3603.68
3604.55
3605.49
3606.11
3607.23
3607.86
3608.77
3609.57
3610.22
3610.86
3611.68
3612.33
3613.03
3613.84
3614.56
3615.29
3616.36
3617.08
3617.86
3618.77
3619.88
3620.85
3621.77
3622.72
3624.14
3625.14
3626.27
3627.36
3628.47
3629.98
3631.12
3632.31
3633.43
3634.62
3635.76
3637
3638.13
3639.37
3640.51
3641.73
3642.88
3644.1
3645.26
3646.48
3647.64
3648.8
3649.99
3651.21
3652.36
3653.53
3654.77
3655.9
3657.08
3658.29
3659.43
3660.56
3661.76
3662.84
3663.97
3665.11
3666.19
3667.03
3668.01
3668.84
3669.72
3670.62
3671.49
3672.5
3673.42
3674.32
3675.28
3676.15
3676.94
3677.91
3678.75
3679.49
3680.46
3681.26
3682
3682.73
3683.76
3684.44
3685.13
3685.89
3686.85
3687.5
3688.25
3688.91
3689.87
3690.58
3691.23
3691.85
3692.87
3693.5
3694.09
3694.71
3695.37
3696.07
3696.63
3697.55
3698.13
3698.68
3699.24
3699.77
3700.67
3701.18
3701.71
3702.23
3702.76
3703.35
3703.83
3704.59
3705.05
3705.54
3706
3706.55
3707.03
3707.62
3708.06
3708.56
3709.07
3709.55
3710.04
3710.51
3711
3711.46
3711.93
3712.39
3712.85
3713.31
3713.76
3714.21
3714.65
3715.11
3715.54
3715.99
3716.42
3716.88
3717.3
3717.78
3718.19
3718.68
3719.09
3719.6
3720.01
3720.53
3720.93
3721.47
3721.87
3722.43
3722.82
3723.4
3723.79
3724.39
3724.77
3725.38
3725.76
3726.39
3726.76
3727.24
3727.61
3727.98
3728.45
3728.82
3729.19
3729.86
3730.22
3730.91
3731.26
3731.67
3732.05
3732.59
3732.94
3733.29
3733.66
3734.36
3734.71
3735.06
3735.77
3736.11
3736.46
3737.16
3737.5
3737.84
3738.54
3738.88
3739.22
3739.91
3740.24
3740.58
3741.27
3741.6
3741.93
3742.61
3742.94
3743.27
3743.95
3744.27
3744.59
3745.26
3745.58
3745.91
3746.57
3746.88
3747.21
3747.87
3748.18
3748.5
3749.15
3749.46
3749.78
3750.42
3750.73
3751.05
3751.69
3751.99
3752.31
3752.94
3753.24
3753.59
3753.91
3754.29
3754.59
3754.9
3755.24
3755.55
3755.88
3756.19
3756.52
3756.83
3757.15
3757.47
3757.79
3758.1
3758.41
3758.73
3759.04
3759.35
3759.67
3759.98
3760.3
3760.61
3760.93
3761.25
3761.57
3761.89
3762.21
3762.53
3762.86
3763.18
3763.52
3763.84
3764.17
3764.5
3764.84
3765.16
3765.51
3765.83
3766.19
3766.51
3766.85
3767.2
3767.54
3767.89
3768.24
3768.58
3768.93
3769.29
3769.63
3769.99
3770.34
3770.77
3771.12
3771.55
3771.9
3772.32
3772.69
3773.1
3773.46
3773.89
3774.26
3774.69
3775.05
3775.47
3775.86
3776.27
3776.68
3777.07
3777.5
3777.9
3778.28
3778.72
3779.12
3779.54
3779.99
3780.88
3781.46
3782.11
3782.7
3783.27
3784.1
3784.66
3785.25
3785.8
3786.39
3787.17
3787.74
3788.29
3788.9
3789.48
3790.21
3790.77
3791.31
3791.87
3792.43
3793
3793.59
3794.26
3794.82
3795.7
3796.35
3796.96
3797.62
3798.46
3799.09
3799.75
3800.54
3801.2
3801.82
3802.62
3803.25
3803.91
3804.66
3805.33
3805.96
3806.73
3807.35
3808
3808.71
3809.35
3809.97
3810.69
3811.28
3811.91
3812.58
3813.18
3813.84
3814.44
3815.09
3815.7
3816.36
3816.98
3817.65
3818.27
3818.92
3819.53
3820.17
3820.78
3821.42
3822.03
3822.67
3823.29
3823.95
3824.58
3825.27
3825.94
3826.66
3827.35
3828.1
3828.82
3829.61
3830.38
3831.21
3832.01
3832.89
3833.74
3834.66
3835.56
3836.51
3837.47
3838.53
3839.57
3840.65
3841.83
3843.1
3844.2
3845.36
3846.67
3847.75
3848.94
3850.22
3851.3
3852.5
3853.65
3854.69
3855.99
3856.98
3858
3859.06
3860.05
3861.01
3862.07
3862.99
3863.94
3864.93
3865.86
3866.75
3867.74
3868.61
3869.53
3870.47
3871.38
3872.23
3873.21
3874.05
3874.94
3875.85
3876.73
3877.56
3878.51
3879.32
3880.19
3881.08
3881.94
3882.74
3883.67
3884.26
3884.95
3885.61
3886.23
3886.8
3887.55
3888.11
3888.7
3889.42
3890.24
3890.8
3891.51
3892.07
3892.77
3893.37
3893.99
3894.61
3895.24
3895.8
3896.34
3896.98
3897.51
3898.03
3898.61
3899.11
3899.68
3900.17
3900.76
3901.27
3901.78
3902.24
3902.79
3903.25
3903.78
3904.24
3904.76
3905.2
3905.71
3906.15
3906.65
3907.1
3907.57
3908.03
3908.48
3908.93
3909.38
3909.82
3910.26
3910.69
3911.12
3911.55
3911.99
3912.42
3912.88
3913.28
3913.76
3914.19
3914.69
3915.07
3915.66
3916.03
3916.6
3916.99
3917.62
3918
3918.4
3919.07
3919.45
3920.15
3920.52
3920.92
3921.65
3922.03
3922.41
3923.18
3923.55
3923.92
3924.33
3925.15
3925.52
3925.88
3926.26
3927.11
3927.47
3927.83
3928.19
3928.64
3929.03
3929.9
3930.25
3930.6
3930.96
3931.34
3931.99
3932.33
3932.68
3933.03
3933.44
3933.82
3934.26
3934.61
3935.02
3935.38
3935.82
3936.16
3936.52
3936.92
3937.26
3937.66
3938
3938.37
3938.72
3939.09
3939.43
3939.79
3940.13
3940.48
3940.82
3941.17
3941.5
3941.85
3942.18
3942.53
3942.86
3943.2
3943.53
3943.87
3944.2
3944.54
3944.86
3945.2
3945.53
3945.87
3946.19
3946.53
3946.85
3947.19
3947.51
3947.84
3948.17
3948.51
3948.83
3949.15
3949.5
3949.82
3950.15
3950.48
3950.81
3951.14
3951.47
3951.79
3952.12
3952.45
3952.78
3953.1
3953.46
3953.79
3954.16
3954.48
3954.85
3955.18
3955.55
3955.87
3956.25
3956.57
3956.95
3957.27
3957.65
3957.98
3958.37
3958.69
3959.08
3959.4
3959.81
3960.13
3960.53
3960.86
3961.27
3961.59
3962.01
3962.33
3962.76
3963.08
3963.51
3963.83
3964.27
3964.59
3965.04
3965.36
3965.81
3966.13
3966.58
3966.91
3967.36
3967.69
3968.15
3968.48
3968.94
3969.28
3969.74
3970.07
3970.54
3970.88
3971.34
3971.69
3972.15
3972.5
3972.97
3973.31
3973.78
3974.14
3974.61
3974.96
3975.43
3975.79
3976.26
3976.62
3977.09
3977.45
3977.93
3978.29
3978.76
3979.13
3980.12
3980.7
3981.27
3981.9
3982.54
3983.12
3983.77
3984.35
3985
3985.57
3986.18
3986.78
3987.36
3987.97
3988.56
3989.15
3989.74
3990.35
3990.94
3991.53
3992.12
3992.72
3993.32
3993.93
3994.51
3995.2
3995.73
3996.76
3997.26
3997.81
3998.33
3999.32
3999.82
4000.36
4001.24
4001.78
4002.31
4003.17
4003.68
4004.33
4005.1
4005.65
4006.17
4006.94
4007.45
4008.19
4008.7
4009.26
4009.94
4010.49
4011.17
4011.72
4012.25
4013
4013.53
4014.1
4014.9
4015.48
4016.04
4016.67
4017.55
4018.12
4018.68
4019.56
4020.11
4020.96
4021.54
4022.16
4022.98
4023.63
4024.45
4025.14
4025.83
4026.75
4027.53
4028.42
4029.39
4030.28
4031.15
4032.19
4033.07
4034.04
4035.06
4036.02
4036.96
4038
4038.96
4039.87
4040.84
4041.79
4042.65
4043.68
4044.53
4045.46
4046.38
4047.31
4048.13
4049.16
4049.97
4050.93
4051.82
4052.81
4053.61
4054.63
4055.47
4056.41
4057.33
4058.25
4059.07
4060.11
4060.9
4061.76
4062.66
4063.71
4064.58
4065.64
4066.62
4067.54
4068.64
4069.64
4070.53
4071.63
4072.53
4073.58
4074.71
4075.64
4076.55
4077.83
4078.9
4079.94
4081
4082.19
4083.15
4084.23
4085.22
4086.49
4087.49
4088.55
4089.52
4090.82
4091.8
4092.93
4093.92
4094.97
4096.29
4097.36
4098.42
4099.46
4100.5
4101.65
4102.7
4103.92
4104.97
4106.08
4107.18
4108.3
4109.42
4110.52
4111.63
4112.75
4113.81
4114.92
4116
4117.06
4118.13
4119.16
4120.2
4121.2
4122.2
4123.17
4124.09
4125.07
4125.95
4126.85
4127.71
4128.58
4129.4
4130.24
4131.02
4131.82
4132.57
4133.34
4134.08
4134.78
4135.5
4136.16
4136.86
4137.5
4138.17
4138.79
4139.43
4140.03
4140.65
4141.23
4141.84
4142.4
4142.99
4143.53
4144.11
4144.65
4145.23
4145.77
4146.4
4146.93
4147.61
4148.15
4148.91
4149.46
4150.01
4150.88
4151.4
4151.98
4152.92
4153.46
4153.96
4154.56
4155.43
4155.96
4156.44
4157.01
4158.19
4158.7
4159.18
4159.69
4160.28
4161.22
4161.69
4162.2
4162.76
4164.07
4164.54
4165.03
4165.49
4165.99
4166.75
4167.23
4167.74
4168.82
4169.28
4169.73
4170.19
4170.66
4171.31
4171.76
4172.25
4172.86
4173.3
4173.76
4174.35
4174.78
4175.22
4175.78
4176.21
4176.64
4177.17
4177.59
4178.02
4178.53
4178.95
4179.38
4179.82
4180.27
4180.71
4181.15
4181.8
4182.4
4183
4183.6
4184.2
4184.81
4185.42
4186.02
4186.62
4187.21
4187.79
4188.38
4188.96
4189.55
4190.17
4190.8
4191.41
4192.05
4192.63
4193.27
4193.85
4194.46
4195.05
4195.67
4196.27
4196.89
4197.51
4198.14
4198.76
4199.45
4200.09
4200.89
4201.54
4202.21
4203.09
4203.69
4204.36
4205.62
4206.23
4206.81
4207.42
4208.03
4208.99
4209.58
4210.28
4211.69
4212.29
4212.87
4213.49
4214.14
4215.78
4216.35
4216.96
4217.56
4218.21
4219
4219.84
4220.62
4221.5
4222.25
4223.14
4223.92
4224.83
4225.63
4226.53
4227.37
4228.27
4229.16
4230.09
4231
4231.94
4232.85
4233.78
4234.68
4235.61
4236.51
4237.43
4238.32
4239.23
4240.11
4241.02
4241.9
4242.8
4243.67
4244.56
4245.43
4246.32
4247.17
4248.06
4248.92
4249.8
4250.66
4251.54
4252.39
4253.28
4254.13
4255.02
4255.87
4256.76
4257.62
4258.51
4259.37
4260.27
4261.13
4262.03
4262.91
4263.81
4264.69
4265.6
4266.5
4267.42
4268.32
4269.25
4270.16
4271.11
4272.02
4272.97
4273.9
4274.85
4275.77
4276.74
4277.66
4278.62
4279.53
4280.65
4281.55
4282.64
4283.52
4284.56
4285.45
4286.46
4287.33
4288.33
4289.19
4290.17
4291.05
4292.01
4292.87
4293.84
4294.7
4295.65
4296.52
4297.46
4298.32
4299.28
4300.14
4301.08
4301.96
4302.89
4303.75
4304.52
4305.16
4305.96
4306.63
4307.5
4308.19
4309.09
4309.84
4310.59
4311.31
4312.09
4312.8
4313.58
4314.28
4315.03
4315.77
4316.53
4317.29
4318.05
4318.85
4319.62
4320.41
4321.19
4322.02
4322.81
4323.6
4324.48
4325.24
4326.07
4326.91
4327.71
4328.49
4329.33
4330.17
4330.94
4331.67
4332.53
4333.14
4334.04
4334.7
4335.7
4336.41
4336.99
4337.65
4339.01
4339.6
4340.22
4340.9
4342.4
4343.07
4343.77
4344.49
4346.22
4346.94
4347.68
4348.4
4349.22
4350.16
4350.92
4351.87
4352.66
4353.45
4354.36
4355.13
4355.88
4356.63
4357.49
4358.2
4358.93
4359.77
4360.48
4361.26
4361.95
4362.71
4363.52
4364.13
4364.86
4365.57
4366.12
4366.96
4367.55
4367.9
4368.64
4368.95
4369.73
4370.03
4370.5
4371.2
4371.5
4372.25
4372.59
4373.01
4373.87
4374.19
4374.7
4375.6
4375.93
4376.29
4377.25
4377.63
4378.08
4379.2
4379.57
4380.03
4381.15
4381.55
4381.9
4382.29
4383.49
4383.83
4384.19
4384.58
4385.79
4386.14
4386.5
4386.88
4387.4
4387.95
4388.49
4389.06
4389.53
4390.11
4390.52
4391.02
4391.48
4391.94
4392.39
4392.85
4393.29
4393.73
4394.17
4394.6
4395.03
4395.46
4395.89
4396.32
4396.76
4397.19
4397.62
4398.06
4398.5
4398.93
4399.39
4399.83
4400.27
4400.72
4401.18
4401.64
4402.08
4402.55
4402.99
4403.48
4403.92
4404.4
4404.84
4405.3
4405.78
4406.24
4406.7
4407.21
4407.69
4408.19
4408.71
4409.25
4409.81
4410.38
4410.96
4411.56
4412.18
4412.81
4413.46
4414.12
4414.8
4415.5
4416.2
4416.93
4417.66
4418.41
4419.18
4419.95
4420.74
4421.54
4422.36
4423.18
4424.02
4424.87
4425.72
4426.59
4427.47
4428.35
4429.27
4430.16
4431.1
4432.01
4432.96
4433.87
4434.83
4435.76
4436.71
4437.66
4438.61
4439.58
4440.53
4441.51
4442.45
4443.42
4444.38
4445.36
4446.32
4447.33
4448.26
4449.27
4450.2
4451.22
4452.2
4453.16
4454.15
4455.1
4456.1
4457.05
4458.04
4458.99
4459.98
4460.92
4461.9
4462.83
4463.8
4464.7
4465.63
4466.6
4467.49
4468.34
4469.22
4470.05
4471.03
4471.83
4472.66
4473.44
4474.29
4475.19
4476
4476.9
4477.83
4478.73
4479.62
4480.46
4481.31
4482.27
4483.08
4483.84
4484.62
4485.53
4486.27
4486.96
4487.88
4488.54
4489.23
4489.95
4490.48
4491.27
4491.78
4492.54
4493.04
4493.83
4494.33
4495.14
4495.62
4496.43
4496.91
4497.35
4498.28
4498.67
4499.64
4500.01
4500.54
4501.45
4501.97
4502.36
4503.51
4503.86
4504.43
4505.47
4506.04
4506.39
4507.03
4508.16
4508.76
4509.12
4509.75
4510.16
4511.02
4511.47
4512.2
4512.63
4513.19
4513.71
4514.3
4514.85
4515.45
