distance
0
-1.08216e-07
-4.10136e-07
-7.64601e-07
-1.28871e-06
-1.94394e-06
-2.80363e-06
-3.82713e-06
-5.08728e-06
-6.54542e-06
-8.27056e-06
-1.02259e-05
-1.24749e-05
-1.49834e-05
-1.78089e-05
-2.09308e-05
-2.44041e-05
-2.82071e-05
-3.23847e-05
-3.69201e-05
-4.18495e-05
-4.71271e-05
-5.28469e-05
-5.90395e-05
-6.57704e-05
-7.3045e-05
-8.09133e-05
-8.93567e-05
-9.84367e-05
-0.00010817
-0.000118595
-0.000129704
-0.000141542
-0.000154074
-0.000167181
-0.000180734
-0.000194479
-0.000208614
-0.000222997
-0.000237387
-0.000252087
-0.000266893
-0.000281595
-0.000296363
-0.000311129
-0.000325741
-0.000340472
-0.000355118
-0.00036954
-0.000384003
-0.000398338
-0.000412405
-0.000426055
-0.000439616
-0.000452971
-0.000465859
-0.000478218
-0.000490363
-0.000502171
-0.000513447
-0.000524216
-0.000534823
-0.000545
-0.000554566
-0.000563394
-0.000571844
-0.000579715
-0.000586992
-0.000593366
-0.000598662
-0.000603116
-0.0006065
-0.000609176
-0.000610993
-0.000611712
-0.000611595
-0.000610368
-0.000608137
-0.000604571
-0.000599439
-0.000593132
-0.00058552
-0.000576346
-0.00056542
-0.000552521
-0.000538155
-0.000522148
-0.000504281
-0.000484349
-0.000462137
-0.000438141
-0.000412198
-0.000384089
-0.000353538
-0.000320377
-0.000285149
-0.000247619
-0.00020755
-0.000164675
-0.00011881
-7.00479e-05
-1.81361e-05
3.68299e-05
9.5036e-05
0.000156621
0.000221615
0.000290103
0.00036202
0.000437556
0.000516801
0.000599715
0.000686471
0.00077712
0.000871525
0.000969812
0.00107121
0.00117591
0.00128408
0.00139585
0.00151049
0.0016282
0.00174905
0.00187254
0.00199877
0.00212733
0.00225832
0.00239173
0.00252724
0.00266485
0.00280283
0.00294217
0.00308328
0.00322598
0.00336978
0.00351488
0.00366133
0.00380892
0.00395778
0.0041082
0.00425995
0.00441328
0.00456838
0.00472527
0.00488416
0.00504534
0.00520881
0.00537494
0.00554386
0.00571544
0.00588968
0.00606662
0.00624613
0.00642801
0.00661227
0.00679898
0.00698809
0.0071795
0.0073733
0.00756963
0.00776848
0.0079698
0.00817368
0.00838027
0.00858957
0.00880152
0.00901623
0.00923382
0.00945431
0.00967769
0.00990403
0.0101334
0.0103659
0.0106015
0.0108401
0.0110821
0.0113274
0.0115759
0.0118277
0.012083
0.0123417
0.0126039
0.0128697
0.0131391
0.013412
0.0136886
0.0139689
0.0142529
0.0145406
0.0148322
0.0151275
0.0154268
0.0157299
0.016037
0.016348
0.0166632
0.0169823
0.0173056
0.017633
0.0179645
0.0183002
0.0186399
0.0189838
0.0193318
0.019684
0.0200404
0.0204008
0.0207654
0.0211342
0.021507
0.021884
0.0222653
0.0226508
0.0230407
0.0234349
0.0238335
0.0242365
0.0246439
0.025056
0.0254727
0.025894
0.0263202
0.0267511
0.0271868
0.0276274
0.0280728
0.0285231
0.0289783
0.0294386
0.0299037
0.0303737
0.0308487
0.0313287
0.0318136
0.0323033
0.032798
0.0332975
0.0338019
0.0343111
0.034825
0.0353438
0.0358672
0.0363954
0.0369282
0.0374656
0.0380075
0.038554
0.039105
0.0396604
0.04022
0.040784
0.0413523
0.0419247
0.0425011
0.0430815
0.0436659
0.0442542
0.0448462
0.0454419
0.0460412
0.0466441
0.0472504
0.04786
0.048473
0.0490891
0.0497083
0.0503304
0.0509555
0.0515834
0.052214
0.0528473
0.0534829
0.054121
0.0547613
0.0554038
0.0560484
0.0566949
0.0573432
0.0579932
0.0586448
0.0592979
0.0599523
0.060608
0.0612648
0.0619228
0.0625818
0.0632419
0.0639029
0.0645647
0.0652274
0.065891
0.0665552
0.0672202
0.0678858
0.0685521
0.069219
0.0698865
0.0705545
0.0712231
0.0718922
0.0725617
0.0732318
0.0739024
0.0745734
0.0752448
0.0759167
0.0765891
0.0772618
0.077935
0.0786086
0.0792808
0.07995
0.0806152
0.0812761
0.0819326
0.0825851
0.0832343
0.0838805
0.0845245
0.0851666
0.0858073
0.0864473
0.0870869
0.0877264
0.0883663
0.0890067
0.0896479
0.09029
0.0909332
0.0915775
0.0922229
0.0928694
0.093517
0.0941656
0.0948154
0.0954663
0.0961184
0.0967715
0.0974257
0.098081
0.0987374
0.099395
0.100054
0.100713
0.101374
0.102036
0.102699
0.103363
0.104028
0.104695
0.105362
0.10603
0.1067
0.10737
0.108042
0.108715
0.109389
0.110064
0.11074
0.111417
0.112095
0.112774
0.113455
0.114136
0.114819
0.115503
0.116188
0.116874
0.117561
0.118249
0.118938
0.119629
0.120321
0.121013
0.121707
0.122403
0.123099
0.123796
0.124495
0.125195
0.125896
0.126598
0.127302
0.128007
0.128713
0.12942
0.130128
0.130838
0.131547
0.132257
0.132968
0.133681
0.134394
0.135109
0.135825
0.136543
0.137261
0.137981
0.138701
0.139423
0.140146
0.140871
0.141596
0.142323
0.143051
0.14378
0.14451
0.145242
0.145975
0.14671
0.147445
0.148183
0.148921
0.149661
0.150402
0.151145
0.151889
0.152634
0.153381
0.154129
0.154879
0.155629
0.156381
0.157134
0.157889
0.158645
0.159402
0.160161
0.160921
0.161683
0.162447
0.163211
0.163978
0.164744
0.165509
0.166276
0.167044
0.167814
0.168585
0.169357
0.17013
0.170905
0.171682
0.17246
0.17324
0.17402
0.174803
0.175587
0.176371
0.177158
0.177945
0.178733
0.179522
0.180311
0.181102
0.181893
0.182685
0.183478
0.184271
0.185064
0.185857
0.186651
0.187445
0.188239
0.189033
0.189827
0.190621
0.191414
0.192208
0.193001
0.193794
0.194586
0.195378
0.19617
0.196961
0.197752
0.198542
0.199331
0.20012
0.200908
0.201695
0.202482
0.203268
0.204054
0.204838
0.205622
0.206406
0.207188
0.20797
0.208751
0.209531
0.210311
0.21109
0.211869
0.212647
0.213424
0.214201
0.214977
0.215752
0.216527
0.217302
0.218076
0.21885
0.219624
0.220397
0.22117
0.221942
0.222715
0.223487
0.224259
0.22503
0.225802
0.226573
0.227345
0.228116
0.228888
0.229659
0.230431
0.231202
0.231974
0.232746
0.233518
0.23429
0.235063
0.235836
0.23661
0.237384
0.238158
0.238933
0.239709
0.240485
0.241262
0.242039
0.242818
0.243597
0.244377
0.245157
0.245939
0.246722
0.247506
0.248291
0.249077
0.249864
0.250652
0.251442
0.252233
0.253025
0.253819
0.254614
0.255411
0.256209
0.257008
0.257809
0.258612
0.259416
0.260222
0.26103
0.26184
0.262651
0.263464
0.264279
0.265097
0.265916
0.266737
0.26756
0.268386
0.269213
0.270043
0.270875
0.27171
0.272546
0.273386
0.274227
0.275071
0.275918
0.276767
0.277618
0.278472
0.279329
0.280188
0.28105
0.281915
0.282782
0.283652
0.284525
0.2854
0.286279
0.28716
0.288044
0.288931
0.28982
0.290713
0.291608
0.292507
0.293408
0.294313
0.29522
0.29613
0.297044
0.29796
0.298879
0.299802
0.300727
0.301656
0.302587
0.303522
0.30446
0.305401
0.306345
0.307291
0.308242
0.309195
0.310151
0.31111
0.312073
0.313038
0.314007
0.314979
0.315954
0.316932
0.317913
0.318898
0.319885
0.320876
0.32187
0.322867
0.323867
0.32487
0.325877
0.326887
0.327899
0.328915
0.329935
0.330957
0.331982
0.333011
0.334043
0.335077
0.336115
0.337156
0.338201
0.339248
0.340298
0.341351
0.342408
0.343467
0.344529
0.345595
0.346663
0.347734
0.348808
0.349885
0.350965
0.352047
0.353133
0.354221
0.355311
0.356404
0.3575
0.358599
0.3597
0.360803
0.361909
0.363017
0.364128
0.36524
0.366355
0.367472
0.368591
0.369712
0.370835
0.37196
0.373086
0.374215
0.375345
0.376476
0.377609
0.378743
0.379879
0.381016
0.382154
0.383293
0.384434
0.385576
0.386718
0.387862
0.389006
0.390152
0.391298
0.392445
0.393593
0.394742
0.395891
0.397041
0.398191
0.399342
0.400493
0.401645
0.402798
0.403951
0.405104
0.406256
0.407408
0.408561
0.409714
0.410863
0.412007
0.413145
0.414277
0.415403
0.416526
0.417646
0.418764
0.419881
0.420997
0.422114
0.42323
0.424347
0.425464
0.426582
0.427701
0.42882
0.429939
0.43106
0.432181
0.433302
0.434425
0.435548
0.436672
0.437796
0.438921
0.440047
0.441173
0.4423
0.443427
0.444555
0.445684
0.446814
0.447944
0.449075
0.450207
0.45134
0.452474
0.453609
0.454744
0.455879
0.457016
0.458153
0.459291
0.460429
0.461568
0.462708
0.463848
0.464989
0.46613
0.467272
0.468415
0.469558
0.470702
0.471847
0.472993
0.47414
0.475288
0.476435
0.477584
0.478734
0.479885
0.481036
0.482188
0.483341
0.484495
0.48565
0.486802
0.487952
0.489097
0.490239
0.491378
0.492515
0.493651
0.494786
0.495921
0.497057
0.498193
0.49933
0.500468
0.501607
0.502747
0.503889
0.505032
0.506176
0.507322
0.508468
0.509617
0.510766
0.511917
0.513069
0.514223
0.515379
0.516535
0.517694
0.518853
0.520014
0.521177
0.522341
0.523506
0.524673
0.525841
0.527011
0.528181
0.529354
0.530527
0.531702
0.532878
0.534055
0.535233
0.536413
0.537593
0.538775
0.539959
0.541143
0.542328
0.543515
0.544703
0.545892
0.547082
0.548273
0.549466
0.55066
0.551854
0.553051
0.554248
0.555446
0.556646
0.557846
0.559048
0.560251
0.561456
0.562661
0.563868
0.565076
0.566285
0.567495
0.568706
0.569919
0.571132
0.572347
0.573563
0.574781
0.575999
0.577219
0.57844
0.579662
0.580885
0.58211
0.583336
0.584563
0.585791
0.587021
0.588252
0.589484
0.590718
0.591951
0.593183
0.594413
0.595641
0.596868
0.598092
0.599314
0.600534
0.601753
0.602969
0.604184
0.605398
0.606611
0.607824
0.609037
0.610246
0.611452
0.612655
0.613855
0.61505
0.616242
0.617429
0.618613
0.619795
0.620975
0.622154
0.623333
0.624511
0.625689
0.626867
0.628045
0.629225
0.630404
0.631585
0.632766
0.633948
0.635131
0.636314
0.637497
0.638681
0.639864
0.641048
0.642231
0.643415
0.644597
0.645779
0.646961
0.648141
0.649321
0.650499
0.651675
0.652849
0.654021
0.655191
0.656358
0.657522
0.658683
0.659841
0.660996
0.662147
0.663294
0.664438
0.665579
0.666716
0.667849
0.668979
0.670106
0.671229
0.672349
0.673466
0.67458
0.67569
0.676798
0.677903
0.679005
0.680104
0.6812
0.682294
0.683386
0.684475
0.685562
0.686647
0.687729
0.688809
0.689888
0.690964
0.692038
0.69311
0.694181
0.69525
0.696316
0.697381
0.698445
0.699506
0.700566
0.701624
0.70268
0.703734
0.704787
0.705838
0.706888
0.707935
0.708982
0.710026
0.711069
0.71211
0.713149
0.714187
0.715224
0.716258
0.717292
0.718323
0.719353
0.720382
0.72141
0.722435
0.72346
0.724483
0.725505
0.726525
0.727544
0.728562
0.729578
0.730593
0.731607
0.73262
0.733631
0.734641
0.73565
0.736658
0.737664
0.738669
0.739674
0.740676
0.741678
0.742679
0.743678
0.744676
0.745674
0.74667
0.747665
0.748658
0.749651
0.750642
0.751633
0.752622
0.75361
0.754598
0.755584
0.756568
0.757552
0.758535
0.759517
0.760497
0.761477
0.762455
0.763432
0.764408
0.765383
0.766357
0.76733
0.768301
0.769272
0.770241
0.771209
0.772176
0.773141
0.774105
0.775068
0.77603
0.776991
0.77795
0.778908
0.779864
0.780819
0.781774
0.782726
0.783678
0.784628
0.785577
0.786525
0.787472
0.788417
0.789362
0.790305
0.791247
0.792187
0.793127
0.794066
0.795003
0.79594
0.796875
0.79781
0.798743
0.799676
0.800607
0.801538
0.802467
0.803396
0.804324
0.805251
0.806177
0.807102
0.808026
0.80895
0.809873
0.810795
0.811716
0.812637
0.813557
0.814476
0.815395
0.816313
0.81723
0.818147
0.819063
0.819979
0.820894
0.821808
0.822722
0.823636
0.824549
0.825462
0.826375
0.827287
0.828198
0.82911
0.830021
0.830932
0.831843
0.832753
0.833663
0.834573
0.835483
0.836393
0.837302
0.838212
0.839121
0.84003
0.84094
0.841849
0.842758
0.843667
0.844576
0.845486
0.846395
0.847304
0.848214
0.849123
0.850033
0.850943
0.851853
0.852763
0.853673
0.854584
0.855494
0.856405
0.857316
0.858228
0.859139
0.860051
0.860963
0.861876
0.862788
0.863702
0.864615
0.865529
0.866443
0.867357
0.868272
0.869187
0.870103
0.871019
0.871935
0.872852
0.873769
0.874687
0.875605
0.876523
0.877442
0.878362
0.879282
0.880202
0.881122
0.882044
0.882965
0.883887
0.88481
0.885733
0.886656
0.88758
0.888505
0.88943
0.890355
0.89128
0.892205
0.89313
0.894054
0.894978
0.895901
0.896824
0.897746
0.898667
0.899588
0.900508
0.901428
0.902348
0.903268
0.904187
0.905107
0.906026
0.906946
0.907865
0.908786
0.909706
0.910627
0.911548
0.91247
0.913393
0.914316
0.915239
0.916164
0.917089
0.918015
0.918941
0.919869
0.920797
0.921726
0.922656
0.923587
0.924519
0.925452
0.926385
0.92732
0.928255
0.929192
0.93013
0.931068
0.932008
0.932949
0.93389
0.934833
0.935777
0.936722
0.937668
0.938615
0.939563
0.940512
0.941463
0.942414
0.943367
0.944321
0.945276
0.946232
0.947189
0.948147
0.949107
0.950067
0.951029
0.951992
0.952956
0.953921
0.954887
0.955854
0.956822
0.957791
0.958762
0.959733
0.960705
0.961679
0.962653
0.963628
0.964605
0.965582
0.966561
0.96754
0.96852
0.969501
0.970484
0.971467
0.972451
0.973436
0.974422
0.975408
0.976396
0.977384
0.978374
0.979364
0.980355
0.981347
0.98234
0.983333
0.984328
0.985323
0.986319
0.987316
0.988314
0.989313
0.990312
0.991312
0.992313
0.993315
0.994318
0.995319
0.996316
0.997306
0.99829
0.999269
1.00024
1.00122
1.00219
1.00316
1.00414
1.00511
1.00608
1.00706
1.00803
1.00901
1.00999
1.01097
1.01195
1.01293
1.01391
1.01489
1.01588
1.01686
1.01784
1.01883
1.01982
1.0208
1.02179
1.02278
1.02377
1.02476
1.02575
1.02674
1.02773
1.02873
1.02972
1.03072
1.03171
1.03271
1.0337
1.0347
1.0357
1.0367
1.0377
1.0387
1.0397
1.0407
1.0417
1.04271
1.04371
1.04471
1.04572
1.04672
1.04773
1.04873
1.04974
1.05075
1.05176
1.05277
1.05378
1.05479
1.0558
1.05681
1.05783
1.05884
1.05985
1.06087
1.06189
1.0629
1.06392
1.06494
1.06596
1.06698
1.068
1.06903
1.07005
1.07108
1.0721
1.07313
1.07416
1.07518
1.07621
1.07725
1.07828
1.07931
1.08034
1.08138
1.08242
1.08345
1.08449
1.08553
1.08657
1.08761
1.08866
1.0897
1.09075
1.0918
1.09284
1.09389
1.09494
1.096
1.09705
1.09811
1.09916
1.10022
1.10128
1.10234
1.1034
1.10446
1.10553
1.10659
1.10766
1.10873
1.1098
1.11087
1.11194
1.11302
1.11409
1.11517
1.11625
1.11733
1.11841
1.11949
1.12057
1.12166
1.12275
1.12383
1.12492
1.12602
1.12711
1.1282
1.1293
1.1304
1.13149
1.13259
1.1337
1.1348
1.1359
1.13701
1.13812
1.13922
1.14033
1.14145
1.14256
1.14367
1.14479
1.14591
1.14703
1.14815
1.14927
1.15039
1.15152
1.15264
1.15377
1.1549
1.15603
1.15716
1.1583
1.15943
1.16057
1.16171
1.16285
1.16399
1.16513
1.16628
1.16742
1.16857
1.16972
1.17087
1.17202
1.17318
1.17433
1.17549
1.17665
1.17781
1.17897
1.18013
1.18129
1.18246
1.18363
1.18479
1.18596
1.18714
1.18831
1.18948
1.19066
1.19184
1.19302
1.1942
1.19538
1.19656
1.19775
1.19893
1.20012
1.20131
1.2025
1.20369
1.20488
1.20608
1.20727
1.20847
1.20967
1.21087
1.21207
1.21327
1.21448
1.21568
1.21689
1.2181
1.21931
1.22052
1.22173
1.22295
1.22416
1.22538
1.2266
1.22782
1.22904
1.23026
1.23148
1.23271
1.23393
1.23516
1.23639
1.23762
1.23885
1.24009
1.24132
1.24256
1.24379
1.24503
1.24627
1.24751
1.24875
1.24999
1.25122
1.25246
1.2537
1.25494
1.25618
1.25741
1.25865
1.25989
1.26112
1.26236
1.2636
1.26483
1.26607
1.26731
1.26854
1.26978
1.27102
1.27225
1.27349
1.27473
1.27596
1.2772
1.27843
1.27966
1.2809
1.28213
1.28336
1.28459
1.28582
1.28705
1.28829
1.28952
1.29075
1.29198
1.29321
1.29443
1.29566
1.29689
1.29812
1.29935
1.30057
1.3018
1.30302
1.30425
1.30547
1.30669
1.30791
1.30913
1.31035
1.31157
1.31279
1.314
1.31521
1.31642
1.31763
1.31884
1.32005
1.32125
1.32246
1.32366
1.32486
1.32605
1.32725
1.32844
1.32963
1.33082
1.33201
1.33319
1.33438
1.33556
1.33674
1.33791
1.33909
1.34026
1.34143
1.3426
1.34376
1.34493
1.34609
1.34725
1.34841
1.34957
1.35072
1.35188
1.35303
1.35418
1.35533
1.35647
1.35762
1.35876
1.35991
1.36105
1.36219
1.36332
1.36446
1.3656
1.36673
1.36786
1.36899
1.37012
1.37125
1.37238
1.37351
1.37463
1.37575
1.37688
1.378
1.37912
1.38023
1.38135
1.38247
1.38358
1.38469
1.3858
1.38691
1.38802
1.38912
1.39022
1.39132
1.39242
1.39352
1.39462
1.39571
1.39681
1.3979
1.39899
1.40008
1.40116
1.40225
1.40333
1.40442
1.4055
1.40658
1.40766
1.40874
1.40981
1.41089
1.41196
1.41304
1.41411
1.41519
1.41626
1.41733
1.4184
1.41947
1.42054
1.42162
1.42269
1.42375
1.42482
1.42589
1.42696
1.42803
1.4291
1.43017
1.43124
1.43231
1.43338
1.43445
1.43552
1.43659
1.43766
1.43873
1.4398
1.44087
1.44194
1.44301
1.44408
1.44515
1.44622
1.4473
1.44837
1.44944
1.45052
1.45159
1.45267
1.45374
1.45482
1.45589
1.45697
1.45805
1.45912
1.4602
1.46128
1.46236
1.46344
1.46452
1.4656
1.46668
1.46776
1.46884
1.46993
1.47101
1.4721
1.47318
1.47427
1.47535
1.47644
1.47753
1.47861
1.4797
1.48079
1.48188
1.48297
1.48407
1.48516
1.48625
1.48734
1.48844
1.48953
1.49063
1.49173
1.49282
1.49392
1.49502
1.49612
1.49722
1.49832
1.49942
1.50053
1.50163
1.50273
1.50384
1.50494
1.50605
1.50716
1.50827
1.50938
1.51048
1.5116
1.51271
1.51382
1.51493
1.51604
1.51716
1.51827
1.51939
1.5205
1.52162
1.52274
1.52386
1.52498
1.5261
1.52722
1.52834
1.52946
1.53058
1.53171
1.53283
1.53395
1.53508
1.53621
1.53733
1.53846
1.53959
1.54072
1.54185
1.54298
1.54411
1.54524
1.54637
1.54751
1.54864
1.54977
1.55091
1.55204
1.55318
1.55432
1.55546
1.5566
1.55774
1.55888
1.56002
1.56116
1.5623
1.56345
1.56459
1.56574
1.56688
1.56803
1.56918
1.57033
1.57148
1.57263
1.57378
1.57493
1.57609
1.57724
1.5784
1.57955
1.58071
1.58187
1.58303
1.58419
1.58535
1.58652
1.58768
1.58885
1.59001
1.59118
1.59235
1.59352
1.59469
1.59586
1.59703
1.59821
1.59938
1.60056
1.60174
1.60292
1.6041
1.60528
1.60646
1.60765
1.60883
1.61002
1.61121
1.6124
1.61359
1.61478
1.61598
1.61717
1.61837
1.61957
1.62077
1.62197
1.62317
1.62437
1.62558
1.62679
1.62799
1.62921
1.63042
1.63163
1.63284
1.63406
1.63528
1.6365
1.63772
1.63894
1.64017
1.64139
1.64262
1.64385
1.64508
1.64631
1.64754
1.64878
1.65002
1.65126
1.6525
1.65374
1.65498
1.65623
1.65747
1.65872
1.65997
1.66122
1.66248
1.66373
1.66499
1.66624
1.6675
1.66876
1.67003
1.67129
1.67256
1.67382
1.67509
1.67636
1.67763
1.67891
1.68018
1.68146
1.68274
1.68401
1.68528
1.68655
1.68781
1.68907
1.69032
1.69157
1.69282
1.69407
1.69533
1.69658
1.69784
1.69909
1.70035
1.70162
1.70288
1.70414
1.70541
1.70668
1.70795
1.70922
1.71049
1.71177
1.71304
1.71432
1.7156
1.71688
1.71817
1.71945
1.72074
1.72202
1.72331
1.7246
1.72589
1.72719
1.72848
1.72978
1.73108
1.73238
1.73368
1.73498
1.73628
1.73759
1.73889
1.7402
1.74151
1.74282
1.74413
1.74545
1.74676
1.74808
1.7494
1.75072
1.75204
1.75336
1.75468
1.75601
1.75734
1.75867
1.75999
1.76132
1.76266
1.76399
1.76532
1.76666
1.76799
1.76933
1.77067
1.77201
1.77335
1.7747
1.77605
1.77739
1.77874
1.7801
1.78145
1.78281
1.78417
1.78553
1.78689
1.78825
1.78962
1.79098
1.79235
1.79372
1.79508
1.79645
1.79782
1.79918
1.80055
1.80192
1.80329
1.80466
1.80603
1.80741
1.80878
1.81016
1.81153
1.81291
1.81429
1.81567
1.81705
1.81844
1.81982
1.82121
1.8226
1.82398
1.82537
1.82676
1.82816
1.82955
1.83094
1.83234
1.83373
1.83513
1.83653
1.83792
1.83932
1.84072
1.84212
1.84352
1.84492
1.84632
1.84772
1.84912
1.85052
1.85192
1.85332
1.85472
1.85611
1.85751
1.8589
1.8603
1.86169
1.86308
1.86447
1.86586
1.86725
1.86863
1.87002
1.8714
1.87278
1.87417
1.87555
1.87693
1.8783
1.87968
1.88106
1.88243
1.8838
1.88517
1.88655
1.88792
1.88928
1.89065
1.89202
1.89338
1.89475
1.89611
1.89747
1.89883
1.90019
1.90155
1.90291
1.90426
1.90562
1.90697
1.90833
1.90968
1.91103
1.91237
1.91372
1.91507
1.91641
1.91775
1.91909
1.92043
1.92177
1.9231
1.92444
1.92577
1.9271
1.92843
1.92976
1.93109
1.93241
1.93373
1.93505
1.93637
1.93769
1.93901
1.94032
1.94164
1.94295
1.94426
1.94557
1.94687
1.94818
1.94948
1.95079
1.95209
1.95339
1.95469
1.95598
1.95728
1.95857
1.95986
1.96115
1.96244
1.96373
1.96502
1.96631
1.96759
1.96887
1.97015
1.97143
1.97271
1.97399
1.97527
1.97654
1.97781
1.97909
1.98036
1.98163
1.9829
1.98416
1.98543
1.98669
1.98796
1.98922
1.99048
1.99174
1.993
1.99426
1.99552
1.99677
1.99803
1.99928
2.00054
2.00179
2.00304
2.00429
2.00554
2.00679
2.00804
2.00929
2.01054
2.01178
2.01303
2.01428
2.01552
2.01677
2.01801
2.01926
2.0205
2.02175
2.02299
2.02424
2.02548
2.02673
2.02797
2.02921
2.03046
2.0317
2.03295
2.03419
2.03544
2.03668
2.03792
2.03917
2.04041
2.04166
2.04291
2.04415
2.0454
2.04664
2.04789
2.04914
2.05039
2.05163
2.05288
2.05413
2.05538
2.05663
2.05788
2.05913
2.06038
2.06163
2.06288
2.06414
2.06539
2.06664
2.0679
2.06915
2.07041
2.07166
2.07292
2.07418
2.07543
2.07669
2.07795
2.07921
2.08047
2.08173
2.08299
2.08425
2.08552
2.08678
2.08804
2.0893
2.09056
2.09182
2.09309
2.09435
2.09561
2.09687
2.09813
2.09939
2.10065
2.10191
2.10318
2.10444
2.1057
2.10696
2.10822
2.10949
2.11075
2.11202
2.11328
2.11455
2.11581
2.11708
2.11834
2.11961
2.12088
2.12215
2.12342
2.12469
2.12596
2.12724
2.12851
2.12978
2.13106
2.13233
2.13361
2.13489
2.13617
2.13744
2.13872
2.14
2.14129
2.14257
2.14385
2.14514
2.14642
2.14771
2.149
2.15028
2.15157
2.15286
2.15416
2.15545
2.15674
2.15804
2.15933
2.16063
2.16192
2.16322
2.16452
2.16582
2.16712
2.16843
2.16973
2.17104
2.17234
2.17365
2.17496
2.17627
2.17758
2.17889
2.1802
2.18151
2.18283
2.18415
2.18546
2.18678
2.1881
2.18942
2.19074
2.19207
2.19339
2.19472
2.19605
2.19737
2.1987
2.20004
2.20137
2.2027
2.20404
2.20537
2.20671
2.20805
2.20939
2.21073
2.21208
2.21342
2.21477
2.21612
2.21747
2.21882
2.22017
2.22152
2.22288
2.22423
2.22559
2.22695
2.22831
2.22968
2.23104
2.23241
2.23377
2.23514
2.23651
2.23788
2.23926
2.24063
2.24201
2.24338
2.24476
2.24614
2.24752
2.24891
2.25029
2.25168
2.25307
2.25446
2.25585
2.25724
2.25863
2.26003
2.26143
2.26283
2.26423
2.26563
2.26703
2.26843
2.26984
2.27125
2.27265
2.27406
2.27547
2.27687
2.27827
2.27966
2.28105
2.28244
2.28382
2.28521
2.28659
2.28798
2.28936
2.29075
2.29214
2.29353
2.29493
2.29632
2.29772
2.29912
2.30052
2.30192
2.30333
2.30473
2.30614
2.30755
2.30896
2.31037
2.31179
2.3132
2.31462
2.31604
2.31746
2.31888
2.3203
2.32172
2.32315
2.32458
2.32601
2.32744
2.32887
2.3303
2.33173
2.33317
2.33461
2.33605
2.33749
2.33893
2.34037
2.34182
2.34326
2.34471
2.34616
2.34761
2.34906
2.35052
2.35197
2.35343
2.35489
2.35635
2.35781
2.35927
2.36074
2.3622
2.36367
2.36514
2.36661
2.36809
2.36956
2.37104
2.37252
2.374
2.37548
2.37697
2.37846
2.37994
2.38143
2.38293
2.38442
2.38592
2.38741
2.38891
2.39041
2.39192
2.39342
2.39493
2.39644
2.39795
2.39946
2.40098
2.40249
2.40401
2.40552
2.40704
2.40856
2.41008
2.4116
2.41312
2.41464
2.41616
2.41768
2.4192
2.42072
2.42225
2.42377
2.4253
2.42683
2.42836
2.42989
2.43142
2.43295
2.43448
2.43601
2.43754
2.43907
2.44059
2.44212
2.44364
2.44516
2.44668
2.4482
2.44972
2.45124
2.45276
2.45428
2.45579
2.45731
2.45883
2.46035
2.46187
2.46339
2.46491
2.46643
2.46795
2.46947
2.47099
2.47251
2.47403
2.47555
2.47707
2.47859
2.48011
2.48163
2.48315
2.48467
2.48619
2.48771
2.48922
2.49074
2.49225
2.49376
2.49527
2.49678
2.49828
2.49978
2.50128
2.50278
2.50427
2.50576
2.50725
2.50874
2.51022
2.5117
2.51318
2.51466
2.51613
2.5176
2.51906
2.52053
2.52199
2.52345
2.52491
2.52636
2.52781
2.52926
2.53071
2.53216
2.5336
2.53504
2.53649
2.53792
2.53936
2.5408
2.54223
2.54366
2.5451
2.54653
2.54795
2.54938
2.55081
2.55223
2.55365
2.55507
2.55649
2.55791
2.55933
2.56074
2.56216
2.56357
2.56498
2.56639
2.5678
2.5692
2.57061
2.57201
2.57341
2.57481
2.57621
2.5776
2.579
2.58039
2.58178
2.58317
2.58456
2.58595
2.58733
2.58872
2.5901
2.59148
2.59286
2.59424
2.59562
2.59699
2.59837
2.59974
2.60111
2.60248
2.60385
2.60522
2.60658
2.60795
2.60931
2.61067
2.61204
2.6134
2.61476
2.61611
2.61747
2.61883
2.62018
2.62154
2.62289
2.62424
2.6256
2.62695
2.6283
2.62965
2.631
2.63234
2.63369
2.63504
2.63638
2.63773
2.63908
2.64042
2.64176
2.64311
2.64445
2.64579
2.64714
2.64848
2.64982
2.65116
2.65251
2.65385
2.65519
2.65653
2.65787
2.65922
2.66056
2.6619
2.66324
2.66458
2.66592
2.66727
2.66861
2.66995
2.67129
2.67263
2.67398
2.67532
2.67666
2.67801
2.67935
2.68069
2.68204
2.68338
2.68473
2.68607
2.68742
2.68876
2.69011
2.69146
2.69281
2.69415
2.6955
2.69685
2.6982
2.69955
2.7009
2.70225
2.7036
2.70495
2.7063
2.70766
2.70901
2.71036
2.71172
2.71307
2.71443
2.71578
2.71714
2.71849
2.71985
2.72121
2.72257
2.72393
2.72529
2.72665
2.72801
2.72937
2.73073
2.73209
2.73345
2.73482
2.73618
2.73754
2.73891
2.74027
2.74164
2.74301
2.74437
2.74574
2.74711
2.74848
2.74985
2.75122
2.75259
2.75396
2.75533
2.7567
2.75808
2.75945
2.76082
2.7622
2.76357
2.76495
2.76633
2.7677
2.76908
2.77045
2.77183
2.7732
2.77458
2.77595
2.77732
2.7787
2.78007
2.78144
2.78281
2.78418
2.78555
2.78692
2.78829
2.78967
2.79104
2.79241
2.79378
2.79515
2.79653
2.7979
2.79927
2.80065
2.80202
2.8034
2.80478
2.80615
2.80753
2.80891
2.81029
2.81167
2.81305
2.81444
2.81582
2.8172
2.81859
2.81998
2.82136
2.82275
2.82414
2.82553
2.82692
2.82831
2.8297
2.8311
2.83249
2.83389
2.83528
2.83668
2.83808
2.83948
2.84088
2.84228
2.84368
2.84508
2.84648
2.84789
2.84929
2.8507
2.85211
2.85352
2.85492
2.85634
2.85775
2.85916
2.86057
2.86199
2.86341
2.86482
2.86624
2.86766
2.86908
2.8705
2.87193
2.87335
2.87478
2.87621
2.87763
2.87906
2.88049
2.88193
2.88336
2.8848
2.88623
2.88767
2.88911
2.89055
2.89199
2.89344
2.89488
2.89633
2.89777
2.89922
2.90067
2.90212
2.90358
2.90503
2.90649
2.90795
2.9094
2.91087
2.91233
2.91379
2.91525
2.91672
2.91819
2.91966
2.92113
2.9226
2.92407
2.92555
2.92702
2.9285
2.92998
2.93146
2.93294
2.93442
2.93591
2.93739
2.93886
2.94033
2.9418
2.94326
2.94472
2.94618
2.94764
2.9491
2.95056
2.95202
2.95348
2.95495
2.95641
2.95788
2.95935
2.96082
2.9623
2.96377
2.96525
2.96673
2.96821
2.96969
2.97117
2.97266
2.97415
2.97564
2.97713
2.97862
2.98011
2.98161
2.9831
2.9846
2.9861
2.9876
2.9891
2.99061
2.99211
2.99362
2.99513
2.99664
2.99815
2.99966
3.00118
3.00269
3.00421
3.00573
3.00725
3.00877
3.0103
3.01182
3.01335
3.01488
3.01641
3.01794
3.01947
3.02101
3.02255
3.02408
3.02562
3.02717
3.02871
3.03026
3.0318
3.03335
3.0349
3.03646
3.03801
3.03957
3.04113
3.04269
3.04425
3.04582
3.04738
3.04895
3.05052
3.0521
3.05367
3.05525
3.05683
3.05841
3.05999
3.06157
3.06315
3.06473
3.06631
3.06789
3.06948
3.07106
3.07264
3.07423
3.07582
3.07741
3.079
3.08059
3.08218
3.08378
3.08538
3.08698
3.08857
3.09017
3.09177
3.09337
3.09497
3.09656
3.09816
3.09975
3.10135
3.10294
3.10452
3.10611
3.1077
3.10929
3.11088
3.11246
3.11405
3.11564
3.11722
3.11881
3.1204
3.12198
3.12357
3.12516
3.12675
3.12834
3.12993
3.13152
3.13311
3.1347
3.13629
3.13788
3.13948
3.14107
3.14266
3.14425
3.14584
3.14743
3.14902
3.1506
3.15219
3.15377
3.15535
3.15693
3.15851
3.16008
3.16165
3.16322
3.16479
3.16635
3.16791
3.16947
3.17102
3.17258
3.17413
3.17567
3.17722
3.17876
3.1803
3.18183
3.18336
3.18489
3.18642
3.18795
3.18947
3.19099
3.19251
3.19403
3.19555
3.19706
3.19857
3.20008
3.20159
3.2031
3.20461
3.20611
3.20762
3.20912
3.21062
3.21212
3.21362
3.21511
3.21661
3.2181
3.21959
3.22108
3.22257
3.22406
3.22555
3.22703
3.22852
3.23
3.23148
3.23296
3.23443
3.23591
3.23738
3.23886
3.24033
3.2418
3.24326
3.24473
3.2462
3.24766
3.24912
3.25058
3.25204
3.2535
3.25495
3.25641
3.25786
3.25931
3.26076
3.26221
3.26366
3.2651
3.26655
3.26799
3.26944
3.27088
3.27232
3.27376
3.2752
3.27663
3.27807
3.2795
3.28094
3.28237
3.2838
3.28523
3.28666
3.28809
3.28951
3.29094
3.29237
3.29379
3.29521
3.29664
3.29806
3.29948
3.3009
3.30232
3.30374
3.30516
3.30657
3.30799
3.30941
3.31082
3.31224
3.31365
3.31507
3.31648
3.3179
3.31931
3.32072
3.32214
3.32355
3.32496
3.32638
3.32779
3.3292
3.33061
3.33202
3.33344
3.33485
3.33626
3.33767
3.33908
3.3405
3.34191
3.34332
3.34473
3.34615
3.34756
3.34897
3.35039
3.3518
3.35321
3.35463
3.35604
3.35746
3.35887
3.36029
3.3617
3.36312
3.36453
3.36595
3.36737
3.36878
3.3702
3.37162
3.37304
3.37446
3.37588
3.3773
3.37872
3.38014
3.38156
3.38298
3.3844
3.38583
3.38725
3.38867
3.3901
3.39152
3.39295
3.39437
3.3958
3.39723
3.39865
3.40008
3.40151
3.40294
3.40437
3.4058
3.40723
3.40866
3.41009
3.41152
3.41295
3.41438
3.41582
3.41725
3.41869
3.42012
3.42156
3.42299
3.42443
3.42587
3.4273
3.42874
3.43018
3.43162
3.43306
3.4345
3.43594
3.43738
3.43882
3.44027
3.44171
3.44315
3.44459
3.44603
3.44746
3.4489
3.45034
3.45177
3.4532
3.45464
3.45607
3.4575
3.45893
3.46036
3.46179
3.46322
3.46466
3.46609
3.46752
3.46895
3.47039
3.47182
3.47325
3.47469
3.47612
3.47756
3.479
3.48043
3.48187
3.48331
3.48475
3.48619
3.48763
3.48908
3.49052
3.49196
3.49341
3.49485
3.4963
3.49775
3.4992
3.50064
3.50209
3.50355
3.505
3.50645
3.5079
3.50936
3.51081
3.51227
3.51372
3.51518
3.51664
3.5181
3.51956
3.52102
3.52248
3.52394
3.52541
3.52687
3.52834
3.52981
3.53127
3.53274
3.53421
3.53568
3.53716
3.53863
3.5401
3.54158
3.54306
3.54453
3.54601
3.54749
3.54897
3.55046
3.55194
3.55342
3.55491
3.5564
3.55789
3.55938
3.56087
3.56236
3.56385
3.56535
3.56685
3.56834
3.56984
3.57134
3.57284
3.57435
3.57585
3.57736
3.57886
3.58037
3.58188
3.58339
3.58491
3.58642
3.58794
3.58945
3.59097
3.59249
3.59401
3.59553
3.59705
3.59858
3.60011
3.60163
3.60316
3.60469
3.60622
3.60776
3.60929
3.61083
3.61236
3.6139
3.61544
3.61697
3.6185
3.62003
3.62155
3.62306
3.62457
3.62609
3.6276
3.62911
3.63063
3.63215
3.63366
3.63518
3.6367
3.63823
3.63975
3.64128
3.64281
3.64433
3.64587
3.6474
3.64893
3.65047
3.65201
3.65355
3.65509
3.65663
3.65818
3.65973
3.66128
3.66283
3.66438
3.66594
3.6675
3.66906
3.67062
3.67218
3.67375
3.67531
3.67688
3.67845
3.68002
3.68159
3.68317
3.68475
3.68632
3.6879
3.68948
3.69107
3.69265
3.69424
3.69583
3.69742
3.69901
3.7006
3.70219
3.70379
3.70539
3.70699
3.70859
3.7102
3.7118
3.71341
3.71502
3.71663
3.71825
3.71986
3.72148
3.7231
3.72472
3.72635
3.72797
3.7296
3.73123
3.73286
3.7345
3.73613
3.73777
3.73941
3.74105
3.7427
3.74434
3.74599
3.74763
3.74928
3.75093
3.75257
3.75422
3.75587
3.75752
3.75917
3.76082
3.76247
3.76412
3.76578
3.76743
3.76909
3.77075
3.77241
3.77407
3.77573
3.77739
3.77905
3.78071
3.78237
3.78403
3.78568
3.78733
3.78898
3.79062
3.79227
3.79391
3.79556
3.7972
3.79884
3.80048
3.80212
3.80377
3.80541
3.80705
3.80869
3.81034
3.81198
3.81363
3.81527
3.81692
3.81857
3.82021
3.82186
3.82351
3.82516
3.8268
3.82845
3.8301
3.83175
3.8334
3.83504
3.83669
3.83833
3.83998
3.84162
3.84326
3.8449
3.84653
3.84816
3.84979
3.85141
3.85303
3.85465
3.85627
3.85788
3.85949
3.86109
3.8627
3.86429
3.86589
3.86748
3.86907
3.87066
3.87224
3.87382
3.8754
3.87698
3.87855
3.88012
3.88169
3.88326
3.88482
3.88639
3.88795
3.88951
3.89107
3.89263
3.89418
3.89574
3.89729
3.89885
3.9004
3.90195
3.9035
3.90504
3.90659
3.90814
3.90968
3.91122
3.91276
3.9143
3.91584
3.91737
3.91891
3.92044
3.92197
3.9235
3.92503
3.92656
3.92808
3.9296
3.93113
3.93265
3.93416
3.93568
3.9372
3.93871
3.94022
3.94174
3.94324
3.94475
3.94626
3.94777
3.94927
3.95077
3.95227
3.95377
3.95527
3.95677
3.95827
3.95976
3.96126
3.96275
3.96424
3.96573
3.96722
3.96871
3.9702
3.97169
3.97317
3.97466
3.97614
3.97762
3.9791
3.98058
3.98206
3.98354
3.98502
3.98649
3.98797
3.98944
3.99091
3.99239
3.99386
3.99533
3.9968
3.99827
3.99974
4.0012
4.00267
4.00414
4.0056
4.00707
4.00853
4.01
4.01146
4.01293
4.01439
4.01585
4.01732
4.01878
4.02024
4.0217
4.02316
4.02463
4.02609
4.02755
4.02901
4.03047
4.03193
4.03339
4.03485
4.03631
4.03777
4.03924
4.0407
4.04216
4.04362
4.04508
4.04654
4.048
4.04946
4.05093
4.05239
4.05385
4.05531
4.05678
4.05824
4.0597
4.06117
4.06263
4.0641
4.06556
4.06703
4.06849
4.06996
4.07142
4.07289
4.07436
4.07582
4.07729
4.07876
4.08023
4.0817
4.08317
4.08464
4.08611
4.08758
4.08905
4.09052
4.09199
4.09347
4.09494
4.09641
4.09789
4.09936
4.10084
4.10231
4.10379
4.10526
4.10674
4.10822
4.10969
4.11117
4.11265
4.11413
4.11561
4.11709
4.11857
4.12005
4.12153
4.12301
4.12449
4.12598
4.12746
4.12894
4.13043
4.13191
4.1334
4.13488
4.13637
4.13785
4.13933
4.14081
4.14229
4.14377
4.14524
4.14672
4.14819
4.14966
4.15113
4.1526
4.15407
4.15554
4.15701
4.15848
4.15995
4.16142
4.16289
4.16436
4.16583
4.16731
4.16878
4.17025
4.17173
4.1732
4.17467
4.17615
4.17763
4.1791
4.18058
4.18206
4.18354
4.18502
4.1865
4.18798
4.18947
4.19095
4.19244
4.19392
4.19541
4.19689
4.19838
4.19987
4.20136
4.20285
4.20434
4.20583
4.20732
4.20881
4.21031
4.2118
4.2133
4.21479
4.21629
4.21779
4.21929
4.22079
4.22229
4.22379
4.22529
4.2268
4.2283
4.22981
4.23131
4.23282
4.23433
4.23584
4.23735
4.23886
4.24037
4.24188
4.2434
4.24491
4.24643
4.24795
4.24947
4.25099
4.25251
4.25403
4.25556
4.25708
4.25861
4.26013
4.26166
4.26319
4.26472
4.26625
4.26779
4.26932
4.27086
4.2724
4.27393
4.27547
4.27701
4.27856
4.2801
4.28165
4.28319
4.28474
4.28629
4.28784
4.28939
4.29094
4.2925
4.29406
4.29561
4.29717
4.29873
4.30029
4.30185
4.30342
4.30498
4.30655
4.30812
4.30969
4.31126
4.31283
4.3144
4.31598
4.31755
4.31913
4.32071
4.32228
4.32385
4.32542
4.32698
4.32853
4.33009
4.33164
4.3332
4.33475
4.33631
4.33786
4.33942
4.34098
4.34255
4.34411
4.34568
4.34724
4.34881
4.35038
4.35196
4.35353
4.35511
4.35669
4.35827
4.35985
4.36144
4.36302
4.36461
4.3662
4.36779
4.36939
4.37098
4.37258
4.37418
4.37578
4.37738
4.37899
4.38059
4.3822
4.38381
4.38542
4.38703
4.38865
4.39026
4.39188
4.3935
4.39512
4.39674
4.39836
4.39999
4.40161
4.40324
4.40487
4.4065
4.40814
4.40977
4.41141
4.41305
4.41469
4.41633
4.41798
4.41962
4.42127
4.42292
4.42457
4.42623
4.42788
4.42954
4.4312
4.43287
4.43453
4.4362
4.43787
4.43954
4.44121
4.44288
4.44455
4.44622
4.44789
4.44957
4.45124
4.45291
4.45459
4.45626
4.45794
4.45962
4.46129
4.46297
4.46465
4.46634
4.46802
4.46971
4.47139
4.47308
4.47476
4.47644
4.47812
4.4798
4.48148
4.48315
4.48483
4.4865
4.48816
4.48983
4.4915
4.49316
4.49483
4.4965
4.49816
4.49983
4.50149
4.50316
4.50483
4.5065
4.50816
4.50983
4.51151
4.51318
4.51485
4.51652
4.51819
4.51987
4.52154
4.52321
4.52489
4.52656
4.52823
4.5299
4.53158
4.53325
4.53492
4.53659
4.53826
4.53993
4.54159
4.54325
4.54491
4.54657
4.54822
4.54987
4.55151
4.55316
4.5548
4.55643
4.55806
4.55969
4.56132
4.56294
4.56456
4.56617
4.56779
4.5694
4.571
4.57261
4.57421
4.57581
4.57741
4.579
4.58059
4.58219
4.58378
4.58536
4.58695
4.58854
4.59012
4.5917
4.59329
4.59487
4.59645
4.59802
4.5996
4.60118
4.60275
4.60433
4.6059
4.60747
4.60904
4.61061
4.61218
4.61374
4.61531
4.61687
4.61843
4.61999
4.62155
4.62311
4.62466
4.62622
4.62777
4.62932
4.63087
4.63242
4.63397
4.63551
4.63706
4.6386
4.64014
4.64168
4.64322
4.64476
4.64629
4.64783
4.64936
4.65089
4.65242
4.65395
4.65548
4.65701
4.65854
4.66006
4.66159
4.66311
4.66463
4.66615
4.66767
4.66919
4.67071
4.67222
4.67374
4.67525
4.67677
4.67828
4.67979
4.6813
4.68281
4.68432
4.68583
4.68733
4.68884
4.69034
4.69185
4.69335
4.69485
4.69635
4.69785
4.69935
4.70085
4.70235
4.70385
4.70535
4.70684
4.70834
4.70983
4.71133
4.71282
4.71432
4.71581
4.7173
4.7188
4.72029
4.72178
4.72327
4.72477
4.72626
4.72775
4.72924
4.73073
4.73222
4.73371
4.7352
4.73669
4.73819
4.73968
4.74117
4.74266
4.74415
4.74564
4.74713
4.74862
4.75011
4.7516
4.75309
4.75458
4.75607
4.75757
4.75906
4.76055
4.76204
4.76353
4.76503
4.76652
4.76801
4.76951
4.771
4.77249
4.77399
4.77548
4.77698
4.77848
4.77997
4.78147
4.78296
4.78446
4.78596
4.78746
4.78896
4.79045
4.79195
4.79345
4.79495
4.79645
4.79795
4.79945
4.80096
4.80246
4.80396
4.80546
4.80697
4.80847
4.80998
4.81148
4.81299
4.81449
4.816
4.8175
4.81901
4.82052
4.82203
4.82353
4.82504
4.82655
4.82806
4.82957
4.83108
4.83259
4.83411
4.83562
4.83713
4.83864
4.84016
4.84167
4.84317
4.84468
4.84619
4.84769
4.8492
4.8507
4.8522
4.8537
4.85519
4.85669
4.85819
4.85969
4.86118
4.86268
4.86418
4.86567
4.86717
4.86867
4.87016
4.87166
4.87316
4.87466
4.87616
4.87766
4.87917
4.88067
4.88217
4.88368
4.88518
4.88669
4.88819
4.8897
4.89121
4.89271
4.89422
4.89573
4.89725
4.89876
4.90027
4.90178
4.9033
4.90481
4.90633
4.90784
4.90936
4.91088
4.9124
4.91392
4.91544
4.91696
4.91848
4.92001
4.92153
4.92306
4.92458
4.92611
4.92764
4.92916
4.93069
4.93222
4.93376
4.93529
4.93682
4.93836
4.93989
4.94143
4.94297
4.9445
4.94604
4.94758
4.94913
4.95067
4.95221
4.95376
4.95531
4.95685
4.9584
4.95995
4.9615
4.96306
4.96461
4.96617
4.96772
4.96928
4.97084
4.9724
4.97396
4.97552
4.97709
4.97865
4.98022
4.98179
4.98336
4.98493
4.9865
4.98807
4.98965
4.99122
4.9928
4.99438
4.99596
4.99754
4.99912
5.0007
5.00229
5.00388
5.00546
5.00705
5.00864
5.01024
5.01183
5.01342
5.01502
5.01662
5.01822
5.01982
5.02142
5.02302
5.02463
5.02623
5.02784
5.02945
5.03106
5.03266
5.03426
5.03586
5.03745
5.03903
5.04062
5.04221
5.04379
5.04538
5.04697
5.04856
5.05015
5.05175
5.05334
5.05494
5.05654
5.05814
5.05975
5.06135
5.06296
5.06457
5.06618
5.06779
5.06941
5.07102
5.07264
5.07426
5.07589
5.07751
5.07914
5.08077
5.0824
5.08403
5.08566
5.0873
5.08894
5.09058
5.09222
5.09386
5.0955
5.09715
5.0988
5.10045
5.1021
5.10375
5.10541
5.10707
5.10872
5.11038
5.11205
5.11371
5.11538
5.11704
5.11871
5.12038
5.12206
5.12373
5.12541
5.12709
5.12877
5.13045
5.13214
5.13382
5.13551
5.1372
5.1389
5.14059
5.14229
5.14399
5.14569
5.1474
5.1491
5.15081
5.15251
5.15422
5.15593
5.15763
5.15934
5.16105
5.16276
5.16447
5.16618
5.16789
5.1696
5.17131
5.17302
5.17474
5.17646
5.17818
5.1799
5.18161
5.18333
5.18504
5.18676
5.18847
5.19018
5.19188
5.19358
5.19528
5.19698
5.19867
5.20036
5.20206
5.20375
5.20544
5.20713
5.20882
5.21051
5.2122
5.21389
5.21559
5.21728
5.21897
5.22067
5.22236
5.22406
5.22576
5.22745
5.22915
5.23085
5.23255
5.23424
5.23594
5.23764
5.23934
5.24103
5.24273
5.24442
5.24612
5.24781
5.2495
5.25119
5.25287
5.25455
5.25623
5.2579
5.25957
5.26124
5.2629
5.26456
5.26621
5.26786
5.26951
5.27115
5.27279
5.27443
5.27606
5.27769
5.27931
5.28093
5.28255
5.28417
5.28578
5.28739
5.289
5.29061
5.29221
5.29382
5.29542
5.29702
5.29862
5.30021
5.30181
5.30341
5.305
5.30659
5.30818
5.30977
5.31136
5.31295
5.31454
5.31612
5.31771
5.31929
5.32087
5.32245
5.32403
5.32561
5.32719
5.32876
5.33034
5.33191
5.33348
5.33505
5.33662
5.33818
5.33975
5.34131
5.34287
5.34443
5.34599
5.34755
5.34911
5.35066
5.35221
5.35377
5.35532
5.35687
5.35842
5.35996
5.36151
5.36306
5.3646
5.36614
5.36768
5.36923
5.37077
5.3723
5.37384
5.37538
5.37691
5.37845
5.37998
5.38152
5.38305
5.38458
5.38611
5.38764
5.38916
5.39069
5.39222
5.39374
5.39526
5.39679
5.39831
5.39983
5.40135
5.40287
5.40439
5.4059
5.40742
5.40893
5.41045
5.41196
5.41348
5.41499
5.4165
5.41801
5.41952
5.42103
5.42254
5.42405
5.42556
5.42707
5.42858
5.43009
5.43159
5.4331
5.43461
5.43611
5.43762
5.43913
5.44063
5.44214
5.44364
5.44515
5.44665
5.44816
5.44966
5.45117
5.45267
5.45417
5.45568
5.45718
5.45869
5.46019
5.4617
5.4632
5.4647
5.46621
5.46771
5.46922
5.47072
5.47223
5.47373
5.47524
5.47674
5.47825
5.47975
5.48126
5.48277
5.48427
5.48578
5.48729
5.48879
5.4903
5.49181
5.49332
5.49483
5.49634
5.49784
5.49935
5.50086
5.50237
5.50388
5.5054
5.50691
5.50842
5.50993
5.51144
5.51296
5.51447
5.51598
5.5175
5.51901
5.52052
5.52204
5.52355
5.52507
5.52659
5.5281
5.52962
5.53114
5.53266
5.53417
5.53569
5.53721
5.53873
5.54025
5.54177
5.54329
5.54481
5.54634
5.54786
5.54938
5.5509
5.55242
5.55394
5.55546
5.55698
5.55849
5.56001
5.56152
5.56303
5.56454
5.56604
5.56755
5.56905
5.57056
5.57206
5.57357
5.57507
5.57658
5.57808
5.57959
5.58109
5.5826
5.5841
5.58561
5.58712
5.58863
5.59013
5.59164
5.59315
5.59466
5.59618
5.59769
5.5992
5.60072
5.60223
5.60375
5.60526
5.60678
5.6083
5.60981
5.61133
5.61285
5.61437
5.61589
5.61742
5.61894
5.62046
5.62199
5.62351
5.62504
5.62657
5.62809
5.62962
5.63115
5.63268
5.63421
5.63574
5.63728
5.63881
5.64035
5.64188
5.64342
5.64495
5.64649
5.64803
5.64957
5.65111
5.65265
5.6542
5.65574
5.65729
5.65883
5.66038
5.66193
5.66348
5.66503
5.66658
5.66813
5.66969
5.67124
5.6728
5.67436
5.67592
5.67748
5.67904
5.6806
5.68216
5.68373
5.68529
5.68686
5.68843
5.69
5.69157
5.69314
5.69472
5.69629
5.69787
5.69945
5.70103
5.70261
5.70419
5.70577
5.70735
5.70894
5.71053
5.71211
5.7137
5.71529
5.71689
5.71848
5.72007
5.72167
5.72327
5.72487
5.72647
5.72807
5.72967
5.73128
5.73288
5.73449
5.7361
5.73771
5.73932
5.74093
5.74255
5.74416
5.74578
5.74738
5.74899
5.75059
5.75218
5.75378
5.75537
5.75696
5.75855
5.76015
5.76175
5.76334
5.76494
5.76655
5.76815
5.76975
5.77136
5.77297
5.77458
5.7762
5.77781
5.77943
5.78105
5.78267
5.78429
5.78592
5.78754
5.78917
5.7908
5.79244
5.79407
5.79571
5.79735
5.79899
5.80063
5.80227
5.80391
5.80556
5.80721
5.80886
5.81051
5.81216
5.81382
5.81547
5.81713
5.81879
5.82045
5.82211
5.82378
5.82544
5.82711
5.82878
5.83045
5.83212
5.8338
5.83547
5.83715
5.83883
5.84051
5.84219
5.84388
5.84557
5.84725
5.84895
5.85064
5.85233
5.85403
5.85573
5.85743
5.85913
5.86084
5.86255
5.86426
5.86597
5.86768
5.8694
5.87111
5.87283
5.87455
5.87626
5.87798
5.8797
5.88142
5.88313
5.88485
5.88657
5.88829
5.89001
5.89173
5.89346
5.89518
5.89691
5.89864
5.90036
5.90209
5.90381
5.90554
5.90726
5.90898
5.9107
5.91242
5.91413
5.91584
5.91754
5.91925
5.92095
5.92265
5.92435
5.92605
5.92775
5.92946
5.93116
5.93286
5.93456
5.93626
5.93797
5.93967
5.94138
5.94308
5.94479
5.9465
5.9482
5.94991
5.95162
5.95332
5.95503
5.95674
5.95845
5.96015
5.96186
5.96356
5.96527
5.96697
5.96868
5.97038
5.97208
5.97378
5.97547
5.97716
5.97884
5.98052
5.9822
5.98388
5.98555
5.98721
5.98888
5.99054
5.99219
5.99384
5.99549
5.99713
5.99878
6.00041
6.00205
6.00368
6.00531
6.00694
6.00856
6.01018
6.0118
6.01342
6.01504
6.01665
6.01826
6.01987
6.02149
6.02309
6.0247
6.02631
6.02791
6.02952
6.03112
6.03272
6.03432
6.03592
6.03752
6.03912
6.04072
6.04231
6.04391
6.0455
6.04709
6.04868
6.05027
6.05185
6.05344
6.05502
6.0566
6.05818
6.05976
6.06134
6.06292
6.06449
6.06606
6.06763
6.06921
6.07077
6.07234
6.07391
6.07547
6.07704
6.0786
6.08016
6.08172
6.08328
6.08483
6.08639
6.08795
6.0895
6.09105
6.0926
6.09415
6.0957
6.09725
6.0988
6.10035
6.10189
6.10344
6.10498
6.10652
6.10806
6.1096
6.11114
6.11268
6.11421
6.11575
6.11729
6.11882
6.12035
6.12188
6.12341
6.12494
6.12647
6.128
6.12953
6.13105
6.13258
6.1341
6.13563
6.13715
6.13867
6.1402
6.14172
6.14324
6.14476
6.14628
6.1478
6.14932
6.15084
6.15235
6.15387
6.15539
6.15691
6.15842
6.15994
6.16146
6.16297
6.16449
6.166
6.16752
6.16904
6.17055
6.17207
6.17358
6.1751
6.17661
6.17813
6.17964
6.18116
6.18267
6.18418
6.1857
6.18721
6.18873
6.19025
6.19176
6.19328
6.19479
6.19631
6.19782
6.19934
6.20086
6.20237
6.20389
6.20541
6.20693
6.20845
6.20996
6.21148
6.213
6.21452
6.21604
6.21756
6.21908
6.2206
6.22212
6.22365
6.22517
6.22669
6.22821
6.22974
6.23126
6.23278
6.23431
6.23583
6.23736
6.23888
6.24041
6.24194
6.24346
6.24499
6.24652
6.24805
6.24958
6.2511
6.25263
6.25416
6.25569
6.25723
6.25876
6.26029
6.26182
6.26335
6.26488
6.26642
6.26795
6.26949
6.27102
6.27255
6.27409
6.27562
6.27716
6.27869
6.28022
6.28174
6.28327
6.28479
6.28631
6.28783
6.28934
6.29086
6.29237
6.29389
6.2954
6.29691
6.29843
6.29994
6.30145
6.30296
6.30448
6.30599
6.30751
6.30902
6.31054
6.31205
6.31357
6.31509
6.3166
6.31812
6.31964
6.32116
6.32268
6.3242
6.32572
6.32725
6.32877
6.3303
6.33182
6.33335
6.33487
6.3364
6.33793
6.33946
6.34098
6.34251
6.34405
6.34558
6.34711
6.34864
6.35018
6.35171
6.35325
6.35478
6.35632
6.35786
6.35939
6.36093
6.36247
6.36401
6.36556
6.3671
6.36864
6.37019
6.37173
6.37328
6.37482
6.37637
6.37792
6.37947
6.38102
6.38257
6.38413
6.38568
6.38723
6.38879
6.39035
6.39191
6.39346
6.39503
6.39659
6.39815
6.39971
6.40128
6.40284
6.40441
6.40598
6.40755
6.40912
6.41069
6.41226
6.41384
6.41541
6.41699
6.41857
6.42015
6.42173
6.42331
6.42489
6.42647
6.42806
6.42965
6.43123
6.43282
6.43441
6.436
6.4376
6.43919
6.44078
6.44238
6.44398
6.44558
6.44718
6.44878
6.45038
6.45198
6.45359
6.4552
6.45681
6.45841
6.46003
6.46164
6.46325
6.46487
6.46648
6.46809
6.46969
6.47129
6.47289
6.47448
6.47607
6.47766
6.47926
6.48085
6.48245
6.48405
6.48564
6.48725
6.48885
6.49045
6.49206
6.49367
6.49528
6.49689
6.4985
6.50012
6.50174
6.50336
6.50498
6.5066
6.50823
6.50986
6.51149
6.51312
6.51475
6.51639
6.51802
6.51966
6.5213
6.52295
6.52459
6.52624
6.52788
6.52953
6.53118
6.53283
6.53449
6.53614
6.5378
6.53946
6.54112
6.54278
6.54444
6.54611
6.54778
6.54944
6.55111
6.55279
6.55446
6.55614
6.55781
6.55949
6.56117
6.56286
6.56454
6.56623
6.56792
6.56961
6.5713
6.57299
6.57469
6.57639
6.57809
6.57979
6.5815
6.58321
6.58492
6.58663
6.58834
6.59006
6.59178
6.5935
6.59522
6.59694
6.59867
6.6004
6.60213
6.60386
6.6056
6.60733
6.60906
6.61079
6.61253
6.61426
6.61599
6.61772
6.61946
6.62119
6.62293
6.62466
6.6264
6.62814
6.62989
6.63163
6.63338
6.63512
6.63686
6.63861
6.64035
6.64209
6.64383
6.64557
6.6473
6.64903
6.65076
6.65249
6.65421
6.65593
6.65765
6.65937
6.66109
6.6628
6.66452
6.66624
6.66796
6.66968
6.67139
6.67311
6.67483
6.67655
6.67828
6.68
6.68172
6.68344
6.68517
6.68689
6.68861
6.69034
6.69206
6.69378
6.6955
6.69722
6.69894
6.70066
6.70238
6.7041
6.70582
6.70753
6.70924
6.71094
6.71264
6.71434
6.71603
6.71772
6.71941
6.72109
6.72276
6.72444
6.7261
6.72777
6.72943
6.73109
6.73274
6.73439
6.73603
6.73768
6.73932
6.74096
6.74259
6.74422
6.74585
6.74748
6.74911
6.75073
6.75235
6.75397
6.75559
6.75721
6.75883
6.76044
6.76206
6.76367
6.76528
6.76689
6.7685
6.7701
6.77171
6.77331
6.77492
6.77652
6.77812
6.77972
6.78132
6.78291
6.7845
6.7861
6.78769
6.78928
6.79086
6.79245
6.79403
6.79562
6.7972
6.79878
6.80035
6.80193
6.80351
6.80508
6.80665
6.80822
6.80979
6.81136
6.81292
6.81449
6.81605
6.81761
6.81917
6.82073
6.82229
6.82385
6.82541
6.82696
6.82851
6.83007
6.83162
6.83317
6.83472
6.83626
6.83781
6.83935
6.8409
6.84244
6.84398
6.84552
6.84706
6.8486
6.85014
6.85168
6.85321
6.85474
6.85628
6.85781
6.85934
6.86087
6.8624
6.86393
6.86545
6.86698
6.86851
6.87003
6.87156
6.87308
6.8746
6.87612
6.87764
6.87916
6.88068
6.8822
6.88372
6.88524
6.88676
6.88828
6.88979
6.89131
6.89283
6.89434
6.89586
6.89737
6.89889
6.9004
6.90192
6.90343
6.90495
6.90646
6.90797
6.90949
6.911
6.91251
6.91403
6.91554
6.91705
6.91856
6.92008
6.92159
6.9231
6.92462
6.92613
6.92764
6.92916
6.93067
6.93218
6.9337
6.93521
6.93672
6.93824
6.93975
6.94127
6.94278
6.9443
6.94581
6.94733
6.94884
6.95036
6.95188
6.95339
6.95491
6.95643
6.95794
6.95946
6.96098
6.9625
6.96402
6.96554
6.96705
6.96857
6.97009
6.97162
6.97314
6.97466
6.97618
6.9777
6.97922
6.98075
6.98227
6.98379
6.98532
6.98684
6.98837
6.98989
6.99142
6.99294
6.99447
6.99599
6.99752
6.99905
7.00058
7.0021
7.00363
7.00516
7.00669
7.00822
7.00975
7.01128
7.01281
7.01433
7.01586
7.01738
7.0189
7.02042
7.02193
7.02345
7.02496
7.02647
7.02798
7.02949
7.03099
7.0325
7.03401
7.03551
7.03702
7.03853
7.04004
7.04154
7.04305
7.04456
7.04607
7.04758
7.04909
7.0506
7.05211
7.05362
7.05514
7.05665
7.05817
7.05968
7.0612
7.06271
7.06423
7.06575
7.06726
7.06878
7.0703
7.07182
7.07334
7.07487
7.07639
7.07791
7.07944
7.08096
7.08248
7.08401
7.08554
7.08706
7.08859
7.09012
7.09165
7.09318
7.09471
7.09624
7.09778
7.09931
7.10084
7.10238
7.10392
7.10545
7.10699
7.10853
7.11007
7.11161
7.11315
7.11469
7.11623
7.11778
7.11932
7.12087
7.12242
7.12396
7.12551
7.12706
7.12861
7.13017
7.13172
7.13328
7.13483
7.13639
7.13795
7.1395
7.14106
7.14263
7.14419
7.14575
7.14732
7.14888
7.15045
7.15202
7.15359
7.15516
7.15673
7.1583
7.15987
7.16145
7.16303
7.1646
7.16618
7.16776
7.16934
7.17093
7.17251
7.17409
7.17568
7.17727
7.17886
7.18045
7.18204
7.18363
7.18522
7.18682
7.18841
7.19001
7.19161
7.19321
7.19481
7.19641
7.19801
7.1996
7.20118
7.20276
7.20434
7.20592
7.2075
7.20908
7.21065
7.21224
7.21382
7.2154
7.21699
7.21857
7.22016
7.22175
7.22334
7.22494
7.22653
7.22813
7.22973
7.23133
7.23293
7.23454
7.23614
7.23775
7.23936
7.24097
7.24259
7.2442
7.24582
7.24744
7.24906
7.25068
7.25231
7.25393
7.25556
7.25719
7.25882
7.26045
7.26209
7.26372
7.26536
7.267
7.26864
7.27028
7.27192
7.27356
7.27521
7.27686
7.27851
7.28016
7.28181
7.28346
7.28512
7.28678
7.28844
7.2901
7.29176
7.29343
7.29509
7.29676
7.29843
7.3001
7.30178
7.30346
7.30513
7.30681
7.3085
7.31018
7.31187
7.31356
7.31525
7.31694
7.31864
7.32033
7.32203
7.32373
7.32544
7.32714
7.32885
7.33056
7.33227
7.33399
7.3357
7.33742
7.33914
7.34087
7.34259
7.34432
7.34605
7.34778
7.34952
7.35126
7.353
7.35474
7.35648
7.35823
7.35997
7.36172
7.36347
7.36521
7.36696
7.3687
7.37045
7.3722
7.37394
7.37569
7.37743
7.37918
7.38093
7.38268
7.38443
7.38618
7.38793
7.38969
7.39145
7.3932
7.39495
7.39671
7.39846
7.40021
7.40196
7.40371
7.40545
7.40719
7.40892
7.41066
7.41239
7.41411
7.41584
7.41757
7.41929
7.42101
7.42273
7.42445
7.42617
7.4279
7.42962
7.43134
7.43306
7.43478
7.4365
7.43822
7.43994
7.44166
7.44339
7.44511
7.44683
7.44855
7.45027
7.45199
7.4537
7.45542
7.45714
7.45885
7.46056
7.46227
7.46397
7.46567
7.46737
7.46906
7.47075
7.47244
7.47412
7.47579
7.47747
7.47913
7.4808
7.48245
7.48411
7.48576
7.4874
7.48905
7.49068
7.49232
7.49395
7.49557
7.4972
7.49882
7.50044
7.50205
7.50366
7.50527
7.50688
7.50848
7.51009
7.51169
7.51329
7.51489
7.51648
7.51808
7.51967
7.52126
7.52285
7.52444
7.52602
7.52761
7.52919
7.53077
7.53236
7.53393
7.53551
7.53709
7.53866
7.54023
7.5418
7.54337
7.54494
7.54651
7.54807
7.54963
7.55119
7.55275
7.55431
7.55587
7.55742
7.55897
7.56052
7.56207
7.56362
7.56517
7.56671
7.56826
7.5698
7.57134
7.57288
7.57441
7.57595
7.57748
7.57902
7.58055
7.58208
7.58361
7.58514
7.58667
7.5882
7.58972
7.59125
7.59277
7.59429
7.59581
7.59733
7.59885
7.60037
7.60189
7.60341
7.60492
7.60644
7.60795
7.60947
7.61098
7.61249
7.614
7.61552
7.61703
7.61854
7.62005
7.62155
7.62306
7.62457
7.62608
7.62758
7.62909
7.6306
7.6321
7.63361
7.63511
7.63662
7.63812
7.63963
7.64113
7.64263
7.64414
7.64564
7.64715
7.64865
7.65015
7.65166
7.65316
7.65466
7.65616
7.65767
7.65917
7.66067
7.66218
7.66368
7.66518
7.66668
7.66819
7.66969
7.67119
7.6727
7.6742
7.6757
7.67721
7.67871
7.68021
7.68172
7.68322
7.68473
7.68623
7.68774
7.68924
7.69075
7.69225
7.69376
7.69526
7.69677
7.69828
7.69978
7.70129
7.7028
7.7043
7.70581
7.70732
7.70883
7.71034
7.71184
7.71335
7.71486
7.71637
7.71788
7.71939
7.7209
7.72242
7.72393
7.72544
7.72695
7.72846
7.72998
7.73149
7.733
7.73452
7.73603
7.73754
7.73906
7.74057
7.74209
7.74361
7.74512
7.74664
7.74815
7.74967
7.75119
7.75271
7.75422
7.75574
7.75726
7.75878
7.7603
7.76182
7.76334
7.76486
7.76638
7.7679
7.76942
7.77094
7.77246
7.77397
7.77549
7.777
7.77852
7.78003
7.78154
7.78304
7.78455
7.78605
7.78756
7.78906
7.79056
7.79206
7.79357
7.79507
7.79657
7.79807
7.79957
7.80108
7.80258
7.80408
7.80559
7.80709
7.80859
7.8101
7.8116
7.81311
7.81462
7.81613
7.81763
7.81914
7.82065
7.82216
7.82367
7.82518
7.82669
7.82821
7.82972
7.83123
7.83275
7.83426
7.83578
7.8373
7.83881
7.84033
7.84185
7.84337
7.84489
7.84641
7.84793
7.84945
7.85098
7.8525
7.85402
7.85555
7.85708
7.8586
7.86013
7.86166
7.86319
7.86472
7.86626
7.86779
7.86932
7.87086
7.87239
7.87393
7.87547
7.87701
7.87855
7.88009
7.88163
7.88318
7.88472
7.88627
7.88782
7.88937
7.89092
7.89247
7.89402
7.89557
7.89713
7.89868
7.90024
7.9018
7.90336
7.90492
7.90649
7.90805
7.90961
7.91118
7.91275
7.91432
7.91589
7.91746
7.91903
7.92061
7.92219
7.92376
7.92534
7.92692
7.9285
7.93009
7.93167
7.93326
7.93484
7.93643
7.93802
7.93961
7.9412
7.9428
7.94439
7.94599
7.94759
7.94919
7.95078
7.95237
7.95395
7.95553
7.95711
7.95868
7.96025
7.96183
7.9634
7.96498
7.96655
7.96813
7.96971
7.97129
7.97287
7.97446
7.97604
7.97763
7.97922
7.98081
7.98241
7.984
7.9856
7.9872
7.9888
7.9904
7.992
7.99361
7.99522
7.99683
7.99844
8.00005
8.00167
8.00329
8.00491
8.00653
8.00815
8.00977
8.0114
8.01303
8.01465
8.01629
8.01792
8.01955
8.02119
8.02282
8.02446
8.0261
8.02774
8.02938
8.03103
8.03267
8.03432
8.03597
8.03762
8.03927
8.04092
8.04258
8.04424
8.0459
8.04756
8.04922
8.05089
8.05255
8.05422
8.05589
8.05756
8.05924
8.06091
8.06259
8.06427
8.06595
8.06764
8.06932
8.07101
8.0727
8.07439
8.07609
8.07778
8.07948
8.08118
8.08288
8.08459
8.08629
8.088
8.08971
8.09142
8.09314
8.09486
8.09658
8.0983
8.10002
8.10175
8.10347
8.1052
8.10694
8.10867
8.11041
8.11215
8.11389
8.11563
8.11738
8.11912
8.12087
8.12262
8.12438
8.12613
8.12789
8.12965
8.13141
8.13317
8.13494
8.13671
8.13848
8.14025
8.14202
8.1438
8.14558
8.14736
8.14914
8.15092
8.15271
8.1545
8.15628
8.15807
8.15985
8.16164
8.16342
8.1652
8.16698
8.16876
8.17054
8.17231
8.17409
8.17586
8.17763
8.17941
8.18118
8.18295
8.18473
8.18651
8.18828
8.19006
8.19183
8.1936
8.19537
8.19713
8.1989
8.20066
8.20241
8.20416
8.20591
8.20765
8.20939
8.21112
8.21285
8.21458
8.21631
8.21803
8.21975
8.22147
8.22319
8.2249
8.22662
8.22833
8.23004
8.23175
8.23346
8.23517
8.23687
8.23858
8.24028
8.24199
8.24369
8.24539
8.24709
8.24878
8.25047
8.25216
8.25385
8.25553
8.25722
8.25889
8.26056
8.26223
8.2639
8.26556
8.26721
8.26886
8.27051
8.27215
8.27378
8.27541
8.27704
8.27866
8.28027
8.28188
8.28349
8.28509
8.28669
8.28828
8.28987
8.29145
8.29303
8.2946
8.29618
8.29774
8.29931
8.30087
8.30243
8.30398
8.30554
8.30709
8.30863
8.31018
8.31172
8.31326
8.3148
8.31633
8.31787
8.3194
8.32093
8.32245
8.32398
8.3255
8.32702
8.32854
8.33006
8.33158
8.33309
8.3346
8.33611
8.33762
8.33912
8.34063
8.34213
8.34363
8.34513
8.34662
8.34812
8.34961
8.3511
8.35259
8.35408
8.35556
8.35705
8.35853
8.36001
8.36149
8.36297
8.36445
8.36592
8.3674
8.36887
8.37034
8.37182
8.37329
8.37476
8.37622
8.37769
8.37916
8.38063
8.38209
8.38356
8.38502
8.38648
8.38795
8.38941
8.39087
8.39234
8.3938
8.39526
8.39672
8.39818
8.39964
8.4011
8.40256
8.40403
8.40549
8.40695
8.40841
8.40987
8.41133
8.41279
8.41425
8.41571
8.41717
8.41863
8.42009
8.42155
8.42301
8.42447
8.42593
8.42739
8.42885
8.43031
8.43178
8.43324
8.4347
8.43616
8.43762
8.43908
8.44055
8.44201
8.44347
8.44493
8.4464
8.44786
8.44932
8.45079
8.45225
8.45371
8.45518
8.45664
8.4581
8.45957
8.46103
8.4625
8.46396
8.46543
8.46689
8.46836
8.46982
8.47129
8.47276
8.47422
8.47569
8.47715
8.47862
8.48009
8.48156
8.48302
8.48449
8.48596
8.48743
8.4889
8.49036
8.49183
8.4933
8.49477
8.49624
8.49771
8.49918
8.50065
8.50212
8.50359
8.50506
8.50653
8.508
8.50947
8.51094
8.51242
8.51389
8.51536
8.51683
8.5183
8.51978
8.52125
8.52272
8.5242
8.52567
8.52714
8.52862
8.53009
8.53156
8.53304
8.53451
8.53599
8.53746
8.53894
8.54041
8.54189
8.54336
8.54484
8.54632
8.54779
8.54927
8.55074
8.55222
8.5537
8.55517
8.55665
8.55813
8.55961
8.56108
8.56256
8.56404
8.56551
8.56699
8.56846
8.56992
8.57139
8.57286
8.57432
8.57578
8.57724
8.5787
8.58016
8.58161
8.58307
8.58453
8.58598
8.58744
8.58889
8.59035
8.59181
8.59326
8.59472
8.59618
8.59763
8.59909
8.60055
8.60201
8.60347
8.60493
8.60639
8.60785
8.60931
8.61077
8.61223
8.61369
8.61516
8.61662
8.61809
8.61955
8.62102
8.62248
8.62395
8.62542
8.62689
8.62836
8.62983
8.6313
8.63277
8.63424
8.63572
8.63719
8.63867
8.64014
8.64162
8.6431
8.64457
8.64605
8.64753
8.64901
8.6505
8.65198
8.65346
8.65495
8.65644
8.65792
8.65941
8.6609
8.66239
8.66388
8.66537
8.66687
8.66836
8.66986
8.67136
8.67285
8.67435
8.67585
8.67735
8.67886
8.68036
8.68187
8.68337
8.68488
8.68639
8.6879
8.68941
8.69092
8.69243
8.69395
8.69546
8.69698
8.6985
8.70002
8.70154
8.70306
8.70458
8.70611
8.70763
8.70916
8.71069
8.71221
8.71373
8.71525
8.71676
8.71827
8.71977
8.72127
8.72277
8.72427
8.72577
8.72727
8.72878
8.73028
8.73179
8.7333
8.73481
8.73632
8.73783
8.73935
8.74087
8.74239
8.74391
8.74543
8.74695
8.74847
8.75
8.75153
8.75305
8.75458
8.75611
8.75765
8.75918
8.76072
8.76225
8.76379
8.76533
8.76687
8.76841
8.76995
8.77149
8.77304
8.77459
8.77613
8.77768
8.77923
8.78078
8.78234
8.78389
8.78545
8.787
8.78856
8.79012
8.79168
8.79324
8.79481
8.79637
8.79794
8.79951
8.80108
8.80265
8.80422
8.8058
8.80737
8.80895
8.81053
8.81211
8.81369
8.81527
8.81686
8.81844
8.82003
8.82162
8.82321
8.82481
8.8264
8.828
8.8296
8.8312
8.8328
8.8344
8.83601
8.83762
8.83923
8.84084
8.84245
8.84407
8.84569
8.84731
8.84893
8.85055
8.85218
8.85381
8.85544
8.85707
8.85871
8.86035
8.86199
8.86363
8.86527
8.86692
8.86857
8.87022
8.87187
8.87352
8.87518
8.87684
8.8785
8.88017
8.88183
8.8835
8.88517
8.88684
8.88852
8.89019
8.89187
8.89355
8.89523
8.89692
8.8986
8.90029
8.90198
8.90368
8.90537
8.90707
8.90877
8.91047
8.91217
8.91388
8.91559
8.91729
8.91901
8.92072
8.92243
8.92415
8.92587
8.92759
8.92932
8.93104
8.93277
8.9345
8.93623
8.93796
8.93969
8.94143
8.94317
8.94491
8.94665
8.94839
8.95013
8.95188
8.95363
8.95538
8.95713
8.95889
8.96064
8.9624
8.96416
8.96592
8.96768
8.96944
8.97121
8.97298
8.97474
8.97651
8.97829
8.98006
8.98184
8.98361
8.98539
8.98717
8.98895
8.99073
8.99252
8.9943
8.99608
8.99786
8.99964
9.00141
9.00318
9.00495
9.00671
9.00847
9.01023
9.01199
9.01374
9.01549
9.01725
9.019
9.02074
9.02249
9.02424
9.02599
9.02774
9.02948
9.03122
9.03296
9.0347
9.03643
9.03816
9.03989
9.04161
9.04332
9.04502
9.04673
9.04842
9.05011
9.0518
9.05348
9.05516
9.05684
9.05851
9.06018
9.06185
9.06351
9.06517
9.06683
9.06849
9.07014
9.07179
9.07344
9.07509
9.07674
9.07838
9.08002
9.08165
9.08329
9.08492
9.08655
9.08818
9.0898
9.09142
9.09303
9.09465
9.09626
9.09786
9.09946
9.10106
9.10265
9.10424
9.10582
9.1074
9.10897
9.11054
9.11211
9.11367
9.11522
9.11677
9.11832
9.11986
9.1214
9.12293
9.12446
9.12599
9.12751
9.12903
9.13054
9.13205
9.13355
9.13505
9.13655
9.13804
9.13953
9.14102
9.1425
9.14398
9.14546
9.14693
9.1484
9.14987
9.15133
9.15279
9.15425
9.1557
9.15716
9.1586
9.16005
9.16149
9.16294
9.16437
9.16581
9.16724
9.16868
9.17011
9.17153
9.17296
9.17438
9.1758
9.17722
9.17864
9.18006
9.18147
9.18288
9.18429
9.1857
9.18711
9.18852
9.18992
9.19133
9.19273
9.19414
9.19554
9.19694
9.19834
9.19974
9.20114
9.20254
9.20393
9.20533
9.20673
9.20813
9.20952
9.21092
9.21232
9.21371
9.21511
9.2165
9.2179
9.21929
9.22069
9.22209
9.22348
9.22488
9.22627
9.22767
9.22907
9.23047
9.23186
9.23326
9.23466
9.23606
9.23745
9.23885
9.24025
9.24165
9.24305
9.24445
9.24585
9.24725
9.24865
9.25005
9.25146
9.25286
9.25426
9.25566
9.25707
9.25847
9.25987
9.26128
9.26268
9.26409
9.26549
9.2669
9.2683
9.26971
9.27111
9.27252
9.27393
9.27533
9.27674
9.27815
9.27956
9.28096
9.28237
9.28378
9.28519
9.2866
9.28801
9.28942
9.29082
9.29223
9.29364
9.29505
9.29646
9.29787
9.29928
9.30069
9.30211
9.30352
9.30493
9.30634
9.30775
9.30916
9.31057
9.31198
9.31339
9.31481
9.31622
9.31763
9.31904
9.32045
9.32186
9.32328
9.32469
9.3261
9.32751
9.32892
9.33034
9.33175
9.33316
9.33457
9.33599
9.3374
9.33881
9.34022
9.34164
9.34305
9.34446
9.34588
9.34729
9.3487
9.35011
9.35153
9.35294
9.35435
9.35577
9.35718
9.3586
9.36001
9.36142
9.36284
9.36425
9.36566
9.36708
9.36849
9.36991
9.37132
9.37273
9.37415
9.37556
9.37698
9.37839
9.3798
9.38122
9.38263
9.38405
9.38546
9.38687
9.38828
9.38969
9.39109
9.39249
9.39389
9.39528
9.39667
9.39806
9.39945
9.40083
9.40222
9.4036
9.40498
9.40636
9.40775
9.40913
9.41051
9.41189
9.41327
9.41465
9.41604
9.41742
9.4188
9.42018
9.42157
9.42295
9.42434
9.42572
9.42711
9.42849
9.42988
9.43127
9.43265
9.43404
9.43543
9.43682
9.43821
9.4396
9.44099
9.44238
9.44377
9.44516
9.44655
9.44795
9.44934
9.45074
9.45213
9.45353
9.45492
9.45632
9.45771
9.45911
9.46051
9.46191
9.46331
9.46471
9.46611
9.46751
9.46892
9.47032
9.47172
9.47313
9.47453
9.47594
9.47734
9.47875
9.48016
9.48157
9.48298
9.48439
9.4858
9.48721
9.48862
9.49004
9.49145
9.49287
9.49428
9.49569
9.4971
9.4985
9.4999
9.50129
9.50268
9.50407
9.50546
9.50685
9.50824
9.50963
9.51102
9.51242
9.51381
9.5152
9.5166
9.51799
9.51939
9.52079
9.52219
9.52359
9.52499
9.52639
9.52779
9.52919
9.53059
9.532
9.5334
9.53481
9.53622
9.53762
9.53903
9.54044
9.54185
9.54326
9.54467
9.54609
9.5475
9.54892
9.55033
9.55175
9.55317
9.55458
9.556
9.55742
9.55884
9.56026
9.56169
9.56311
9.56454
9.56596
9.56739
9.56882
9.57024
9.57167
9.5731
9.57454
9.57597
9.5774
9.57884
9.58027
9.58171
9.58315
9.58459
9.58603
9.58747
9.58892
9.59036
9.59181
9.59325
9.5947
9.59615
9.5976
9.59906
9.60051
9.60197
9.60342
9.60488
9.60634
9.6078
9.60927
9.61073
9.6122
9.61366
9.61513
9.6166
9.61808
9.61955
9.62102
9.6225
9.62398
9.62546
9.62694
9.62842
9.62991
9.6314
9.63288
9.63438
9.63587
9.63736
9.63886
9.64036
9.64186
9.64336
9.64487
9.64637
9.64788
9.64939
9.65091
9.65242
9.65394
9.65546
9.65698
9.65851
9.66003
9.66156
9.66309
9.66462
9.66616
9.6677
9.66924
9.67078
9.67232
9.67387
9.67542
9.67697
9.67852
9.68008
9.68164
9.6832
9.68476
9.68633
9.68789
9.68946
9.69104
9.69261
9.69419
9.69576
9.69735
9.69893
9.70051
9.7021
9.70369
9.70528
9.70688
9.70847
9.71007
9.71167
9.71327
9.71488
9.71649
9.71809
9.71971
9.72132
9.72293
9.72455
9.72617
9.72779
9.72941
9.73104
9.73267
9.73429
9.73593
9.73756
9.73919
9.74083
9.74247
9.74411
9.74575
9.74739
9.74904
9.75069
9.75234
9.75399
9.75564
9.7573
9.75895
9.76061
9.76227
9.76393
9.76559
9.76726
9.76892
9.77059
9.77226
9.77393
9.77561
9.77728
9.77896
9.78063
9.78231
9.78399
9.78567
9.78736
9.78904
9.79073
9.79242
9.79411
9.7958
9.79749
9.79918
9.80088
9.80257
9.80427
9.80597
9.80767
9.80937
9.81108
9.81278
9.81449
9.81619
9.8179
9.81961
9.82133
9.82304
9.82475
9.82647
9.82819
9.8299
9.83162
9.83334
9.83507
9.83679
9.83851
9.84024
9.84197
9.8437
9.84543
9.84716
9.84889
9.85062
9.85236
9.85409
9.85583
9.85756
9.8593
9.86103
9.86275
9.86448
9.8662
9.86791
9.86963
9.87134
9.87304
9.87475
9.87645
9.87814
9.87984
9.88153
9.88322
9.88491
9.8866
9.88829
9.88998
9.89166
9.89333
9.89501
9.89668
9.89834
9.9
9.90165
9.9033
9.90494
9.90657
9.9082
9.90982
9.91144
9.91306
9.91467
9.91628
9.91788
9.91948
9.92108
9.92267
9.92426
9.92584
9.92743
9.92901
9.93058
9.93216
9.93373
9.9353
9.93686
9.93842
9.93998
9.94154
9.94309
9.94464
9.94619
9.94773
9.94927
9.95081
9.95234
9.95387
9.9554
9.95692
9.95844
9.95995
9.96146
9.96297
9.96447
9.96597
9.96746
9.96895
9.97044
9.97192
9.97339
9.97487
9.97633
9.9778
9.97926
9.98071
9.98216
9.98361
9.98505
9.98649
9.98793
9.98936
9.99079
9.99221
9.99363
9.99505
9.99646
9.99787
9.99927
10.0007
10.0021
10.0035
10.0049
10.0062
10.0076
10.009
10.0104
10.0118
10.0131
10.0145
10.0159
10.0172
10.0186
10.02
10.0213
10.0227
10.024
10.0254
10.0267
10.0281
10.0294
10.0307
10.0321
10.0334
10.0348
10.0361
10.0374
10.0388
10.0401
10.0414
10.0428
10.0441
10.0454
10.0468
10.0481
10.0494
10.0507
10.0521
10.0534
10.0547
10.0561
10.0574
10.0587
10.06
10.0614
10.0627
10.064
10.0653
10.0667
10.068
10.0693
10.0707
10.072
10.0733
10.0746
10.076
10.0773
10.0786
10.08
10.0813
10.0826
10.084
10.0853
10.0866
10.088
10.0893
10.0906
10.092
10.0933
10.0946
10.096
10.0973
10.0986
10.1
10.1013
10.1027
10.104
10.1053
10.1067
10.108
10.1093
10.1107
10.112
10.1134
10.1147
10.1161
10.1174
10.1187
10.1201
10.1214
10.1228
10.1241
10.1255
10.1268
10.1282
10.1295
10.1308
10.1322
10.1335
10.1349
10.1362
10.1376
10.1389
10.1403
10.1416
10.143
10.1443
10.1457
10.147
10.1484
10.1497
10.1511
10.1524
10.1537
10.1551
10.1564
10.1578
10.1591
10.1605
10.1618
10.1632
10.1645
10.1659
10.1672
10.1686
10.1699
10.1713
10.1726
10.174
10.1753
10.1766
10.178
10.1793
10.1807
10.182
10.1834
10.1847
10.1861
10.1874
10.1888
10.1901
10.1914
10.1928
10.1941
10.1955
10.1968
10.1982
10.1995
10.2009
10.2022
10.2036
10.2049
10.2062
10.2076
10.2089
10.2103
10.2116
10.213
10.2143
10.2157
10.217
10.2183
10.2197
10.221
10.2224
10.2237
10.2251
10.2264
10.2278
10.2291
10.2304
10.2318
10.2331
10.2345
10.2358
10.2371
10.2385
10.2398
10.2411
10.2424
10.2437
10.2451
10.2464
10.2477
10.249
10.2503
10.2516
10.2529
10.2542
10.2555
10.2568
10.2581
10.2594
10.2607
10.262
10.2633
10.2646
10.2659
10.2673
10.2686
10.2699
10.2712
10.2725
10.2738
10.2751
10.2764
10.2777
10.279
10.2803
10.2817
10.283
10.2843
10.2856
10.2869
10.2882
10.2895
10.2908
10.2922
10.2935
10.2948
10.2961
10.2974
10.2987
10.3
10.3014
10.3027
10.304
10.3053
10.3066
10.308
10.3093
10.3106
10.3119
10.3132
10.3146
10.3159
10.3172
10.3185
10.3199
10.3212
10.3225
10.3238
10.3251
10.3264
10.3277
10.329
10.3303
10.3316
10.3329
10.3342
10.3355
10.3368
10.3381
10.3394
10.3407
10.342
10.3433
10.3446
10.3459
10.3472
10.3485
10.3498
10.3511
10.3524
10.3537
10.355
10.3563
10.3576
10.359
10.3603
10.3616
10.3629
10.3642
10.3655
10.3668
10.3682
10.3695
10.3708
10.3721
10.3735
10.3748
10.3761
10.3774
10.3787
10.3801
10.3814
10.3827
10.3841
10.3854
10.3867
10.388
10.3894
10.3907
10.392
10.3934
10.3947
10.396
10.3974
10.3987
10.4001
10.4014
10.4027
10.4041
10.4054
10.4068
10.4081
10.4094
10.4108
10.4121
10.4135
10.4148
10.4162
10.4175
10.4189
10.4202
10.4216
10.4229
10.4243
10.4257
10.427
10.4284
10.4297
10.4311
10.4325
10.4338
10.4352
10.4366
10.4379
10.4393
10.4407
10.442
10.4434
10.4448
10.4462
10.4476
10.4489
10.4503
10.4517
10.4531
10.4545
10.4559
10.4573
10.4586
10.46
10.4614
10.4628
10.4642
10.4656
10.467
10.4684
10.4698
10.4712
10.4727
10.4741
10.4755
10.4769
10.4783
10.4797
10.4811
10.4826
10.484
10.4854
10.4869
10.4883
10.4897
10.4912
10.4926
10.494
10.4955
10.4969
10.4984
10.4998
10.5013
10.5027
10.5042
10.5056
10.5071
10.5085
10.51
10.5115
10.5129
10.5144
10.5159
10.5174
10.5188
10.5203
10.5218
10.5233
10.5248
10.5262
10.5277
10.5292
10.5307
10.5322
10.5337
10.5352
10.5367
10.5382
10.5397
10.5412
10.5427
10.5442
10.5458
10.5473
10.5488
10.5503
10.5518
10.5534
10.5549
10.5564
10.5579
10.5595
10.561
10.5625
10.5641
10.5656
10.5671
10.5687
10.5702
10.5718
10.5733
10.5749
10.5764
10.578
10.5795
10.5811
10.5827
10.5842
10.5858
10.5873
10.5889
10.5905
10.592
10.5936
10.5952
10.5968
10.5983
10.5999
10.6015
10.6031
10.6046
10.6062
10.6078
10.6094
10.611
10.6126
10.6142
10.6158
10.6174
10.6189
10.6205
10.6221
10.6237
10.6253
10.6269
10.6285
10.6302
10.6318
10.6334
10.635
10.6366
10.6382
10.6398
10.6414
10.643
10.6447
10.6463
10.6479
10.6495
10.6512
10.6528
10.6544
10.656
10.6577
10.6593
10.6609
10.6626
10.6642
10.6658
10.6675
10.6691
10.6707
10.6724
10.674
10.6757
10.6773
10.6789
10.6806
10.6822
10.6839
10.6855
10.6872
10.6888
10.6904
10.6921
10.6937
10.6953
10.6969
10.6986
10.7002
10.7018
10.7034
10.705
10.7066
10.7082
10.7098
10.7115
10.7131
10.7147
10.7163
10.7178
10.7194
10.721
10.7226
10.7242
10.7257
10.7273
10.7289
10.7304
10.732
10.7335
10.7351
10.7366
10.7381
10.7397
10.7412
10.7427
10.7443
10.7458
10.7473
10.7488
10.7504
10.7519
10.7534
10.7549
10.7564
10.7579
10.7594
10.7609
10.7624
10.7639
10.7654
10.7669
10.7684
10.7699
10.7713
10.7728
10.7743
10.7757
10.7772
10.7787
10.7801
10.7816
10.783
10.7844
10.7859
10.7873
10.7887
10.7902
10.7916
10.793
10.7944
10.7958
10.7972
10.7986
10.8
10.8014
10.8028
10.8041
10.8055
10.8069
10.8083
10.8096
10.811
10.8123
10.8137
10.8151
10.8164
10.8177
10.8191
10.8204
10.8218
10.8231
10.8244
10.8257
10.8271
10.8284
10.8297
10.831
10.8323
10.8336
10.835
10.8363
10.8376
10.8389
10.8402
10.8415
10.8428
10.8441
10.8453
10.8466
10.8479
10.8492
10.8505
10.8518
10.8531
10.8543
10.8556
10.8569
10.8582
10.8595
10.8607
10.862
10.8633
10.8646
10.8658
10.8671
10.8684
10.8697
10.8709
10.8722
10.8735
10.8748
10.876
10.8773
10.8786
10.8798
10.8811
10.8824
10.8837
10.8849
10.8862
10.8875
10.8888
10.89
10.8913
10.8926
10.8939
10.8951
10.8964
10.8977
10.899
10.9003
10.9015
10.9028
10.9041
10.9054
10.9067
10.9079
10.9092
10.9105
10.9118
10.9131
10.9143
10.9156
10.9169
10.9182
10.9195
10.9208
10.9221
10.9234
10.9246
10.9259
10.9272
10.9285
10.9298
10.9311
10.9324
10.9337
10.935
10.9362
10.9375
10.9388
10.9401
10.9414
10.9427
10.944
10.9453
10.9466
10.9479
10.9492
10.9505
10.9518
10.9531
10.9544
10.9557
10.957
10.9582
10.9595
10.9608
10.9621
10.9634
10.9647
10.966
10.9673
10.9686
10.9699
10.9712
10.9725
10.9738
10.9751
10.9764
10.9777
10.979
10.9803
10.9816
10.9829
10.9842
10.9855
10.9868
10.9881
10.9894
10.9907
10.992
10.9933
10.9946
10.9959
10.9972
10.9985
10.9998
11.0011
11.0024
11.0037
11.005
11.0063
11.0076
11.0089
11.0102
11.0115
11.0128
11.0141
11.0154
11.0167
11.018
11.0193
11.0206
11.0219
11.0232
11.0245
11.0258
11.0271
11.0284
11.0297
11.031
11.0323
11.0336
11.0349
11.0362
11.0375
11.0388
11.0401
11.0414
11.0427
11.044
11.0453
11.0466
11.0479
11.0492
11.0505
11.0518
11.0531
11.0544
11.0557
11.057
11.0582
11.0595
11.0608
11.0621
11.0634
11.0646
11.0659
11.0672
11.0685
11.0697
11.071
11.0723
11.0736
11.0749
11.0761
11.0774
11.0787
11.08
11.0812
11.0825
11.0838
11.0851
11.0864
11.0877
11.0889
11.0902
11.0915
11.0928
11.0941
11.0954
11.0966
11.0979
11.0992
11.1005
11.1018
11.1031
11.1044
11.1057
11.107
11.1082
11.1095
11.1108
11.1121
11.1134
11.1147
11.116
11.1173
11.1186
11.1199
11.1212
11.1225
11.1238
11.1251
11.1264
11.1277
11.129
11.1303
11.1316
11.1329
11.1342
11.1355
11.1368
11.1381
11.1394
11.1408
11.1421
11.1434
11.1447
11.146
11.1473
11.1486
11.1499
11.1512
11.1525
11.1538
11.1551
11.1563
11.1576
11.1589
11.1602
11.1615
11.1628
11.1641
11.1654
11.1667
11.1679
11.1692
11.1705
11.1718
11.1731
11.1744
11.1757
11.177
11.1783
11.1796
11.1809
11.1822
11.1835
11.1848
11.1861
11.1874
11.1888
11.1901
11.1914
11.1927
11.194
11.1953
11.1966
11.1979
11.1992
11.2006
11.2019
11.2032
11.2045
11.2058
11.2071
11.2085
11.2098
11.2111
11.2124
11.2138
11.2151
11.2164
11.2177
11.2191
11.2204
11.2217
11.223
11.2244
11.2257
11.227
11.2284
11.2297
11.2311
11.2324
11.2337
11.2351
11.2364
11.2378
11.2391
11.2404
11.2418
11.2431
11.2445
11.2458
11.2472
11.2485
11.2499
11.2513
11.2526
11.254
11.2553
11.2567
11.2581
11.2594
11.2608
11.2622
11.2635
11.2649
11.2663
11.2677
11.269
11.2704
11.2718
11.2732
11.2746
11.2759
11.2773
11.2787
11.2801
11.2815
11.2829
11.2843
11.2857
11.2871
11.2885
11.2899
11.2913
11.2927
11.2941
11.2955
11.2969
11.2983
11.2998
11.3012
11.3026
11.304
11.3054
11.3069
11.3083
11.3097
11.3112
11.3126
11.314
11.3155
11.3169
11.3184
11.3198
11.3213
11.3227
11.3242
11.3256
11.3271
11.3285
11.33
11.3314
11.3329
11.3344
11.3359
11.3373
11.3388
11.3403
11.3417
11.3432
11.3447
11.3462
11.3477
11.3492
11.3507
11.3521
11.3536
11.3551
11.3566
11.3581
11.3596
11.3611
11.3626
11.3642
11.3657
11.3672
11.3687
11.3702
11.3717
11.3732
11.3748
11.3763
11.3778
11.3793
11.3809
11.3824
11.3839
11.3854
11.387
11.3885
11.39
11.3916
11.3931
11.3947
11.3962
11.3978
11.3993
11.4008
11.4024
11.4039
11.4055
11.4071
11.4086
11.4102
11.4117
11.4133
11.4148
11.4164
11.418
11.4195
11.4211
11.4227
11.4242
11.4258
11.4274
11.429
11.4305
11.4321
11.4337
11.4353
11.4368
11.4384
11.44
11.4416
11.4432
11.4448
11.4464
11.448
11.4495
11.4511
11.4527
11.4543
11.4559
11.4575
11.4591
11.4607
11.4623
11.4639
11.4655
11.4671
11.4687
11.4703
11.472
11.4736
11.4752
11.4768
11.4784
11.48
11.4816
11.4832
11.4849
11.4865
11.4881
11.4897
11.4913
11.4929
11.4945
11.4961
11.4977
11.4993
11.5008
11.5024
11.504
11.5056
11.5072
11.5087
11.5103
11.5119
11.5135
11.515
11.5166
11.5182
11.5197
11.5213
11.5228
11.5243
11.5259
11.5274
11.5289
11.5305
11.532
11.5335
11.535
11.5365
11.538
11.5395
11.541
11.5425
11.544
11.5455
11.547
11.5485
11.55
11.5515
11.553
11.5544
11.5559
11.5574
11.5589
11.5603
11.5618
11.5633
11.5647
11.5662
11.5676
11.5691
11.5705
11.572
11.5734
11.5748
11.5763
11.5777
11.5791
11.5805
11.582
11.5834
11.5848
11.5862
11.5876
11.589
11.5904
11.5917
11.5931
11.5945
11.5959
11.5972
11.5986
11.6
11.6013
11.6027
11.604
11.6054
11.6067
11.6081
11.6094
11.6107
11.6121
11.6134
11.6147
11.616
11.6173
11.6186
11.62
11.6213
11.6226
11.6239
11.6252
11.6265
11.6278
11.629
11.6303
11.6316
11.6329
11.6342
11.6355
11.6367
11.638
11.6393
11.6406
11.6418
11.6431
11.6444
11.6456
11.6469
11.6482
11.6494
11.6507
11.652
11.6532
11.6545
11.6557
11.657
11.6583
11.6595
11.6608
11.662
11.6633
11.6645
11.6658
11.6671
11.6683
11.6696
11.6708
11.6721
11.6733
11.6746
11.6758
11.6771
11.6784
11.6796
11.6809
11.6821
11.6834
11.6846
11.6859
11.6872
11.6884
11.6897
11.6909
11.6922
11.6935
11.6947
11.696
11.6973
11.6985
11.6998
11.701
11.7023
11.7036
11.7048
11.7061
11.7074
11.7086
11.7099
11.7112
11.7124
11.7137
11.715
11.7163
11.7175
11.7188
11.7201
11.7213
11.7226
11.7239
11.7252
11.7264
11.7277
11.729
11.7303
11.7315
11.7328
11.7341
11.7354
11.7367
11.7379
11.7392
11.7405
11.7418
11.7431
11.7443
11.7456
11.7469
11.7482
11.7495
11.7507
11.752
11.7533
11.7546
11.7559
11.7571
11.7584
11.7597
11.761
11.7623
11.7636
11.7648
11.7661
11.7674
11.7687
11.77
11.7713
11.7725
11.7738
11.7751
11.7764
11.7777
11.779
11.7802
11.7815
11.7828
11.7841
11.7854
11.7867
11.788
11.7892
11.7905
11.7918
11.7931
11.7944
11.7957
11.7969
11.7982
11.7995
11.8008
11.8021
11.8034
11.8047
11.8059
11.8072
11.8085
11.8098
11.8111
11.8124
11.8137
11.8149
11.8162
11.8175
11.8188
11.8201
11.8214
11.8227
11.8239
11.8252
11.8265
11.8278
11.8291
11.8304
11.8317
11.833
11.8342
11.8355
11.8368
11.8381
11.8394
11.8407
11.842
11.8432
11.8445
11.8458
11.8471
11.8484
11.8496
11.8509
11.8522
11.8535
11.8547
11.856
11.8573
11.8585
11.8598
11.861
11.8623
11.8636
11.8648
11.8661
11.8674
11.8686
11.8699
11.8711
11.8724
11.8737
11.8749
11.8762
11.8775
11.8787
11.88
11.8813
11.8825
11.8838
11.8851
11.8863
11.8876
11.8889
11.8902
11.8914
11.8927
11.894
11.8952
11.8965
11.8978
11.8991
11.9003
11.9016
11.9029
11.9042
11.9054
11.9067
11.908
11.9093
11.9105
11.9118
11.9131
11.9144
11.9157
11.917
11.9182
11.9195
11.9208
11.9221
11.9234
11.9247
11.926
11.9272
11.9285
11.9298
11.9311
11.9324
11.9337
11.9349
11.9362
11.9375
11.9387
11.94
11.9413
11.9425
11.9438
11.9451
11.9463
11.9476
11.9489
11.9501
11.9514
11.9527
11.9539
11.9552
11.9565
11.9578
11.959
11.9603
11.9616
11.9629
11.9642
11.9654
11.9667
11.968
11.9693
11.9706
11.9719
11.9731
11.9744
11.9757
11.977
11.9783
11.9796
11.9809
11.9822
11.9834
11.9847
11.986
11.9873
11.9886
11.9899
11.9912
11.9925
11.9938
11.9951
11.9964
11.9977
11.999
12.0003
12.0016
12.0029
12.0042
12.0055
12.0068
12.0081
12.0094
12.0107
12.0121
12.0134
12.0147
12.016
12.0173
12.0186
12.0199
12.0213
12.0226
12.0239
12.0252
12.0265
12.0279
12.0292
12.0305
12.0318
12.0332
12.0345
12.0358
12.0372
12.0385
12.0398
12.0412
12.0425
12.0439
12.0452
12.0465
12.0479
12.0492
12.0506
12.0519
12.0533
12.0546
12.056
12.0573
12.0587
12.0601
12.0614
12.0628
12.0642
12.0655
12.0669
12.0683
12.0696
12.071
12.0724
12.0737
12.0751
12.0765
12.0779
12.0793
12.0807
12.082
12.0834
12.0848
12.0862
12.0876
12.089
12.0904
12.0918
12.0932
12.0946
12.096
12.0974
12.0989
12.1003
12.1017
12.1031
12.1045
12.106
12.1074
12.1088
12.1102
12.1117
12.1131
12.1145
12.116
12.1174
12.1189
12.1203
12.1218
12.1232
12.1247
12.1261
12.1276
12.129
12.1305
12.1319
12.1334
12.1349
12.1363
12.1378
12.1393
12.1407
12.1422
12.1437
12.1452
12.1466
12.1481
12.1496
12.1511
12.1526
12.1541
12.1556
12.1571
12.1586
12.16
12.1615
12.163
12.1645
12.1661
12.1676
12.1691
12.1706
12.1721
12.1736
12.1751
12.1766
12.1781
12.1797
12.1812
12.1827
12.1842
12.1857
12.1873
12.1888
12.1903
12.1919
12.1934
12.1949
12.1965
12.198
12.1995
12.2011
12.2026
12.2041
12.2057
12.2072
12.2088
12.2103
12.2119
12.2134
12.215
12.2165
12.2181
12.2196
12.2212
12.2228
12.2243
12.2259
12.2274
12.229
12.2306
12.2321
12.2337
12.2353
12.2368
12.2384
12.24
12.2416
12.2431
12.2447
12.2463
12.2479
12.2494
12.251
12.2526
12.2542
12.2558
12.2574
12.259
12.2605
12.2621
12.2637
0.00158767
0.0031734
0.00475704
0.00633829
0.00791709
0.00949328
0.011067
0.0126381
0.0142069
0.0157732
0.0173374
0.0188994
0.0204596
0.022018
0.0235749
0.0251308
0.0266861
0.0282409
0.0297909
0.0313378
0.0328809
0.0344198
0.0359539
0.0374828
0.0390072
0.0405274
0.0420437
0.0435566
0.045066
0.046572
0.048075
0.0495751
0.0510722
0.0525668
0.0540586
0.0555478
0.0570347
0.0585189
0.0600009
0.0614805
0.0629581
0.0644332
0.065906
0.0673765
0.0688447
0.0703102
0.0717731
0.0732334
0.0746909
0.0761457
0.0775975
0.0790463
0.0804919
0.0819341
0.0833729
0.0848082
0.0862398
0.0876677
0.0890917
0.0905117
0.0919278
0.0933397
0.0947475
0.0961511
0.0975506
0.0989458
0.100337
0.101723
0.103106
0.104484
0.105858
0.107227
0.108593
0.109954
0.111311
0.112664
0.114013
0.115358
0.116699
0.118036
0.119369
0.120699
0.122025
0.123348
0.124667
0.125983
0.127295
0.128605
0.129911
0.131215
0.132515
0.133813
0.135108
0.1364
0.13769
0.138978
0.140262
0.141545
0.142825
0.144103
0.145379
0.146653
0.147924
0.149194
0.150462
0.151728
0.152992
0.154254
0.155515
0.156774
0.158031
0.159287
0.160542
0.161795
0.163047
0.164298
0.165547
0.166795
0.168043
0.169289
0.170534
0.171779
0.173022
0.174265
0.175508
0.176749
0.177991
0.179232
0.180472
0.181712
0.182952
0.184192
0.185432
0.186672
0.187911
0.189151
0.190391
0.191631
0.192871
0.194112
0.195353
0.196594
0.197836
0.199078
0.200321
0.201564
0.202807
0.204052
0.205297
0.206542
0.207788
0.209035
0.210282
0.211531
0.212779
0.214029
0.215279
0.21653
0.217782
0.219034
0.220287
0.221541
0.222795
0.224051
0.225307
0.226563
0.227821
0.229079
0.230338
0.231597
0.232857
0.234118
0.23538
0.236642
0.237905
0.239169
0.240434
0.241699
0.242964
0.244231
0.245498
0.246766
0.248034
0.249303
0.250573
0.251843
0.253114
0.254386
0.255658
0.25693
0.258204
0.259477
0.260752
0.262027
0.263302
0.264578
0.265854
0.267131
0.268409
0.269686
0.270965
0.272244
0.273523
0.274803
0.276083
0.277364
0.278645
0.279927
0.281209
0.282491
0.283774
0.285058
0.286342
0.287626
0.288911
0.290196
0.291482
0.292768
0.294055
0.295342
0.296629
0.297917
0.299205
0.300494
0.301783
0.303072
0.304362
0.305652
0.306943
0.308234
0.309525
0.310817
0.312109
0.313401
0.314694
0.315987
0.31728
0.318574
0.319868
0.321162
0.322456
0.323751
0.325046
0.326342
0.327638
0.328934
0.33023
0.331527
0.332824
0.334121
0.335418
0.336716
0.338014
0.339312
0.34061
0.341909
0.343208
0.344507
0.345806
0.347106
0.348406
0.349706
0.351006
0.352306
0.353607
0.354907
0.356208
0.357509
0.35881
0.360112
0.361413
0.362715
0.364017
0.365319
0.366621
0.367923
0.369226
0.370528
0.371831
0.373134
0.374437
0.375741
0.377044
0.378348
0.379652
0.380956
0.38226
0.383565
0.384869
0.386174
0.387479
0.388783
0.390086
0.391387
0.392687
0.393984
0.395279
0.396572
0.397863
0.399152
0.400439
0.401725
0.403009
0.404293
0.405575
0.406856
0.408138
0.409418
0.410699
0.411979
0.413259
0.414539
0.415819
0.417099
0.418379
0.419659
0.420939
0.42222
0.423501
0.424782
0.426063
0.427345
0.428626
0.429908
0.43119
0.432472
0.433755
0.435037
0.43632
0.437603
0.438886
0.440169
0.441452
0.442736
0.444019
0.445303
0.446587
0.447869
0.44915
0.450426
0.451698
0.452966
0.454231
0.455494
0.456755
0.458014
0.459273
0.460532
0.461791
0.463049
0.464308
0.465566
0.466825
0.468084
0.469342
0.470601
0.47186
0.473119
0.474378
0.475637
0.476896
0.478156
0.479415
0.480675
0.481934
0.483194
0.484454
0.485714
0.486974
0.488234
0.489495
0.490755
0.492016
0.493277
0.494538
0.495799
0.497061
0.498322
0.499584
0.500846
0.502109
0.503371
0.504634
0.505897
0.50716
0.508424
0.509688
0.510952
0.512216
0.513481
0.514746
0.516012
0.517278
0.518544
0.519812
0.521079
0.522347
0.523616
0.524885
0.526155
0.527425
0.528697
0.529968
0.53124
0.532513
0.533787
0.535061
0.536336
0.537612
0.538888
0.540166
0.541444
0.542722
0.544002
0.545283
0.546564
0.547847
0.54913
0.550414
0.5517
0.552986
0.554274
0.555562
0.556852
0.558143
0.559435
0.560729
0.562023
0.563319
0.564616
0.565915
0.567215
0.568516
0.569818
0.571122
0.572427
0.573734
0.575041
0.576351
0.577661
0.578973
0.580287
0.581602
0.582918
0.584236
0.585556
0.586877
0.588199
0.589523
0.590849
0.592177
0.593507
0.594838
0.596171
0.597506
0.598843
0.600182
0.601523
0.602865
0.60421
0.605556
0.606905
0.608255
0.609608
0.610962
0.612318
0.613677
0.615037
0.616399
0.617763
0.619129
0.620498
0.621868
0.62324
0.624615
0.625991
0.627369
0.62875
0.630132
0.631517
0.632903
0.634292
0.635683
0.637076
0.63847
0.639867
0.641266
0.642666
0.644069
0.645474
0.64688
0.648289
0.649699
0.651112
0.652526
0.653942
0.65536
0.65678
0.658202
0.659626
0.661052
0.66248
0.66391
0.665341
0.666775
0.668211
0.669648
0.671088
0.672529
0.673973
0.675416
0.676861
0.678306
0.679753
0.6812
0.682649
0.684098
0.685548
0.686999
0.688451
0.689904
0.691357
0.692812
0.694268
0.695725
0.697183
0.698642
0.700102
0.701564
0.703026
0.70449
0.705953
0.707414
0.708876
0.710336
0.711794
0.713251
0.714707
0.716163
0.717618
0.719072
0.720526
0.721979
0.723432
0.724885
0.726337
0.727789
0.72924
0.730692
0.732143
0.733594
0.735045
0.736496
0.737947
0.739397
0.740848
0.742299
0.74375
0.745201
0.746651
0.748101
0.749551
0.751
0.752449
0.753898
0.755345
0.756792
0.758238
0.759683
0.761126
0.762568
0.764009
0.765448
0.766885
0.76832
0.769753
0.771184
0.772612
0.774039
0.775463
0.776884
0.778304
0.77972
0.781135
0.782546
0.783956
0.785363
0.786767
0.788169
0.789569
0.790966
0.792362
0.793755
0.795146
0.796535
0.797922
0.799307
0.800691
0.802072
0.803452
0.804831
0.806207
0.807583
0.808957
0.810329
0.8117
0.81307
0.814439
0.815806
0.817172
0.818536
0.8199
0.821262
0.822623
0.823982
0.825341
0.826698
0.828053
0.829408
0.83076
0.832112
0.833462
0.834811
0.836158
0.837504
0.838848
0.840191
0.841532
0.842871
0.844209
0.845546
0.846881
0.848215
0.849547
0.850877
0.852206
0.853534
0.85486
0.856185
0.857508
0.85883
0.860151
0.86147
0.862788
0.864104
0.86542
0.866734
0.868047
0.869359
0.87067
0.871979
0.873288
0.874595
0.875902
0.877208
0.878512
0.879816
0.881119
0.882421
0.883722
0.885023
0.886323
0.887622
0.88892
0.890217
0.891514
0.892811
0.894107
0.895402
0.896696
0.897991
0.899284
0.900578
0.901871
0.903163
0.904455
0.905747
0.907038
0.90833
0.909621
0.910912
0.912202
0.913493
0.914783
0.916073
0.917364
0.918654
0.919944
0.921235
0.922525
0.923816
0.925107
0.926398
0.927689
0.92898
0.930272
0.931565
0.932857
0.93415
0.935444
0.936738
0.938032
0.939327
0.940622
0.941918
0.943215
0.944512
0.94581
0.947108
0.948407
0.949707
0.951007
0.952308
0.95361
0.954912
0.956215
0.957519
0.958823
0.960128
0.961434
0.962741
0.964048
0.965357
0.966666
0.967975
0.969286
0.970597
0.971909
0.973222
0.974535
0.97585
0.977165
0.978481
0.979797
0.981115
0.982433
0.983752
0.985072
0.986392
0.987713
0.989035
0.990358
0.991681
0.993005
0.99433
0.995655
0.996981
0.998308
0.999636
1.00096
1.00229
1.00362
1.00495
1.00628
1.00762
1.00895
1.01028
1.01161
1.01295
1.01428
1.01562
1.01696
1.01829
1.01963
1.02097
1.02231
1.02365
1.02499
1.02633
1.02767
1.02901
1.03035
1.0317
1.03304
1.03439
1.03573
1.03708
1.03842
1.03977
1.04112
1.04247
1.04382
1.04517
1.04652
1.04787
1.04922
1.05057
1.05193
1.05328
1.05464
1.05599
1.05735
1.0587
1.06006
1.06142
1.06278
1.06414
1.0655
1.06686
1.06822
1.06958
1.07095
1.07231
1.07367
1.07504
1.07641
1.07777
1.07914
1.08051
1.08188
1.08324
1.08461
1.08598
1.08735
1.08872
1.09009
1.09146
1.09282
1.09419
1.09556
1.09692
1.09829
1.09965
1.10102
1.10239
1.10375
1.10512
1.10648
1.10785
1.10922
1.11058
1.11195
1.11332
1.11469
1.11606
1.11743
1.1188
1.12017
1.12154
1.12291
1.12429
1.12566
1.12704
1.12841
1.12979
1.13117
1.13254
1.13392
1.1353
1.13668
1.13806
1.13944
1.14083
1.14221
1.14359
1.14498
1.14636
1.14775
1.14914
1.15053
1.15192
1.15331
1.1547
1.15609
1.15748
1.15888
1.16027
1.16166
1.16306
1.16446
1.16585
1.16725
1.16865
1.17005
1.17145
1.17286
1.17426
1.17566
1.17707
1.17847
1.17988
1.18128
1.18269
1.1841
1.18551
1.18691
1.18831
1.1897
1.19109
1.19248
1.19387
1.19525
1.19664
1.19803
1.19941
1.2008
1.20219
1.20359
1.20498
1.20637
1.20777
1.20916
1.21056
1.21196
1.21336
1.21476
1.21616
1.21756
1.21897
1.22037
1.22178
1.22319
1.22459
1.226
1.22741
1.22882
1.23024
1.23165
1.23306
1.23448
1.23589
1.23731
1.23873
1.24015
1.24157
1.24299
1.24441
1.24584
1.24726
1.24869
1.25011
1.25154
1.25297
1.2544
1.25583
1.25726
1.25869
1.26013
1.26156
1.263
1.26444
1.26588
1.26732
1.26876
1.2702
1.27165
1.27309
1.27454
1.27599
1.27744
1.27889
1.28034
1.28179
1.28325
1.28471
1.28616
1.28762
1.28909
1.29055
1.29201
1.29348
1.29495
1.29641
1.29788
1.29936
1.30083
1.3023
1.30378
1.30526
1.30674
1.30822
1.30971
1.31119
1.31268
1.31417
1.31566
1.31715
1.31865
1.32015
1.32164
1.32315
1.32465
1.32615
1.32766
1.32917
1.33068
1.33219
1.3337
1.33522
1.33674
1.33825
1.33977
1.34129
1.3428
1.34432
1.34584
1.34736
1.34888
1.3504
1.35192
1.35344
1.35496
1.35648
1.358
1.35952
1.36105
1.36257
1.3641
1.36562
1.36713
1.36865
1.37016
1.37167
1.37318
1.37468
1.37619
1.37769
1.37919
1.38069
1.38219
1.38369
1.38519
1.38669
1.38819
1.38968
1.39118
1.39268
1.39418
1.39568
1.39718
1.39868
1.40018
1.40169
1.40319
1.40469
1.40619
1.40769
1.40919
1.41069
1.41218
1.41368
1.41518
1.41667
1.41817
1.41966
1.42115
1.42264
1.42413
1.42562
1.4271
1.42858
1.43006
1.43153
1.433
1.43447
1.43593
1.43739
1.43885
1.4403
1.44175
1.44319
1.44463
1.44607
1.44751
1.44894
1.45037
1.45179
1.45322
1.45464
1.45606
1.45747
1.45889
1.4603
1.46171
1.46312
1.46452
1.46593
1.46733
1.46874
1.47014
1.47154
1.47294
1.47434
1.47574
1.47713
1.47853
1.47992
1.48132
1.48271
1.4841
1.48549
1.48688
1.48827
1.48966
1.49105
1.49243
1.49382
1.4952
1.49658
1.49796
1.49934
1.50072
1.5021
1.50348
1.50485
1.50622
1.50759
1.50897
1.51033
1.5117
1.51307
1.51444
1.5158
1.51716
1.51853
1.51989
1.52125
1.52261
1.52397
1.52532
1.52668
1.52804
1.52939
1.53075
1.5321
1.53345
1.5348
1.53615
1.5375
1.53885
1.5402
1.54155
1.5429
1.54424
1.54559
1.54693
1.54828
1.54962
1.55096
1.55231
1.55365
1.55499
1.55633
1.55767
1.55901
1.56035
1.56169
1.56302
1.56436
1.5657
1.56703
1.56837
1.5697
1.57104
1.57237
1.5737
1.57504
1.57637
1.5777
1.57903
1.58037
1.5817
1.58303
1.58436
1.58569
1.58702
1.58835
1.58968
1.59101
1.59234
1.59367
1.59501
1.59634
1.59767
1.599
1.60033
1.60166
1.60299
1.60432
1.60565
1.60698
1.60832
1.60965
1.61098
1.61231
1.61364
1.61498
1.61631
1.61765
1.61898
1.62031
1.62165
1.62298
1.62432
1.62566
1.62699
1.62833
1.62967
1.63101
1.63235
1.63368
1.63502
1.63636
1.63771
1.63905
1.64039
1.64173
1.64307
1.64442
1.64576
1.64711
1.64845
1.6498
1.65115
1.65249
1.65384
1.65519
1.65654
1.65789
1.65924
1.66059
1.66195
1.6633
1.66465
1.66601
1.66736
1.66872
1.67007
1.67143
1.67279
1.67415
1.67551
1.67687
1.67823
1.67959
1.68095
1.68231
1.68367
1.68504
1.6864
1.68776
1.68913
1.69049
1.69186
1.69323
1.69459
1.69596
1.69733
1.6987
1.70007
1.70144
1.70281
1.70418
1.70555
1.70692
1.70829
1.70967
1.71104
1.71241
1.71379
1.71516
1.71654
1.71791
1.71929
1.72067
1.72205
1.72343
1.7248
1.72618
1.72756
1.72894
1.73033
1.73171
1.73309
1.73447
1.73585
1.73723
1.73861
1.73999
1.74137
1.74274
1.74411
1.74549
1.74686
1.74823
1.7496
1.75097
1.75233
1.7537
1.75507
1.75644
1.75781
1.75918
1.76055
1.76192
1.76329
1.76466
1.76603
1.7674
1.76877
1.77014
1.77152
1.77289
1.77427
1.77564
1.77702
1.77839
1.77977
1.78115
1.78253
1.78391
1.78529
1.78667
1.78805
1.78943
1.79081
1.79219
1.79357
1.79496
1.79634
1.79773
1.79911
1.8005
1.80189
1.80327
1.80466
1.80605
1.80744
1.80883
1.81022
1.81161
1.813
1.81439
1.81579
1.81718
1.81857
1.81997
1.82136
1.82276
1.82416
1.82555
1.82695
1.82835
1.82975
1.83115
1.83255
1.83395
1.83536
1.83676
1.83816
1.83957
1.84097
1.84238
1.84379
1.84519
1.8466
1.84801
1.84942
1.85083
1.85224
1.85365
1.85507
1.85648
1.85789
1.8593
1.8607
1.8621
1.86349
1.86489
1.86628
1.86767
1.86906
1.87045
1.87184
1.87323
1.87463
1.87602
1.87741
1.87881
1.88021
1.88161
1.88301
1.88441
1.88581
1.88721
1.88861
1.89002
1.89142
1.89283
1.89424
1.89565
1.89706
1.89847
1.89988
1.90129
1.9027
1.90412
1.90553
1.90695
1.90837
1.90979
1.9112
1.91262
1.91405
1.91547
1.91689
1.91832
1.91974
1.92117
1.9226
1.92402
1.92545
1.92688
1.92832
1.92975
1.93118
1.93262
1.93406
1.93549
1.93693
1.93837
1.93982
1.94126
1.9427
1.94415
1.9456
1.94705
1.9485
1.94995
1.9514
1.95286
1.95431
1.95577
1.95723
1.95869
1.96015
1.96162
1.96308
1.96455
1.96602
1.96749
1.96896
1.97043
1.97191
1.97338
1.97486
1.97634
1.97782
1.97931
1.98079
1.98228
1.98377
1.98526
1.98676
1.98825
1.98975
1.99125
1.99275
1.99426
1.99576
1.99727
1.99878
2.0003
2.00181
2.00333
2.00485
2.00637
2.0079
2.00942
2.01095
2.01248
2.01401
2.01555
2.01708
2.01862
2.02017
2.02171
2.02326
2.02481
2.02636
2.02791
2.02947
2.03102
2.03258
2.03415
2.03571
2.03728
2.03885
2.04042
2.04199
2.04357
2.04515
2.04673
2.04831
2.04989
2.05147
2.05305
2.05463
2.05621
2.05779
2.05936
2.06094
2.06252
2.0641
2.06568
2.06726
2.06884
2.07042
2.072
2.07358
2.07517
2.07675
2.07834
2.07992
2.08151
2.08309
2.08467
2.08625
2.08783
2.0894
2.09097
2.09254
2.0941
2.09566
2.09722
2.09878
2.10034
2.10189
