energy
0.0197392
0.185046
0.895438
1.07752
1.31589
1.50634
1.75915
1.9577
2.2221
2.42682
2.70017
2.90949
3.18972
3.40242
3.6879
3.90304
4.19251
4.40937
4.70182
4.91993
5.21487
5.46003
5.68893
5.94141
6.17189
6.42897
6.66293
6.9261
7.16163
7.42979
7.6655
7.93019
8.17159
8.44006
8.68143
8.95637
9.37496
9.65862
9.89914
10.2532
10.4606
10.6213
11.0396
11.2136
11.5729
12.1164
12.4568
12.8268
13.419
13.7674
14.1304
14.5238
15.1556
15.5399
15.8585
16.2899
16.9566
17.3756
17.6909
18.179
18.9019
19.2615
19.6203
20.0655
20.8854
21.2692
21.7295
22.096
22.527
23.2384
23.5947
24.5847
25.0157
25.4041
26.1057
26.5483
27.298
27.686
28.0893
28.9664
29.5436
30.0123
30.4817
31.0219
32.0504
32.5584
33.0413
33.6145
34.1142
35.2143
35.7383
36.2559
36.7373
37.3548
38.4665
38.9929
39.5252
40.0535
40.5604
41.3751
41.8779
42.6923
43.2313
43.8804
44.5508
45.1952
45.9641
46.5698
47.1932
47.9076
48.5666
49.3394
50.1448
50.8136
52.2777
52.7461
53.3237
53.9185
55.1798
55.6586
56.24
57.3086
57.834
58.8113
59.3529
59.8703
60.8431
61.3573
61.965
62.8181
63.4594
64.048
64.9282
65.4514
66.0254
66.7666
67.3402
67.923
68.7535
69.4351
70.2201
71.2052
72.1482
73.0876
74.2063
75.2054
76.3033
77.606
78.9894
80.4441
81.9954
83.5766
85.1055
86.6702
88.3243
90.2482
92.0371
93.7712
95.5011
97.2577
98.9107
100.508
102.101
103.722
105.248
106.723
108.199
109.708
111.133
112.512
113.902
115.325
116.676
117.986
119.306
120.623
121.895
123.121
124.36
125.562
126.764
127.916
129.069
130.182
131.289
132.356
133.435
134.468
135.514
136.514
137.558
138.525
139.541
140.476
141.463
142.368
143.328
144.21
145.149
146.01
146.928
147.777
148.677
149.505
150.391
151.215
152.094
152.908
153.786
154.608
155.489
156.316
157.215
158.071
158.992
159.853
160.776
161.629
162.552
163.378
164.299
165.101
166.029
166.802
167.749
168.505
169.469
170.21
171.183
171.919
172.901
173.62
174.616
175.324
176.205
176.801
177.68
178.255
179.132
179.697
180.556
181.119
181.953
182.495
183.314
183.843
184.615
185.145
185.893
186.401
187.136
187.635
188.339
188.831
189.494
189.975
190.538
191.01
191.553
192.03
192.557
193.014
193.529
193.978
194.484
194.92
195.403
195.827
196.294
196.705
197.162
197.56
197.996
198.381
198.803
199.176
199.592
199.954
200.351
200.704
201.091
201.432
201.812
202.147
202.53
202.852
203.233
203.545
203.896
204.216
204.56
204.871
205.201
205.503
205.836
206.129
206.453
206.738
207.064
207.346
207.669
207.937
208.27
208.537
208.862
209.115
209.444
209.696
210.022
210.263
210.599
210.839
211.165
211.392
211.717
211.938
212.262
212.476
212.794
213.003
213.317
213.521
213.827
214.026
214.326
214.523
214.818
215.007
215.298
215.494
215.782
215.978
216.26
216.456
216.733
216.918
217.206
217.385
217.648
217.847
218.098
218.277
218.544
218.72
218.959
219.158
219.391
219.567
219.801
219.987
220.213
220.394
220.619
220.796
221.019
221.2
221.419
221.594
221.812
221.991
222.207
222.381
222.596
222.77
222.992
223.167
223.384
223.564
223.783
223.965
224.184
224.37
224.589
224.768
224.986
225.166
225.384
225.567
225.785
225.966
226.186
226.367
226.585
226.769
226.987
227.171
227.389
227.577
228.122
228.439
228.744
229.073
229.386
229.729
230.072
230.409
230.755
231.122
231.459
231.828
232.198
232.554
232.927
233.297
233.669
234.05
234.451
234.851
235.231
235.622
236.028
236.451
236.853
237.265
237.675
238.113
238.517
239.375
239.714
240.082
240.428
240.832
241.743
242.112
242.457
242.838
243.35
243.797
244.81
245.18
245.531
245.929
247.01
247.383
247.731
248.132
249.287
249.66
250.015
250.42
251.629
251.997
252.352
253.521
253.861
254.249
255.25
255.631
256.537
256.92
257.3
258.14
258.512
259.094
259.504
260.249
260.639
261.164
261.826
262.257
262.67
263.332
263.75
264.215
264.832
265.291
265.747
266.378
266.827
267.318
267.92
268.417
268.898
269.531
270.018
270.545
271.162
271.704
272.226
272.89
273.426
274.004
274.661
275.26
275.84
276.551
277.155
277.795
278.508
279.17
279.825
280.598
281.262
281.963
282.735
283.45
284.138
284.95
285.645
286.372
287.167
287.898
288.606
289.436
290.148
290.888
291.697
292.439
293.163
293.998
294.727
295.482
296.303
297.044
297.801
298.625
299.381
300.133
300.97
301.739
302.491
303.333
304.116
304.881
305.686
306.473
307.245
308.081
308.931
309.714
310.494
311.352
312.138
313.02
313.818
314.641
315.456
316.307
317.12
317.849
318.59
319.327
320.033
320.792
321.53
322.298
323.013
323.805
324.536
325.341
326.082
326.901
327.647
328.481
329.251
330.113
330.857
331.745
332.496
333.386
334.126
335.018
335.775
336.648
337.403
338.281
339.033
339.921
340.654
341.548
342.294
343.169
343.913
344.793
345.535
346.417
347.156
348.032
348.77
349.598
350.318
351.081
351.817
352.575
353.323
354.093
354.824
355.593
356.337
357.105
357.83
358.598
359.338
360.106
360.828
361.594
362.331
363.096
363.813
364.577
365.31
366.075
366.788
367.549
368.279
369.02
369.748
370.505
371.212
371.971
372.695
373.43
374.153
374.887
375.608
376.342
377.062
377.793
378.511
379.24
379.955
380.682
381.395
382.125
382.821
383.565
384.255
384.98
385.688
386.41
387.096
387.827
388.501
389.203
389.868
390.568
391.221
391.909
392.555
393.228
393.863
394.525
395.148
395.807
396.419
397.06
397.661
398.294
398.885
399.524
400.11
400.736
401.309
401.932
402.492
403.122
403.67
404.291
404.828
405.453
405.976
406.599
407.112
407.75
408.248
408.876
409.365
410.004
410.484
411.109
411.589
412.232
412.675
413.322
413.752
414.455
414.862
415.389
415.834
416.461
416.85
417.634
418.01
418.606
418.979
419.746
420.104
420.86
421.186
421.93
422.25
422.99
423.296
424.02
424.314
425.037
425.319
426.015
426.287
426.974
427.244
428.266
428.657
429.171
429.567
430.088
430.522
431.137
431.663
432.258
432.753
433.312
433.763
434.295
434.741
435.247
435.654
436.146
436.537
437.027
437.398
437.943
438.286
438.725
439.116
439.749
440.15
440.59
441.053
441.509
442.034
442.783
443.102
443.518
443.863
444.475
445.184
445.579
445.882
446.311
446.957
447.358
448.07
448.495
448.817
449.234
449.902
450.278
450.596
450.856
451.58
451.882
452.208
452.519
453.367
453.628
453.914
454.365
454.794
455.131
455.961
456.279
456.743
457.04
457.28
458.124
458.348
458.903
459.129
459.464
459.882
460.218
460.813
461.186
461.517
461.859
462.226
462.596
462.932
463.349
463.678
464.046
464.36
464.714
465.03
465.352
465.641
465.922
466.197
466.464
466.725
466.978
467.225
467.467
467.703
467.934
468.162
468.386
468.606
468.823
469.038
469.25
469.461
469.672
469.882
470.105
470.313
470.56
470.769
471.017
471.227
471.479
471.696
471.96
472.192
472.462
472.695
472.965
473.196
473.468
473.697
473.962
474.188
474.451
474.676
474.939
475.162
475.422
475.643
475.902
476.122
476.379
476.597
476.857
477.075
477.329
477.545
477.799
478.014
478.273
478.488
478.741
478.956
479.208
479.422
479.681
479.896
480.147
480.36
480.61
480.823
481.081
481.297
481.543
481.753
481.998
482.206
482.458
482.666
482.908
483.114
483.694
484.028
484.407
484.887
485.239
485.726
486.085
486.578
486.963
487.47
487.985
488.386
488.918
489.452
489.985
490.398
490.799
491.202
491.63
492.211
492.633
493.092
493.791
494.361
495.052
495.936
496.637
497.689
498.646
499.546
500.731
501.731
502.693
504.018
505.11
506.162
507.306
508.776
509.895
510.999
512.12
513.246
514.753
515.84
516.934
517.969
519.028
520.038
521.05
522.036
523.002
523.923
524.831
525.69
526.556
527.372
528.192
528.958
529.731
530.453
531.186
531.873
532.574
533.237
533.921
534.568
535.199
535.838
536.5
537.128
537.783
538.404
539.05
539.662
540.3
540.902
541.487
542.087
542.708
543.292
543.906
544.48
545.064
545.631
546.172
546.795
547.326
547.938
548.46
549.07
549.584
550.181
550.686
551.275
551.773
552.357
552.848
553.429
553.916
554.492
554.975
555.549
556.029
556.602
557.08
557.652
558.127
558.698
559.172
559.744
560.217
560.749
561.223
561.796
562.274
562.783
563.365
563.854
564.329
564.979
565.44
565.937
566.499
567.06
567.527
568.104
568.618
569.122
569.686
570.203
570.691
571.287
571.774
572.291
572.86
573.376
573.867
574.47
574.961
575.485
576.063
576.59
577.092
577.706
578.211
578.754
579.349
579.893
580.298
580.828
581.236
581.698
582.195
582.677
583.101
583.678
584.11
584.627
585.151
585.678
586.129
586.759
587.217
587.697
588.341
588.812
589.395
589.957
590.466
591.073
591.636
592.269
592.755
593.473
593.962
594.603
595.192
595.734
596.243
596.931
597.436
598.072
598.579
599.23
599.732
600.376
600.88
601.435
601.919
602.56
603.055
603.693
604.182
604.8
605.284
605.914
606.389
606.96
607.428
607.907
608.374
608.857
609.447
609.891
610.371
610.812
611.271
611.706
612.268
612.689
613.109
613.597
613.993
614.392
614.782
615.262
615.635
616.011
616.376
616.76
617.121
617.505
617.84
618.204
618.544
618.898
619.223
619.566
619.863
620.213
620.5
620.825
621.124
621.432
621.704
622.022
622.285
622.575
622.837
623.122
623.38
623.657
623.899
624.172
624.407
624.671
624.899
625.156
625.378
625.628
625.844
626.094
626.305
626.547
626.755
626.993
627.198
627.435
627.638
627.876
628.075
628.306
628.501
628.731
628.924
629.156
629.346
629.582
629.769
630.01
630.195
630.442
630.624
630.876
631.057
631.319
631.497
631.762
631.939
632.209
632.384
632.664
632.837
633.118
633.29
633.576
633.747
634.04
634.209
634.504
634.672
634.972
635.139
635.442
635.608
635.917
636.084
636.393
636.559
636.872
637.037
637.352
637.517
637.834
637.999
638.315
638.479
638.795
638.959
639.272
639.435
639.747
639.91
640.217
640.381
640.685
640.85
641.15
641.316
641.613
641.778
642.072
642.237
642.526
642.695
642.979
643.146
643.432
643.6
643.878
644.051
644.326
644.5
644.774
644.956
645.224
645.453
645.718
645.943
646.208
646.424
646.694
646.908
647.178
647.391
647.652
647.875
648.135
648.36
648.619
648.834
649.104
649.319
649.589
649.806
650.064
650.298
650.552
650.787
651.04
651.265
651.535
651.758
652.027
652.252
652.504
652.753
653.003
653.255
653.504
653.76
654.01
654.27
654.522
654.766
655.049
655.285
655.572
655.808
656.101
656.334
656.617
656.878
657.165
657.421
657.705
657.962
658.254
658.514
658.802
659.041
659.378
659.604
659.928
660.166
660.482
660.749
661.032
661.316
661.621
661.859
662.194
662.436
662.785
663.021
663.29
663.58
663.834
664.077
664.363
664.601
664.864
665.106
665.363
665.63
665.887
666.111
666.372
666.6
666.864
667.096
667.362
667.624
667.894
668.132
668.406
668.649
668.926
669.198
669.479
669.755
670.039
670.318
670.605
670.887
671.176
671.459
671.75
672.034
672.326
672.581
672.874
673.129
673.422
673.677
673.972
674.229
674.524
674.782
675.077
675.336
675.631
675.888
676.183
676.439
676.733
676.988
677.281
677.536
677.829
678.084
678.377
678.631
678.923
679.178
679.469
679.723
680.014
680.267
680.556
680.808
681.097
681.347
681.635
681.884
682.17
682.418
682.703
682.95
683.235
683.482
683.766
684.011
684.295
684.54
684.821
685.065
685.345
685.588
685.867
686.109
686.388
686.63
686.908
687.149
687.427
687.666
687.943
688.182
688.457
688.695
688.97
689.206
689.479
689.714
689.985
690.219
690.49
690.723
690.993
691.225
691.494
691.726
691.994
692.225
692.491
692.721
692.986
693.215
693.48
693.708
693.971
694.198
694.46
694.687
694.95
695.176
695.442
695.666
695.933
696.157
696.426
696.649
696.922
697.142
697.418
697.638
697.916
698.136
698.418
698.637
698.921
699.138
699.427
699.645
699.938
700.182
700.477
700.72
701.019
701.26
701.562
701.803
702.107
702.346
702.655
702.893
703.204
703.44
703.754
703.991
704.306
704.541
704.859
705.092
705.411
705.642
705.963
706.193
706.513
706.742
707.064
707.292
707.613
707.839
708.161
708.386
708.707
708.93
709.25
709.472
709.79
710.01
710.328
710.547
710.863
711.081
711.396
711.613
711.926
712.141
712.454
712.667
712.977
713.189
713.498
713.709
714.015
714.225
714.53
714.738
715.041
715.248
715.551
715.756
716.057
716.261
716.561
716.764
717.061
717.263
717.56
717.76
718.055
718.254
718.549
718.746
719.039
719.236
719.528
719.723
720.015
720.209
720.5
720.693
720.982
721.173
721.463
721.654
721.942
722.132
722.42
722.608
722.896
723.207
723.49
723.81
724.097
724.423
724.717
725.049
725.345
725.676
725.974
726.328
726.636
727.041
727.354
727.744
728.137
728.545
728.85
729.31
729.638
730.139
730.467
730.884
731.303
731.72
732.067
732.498
732.93
733.357
733.723
734.148
734.573
734.999
735.484
735.923
736.346
736.818
737.304
737.786
738.26
738.769
739.248
739.762
740.247
740.761
741.243
741.754
742.232
742.738
743.213
743.712
744.175
744.665
745.119
745.601
746.051
746.529
746.97
747.444
747.881
748.353
748.793
749.266
749.704
750.179
750.618
751.097
751.543
752.027
752.474
752.965
753.418
753.916
754.379
754.888
755.359
755.875
756.355
756.872
757.368
757.878
758.377
758.892
759.378
759.908
760.391
760.923
761.408
761.943
762.43
762.968
763.46
763.985
764.477
764.962
765.536
766.005
766.507
767.057
767.555
768.029
768.604
769.069
769.565
770.11
770.595
771.056
771.51
771.842
772.216
772.626
773.002
773.326
773.787
774.1
774.488
774.877
775.288
775.588
776.084
776.376
776.788
777.185
777.596
777.876
778.303
778.67
778.996
779.447
779.764
780.032
780.532
780.792
781.209
781.53
781.84
782.17
782.518
782.766
783.17
783.475
783.876
784.112
784.423
784.657
785.064
785.284
785.689
785.925
786.232
786.465
786.736
787.085
787.352
787.706
787.972
788.322
788.587
788.933
789.197
789.411
789.814
790.022
790.307
790.523
790.924
791.129
791.416
791.622
792.022
792.222
792.5
792.706
793.105
793.3
793.564
793.791
794.041
794.253
794.509
794.756
794.999
795.186
795.426
795.658
795.883
796.118
796.339
796.538
796.789
796.987
797.219
797.441
797.661
797.867
798.104
798.3
798.522
798.723
798.954
799.15
799.369
799.568
799.789
799.985
800.205
800.398
800.618
800.808
801.028
801.216
801.437
801.623
801.844
802.03
802.251
802.437
802.66
802.848
803.074
803.262
803.487
803.674
803.898
804.085
804.31
804.496
804.719
804.905
805.128
805.313
805.536
805.722
805.945
806.131
806.354
806.539
806.762
806.948
807.172
807.357
807.581
807.767
807.99
808.176
808.399
808.585
808.809
808.995
809.218
809.404
809.628
809.814
810.038
810.224
810.448
810.634
810.858
811.045
811.268
811.455
811.679
811.866
812.091
812.278
812.503
812.69
812.915
813.102
813.327
813.515
813.741
813.929
814.154
814.343
814.569
814.758
814.985
815.175
815.404
815.595
815.823
816.015
816.246
816.439
816.67
816.865
817.098
817.294
817.527
817.724
817.961
818.159
818.397
818.597
818.838
819.038
819.283
819.486
819.734
819.938
820.19
820.395
820.65
820.857
821.113
821.333
821.589
821.799
822.073
822.277
822.556
822.761
823.051
823.257
823.58
823.794
824.118
824.335
824.661
824.874
825.213
825.426
825.77
825.985
826.328
826.555
826.905
827.135
827.49
827.724
828.086
828.319
828.69
828.931
829.308
829.553
829.937
830.185
830.577
830.829
831.228
831.484
831.893
832.138
832.578
832.817
833.272
833.514
833.975
834.219
834.689
834.936
835.419
835.667
836.162
836.413
836.921
837.173
837.692
837.945
838.459
838.718
839.266
839.519
840.078
840.329
840.906
841.155
841.723
842.009
842.576
842.862
843.439
843.693
844.324
844.576
845.205
845.459
846.108
846.359
846.799
847.088
847.368
847.611
847.897
848.145
848.445
848.709
848.993
849.247
849.535
849.788
850.071
850.319
850.598
850.841
851.116
851.357
851.628
851.867
852.135
852.372
852.636
852.878
853.136
853.375
853.633
853.87
854.129
854.362
854.62
854.856
855.112
855.338
855.601
855.823
856.088
856.308
856.566
856.792
857.047
857.275
857.531
857.757
858.015
858.239
858.496
858.72
858.976
859.199
859.454
859.677
859.932
860.154
860.409
860.632
860.888
861.242
861.625
861.983
862.409
862.854
863.259
863.711
864.122
864.619
865.028
865.41
865.959
866.327
866.737
867.255
867.664
868.041
868.598
868.961
869.388
869.772
870.222
870.652
871.051
871.482
871.886
872.318
872.739
873.334
873.732
874.126
874.494
875.14
875.506
875.922
876.297
876.731
877.4
877.807
878.195
878.632
879.04
879.767
880.173
880.618
881.03
881.473
881.911
882.436
882.865
883.341
883.795
884.263
884.703
885.163
885.592
886.044
886.462
886.901
887.305
887.734
888.127
888.544
888.927
889.338
889.715
890.124
890.499
890.909
891.288
891.702
892.081
892.497
892.875
893.294
893.676
894.093
894.468
894.883
895.258
895.676
896.058
896.484
896.871
897.315
897.712
898.171
898.585
899.072
899.501
899.986
900.453
900.96
901.439
901.981
902.477
903.069
903.571
904.089
904.605
905.188
905.718
906.288
906.89
907.388
907.924
908.587
909.11
909.612
910.313
910.807
911.333
911.917
912.516
913.009
913.61
914.111
914.641
915.226
915.751
916.252
916.85
917.348
917.863
918.442
918.953
919.453
920.051
920.551
921.067
921.653
922.174
922.684
923.291
923.803
924.337
924.939
925.476
926.013
926.532
926.951
927.396
927.892
928.35
928.766
929.31
929.724
930.199
930.695
931.174
931.59
932.163
932.577
933.002
933.5
934.008
934.404
934.998
935.386
935.802
936.351
936.759
937.258
937.679
938.166
938.572
939.056
939.459
939.95
940.338
940.81
941.182
941.52
942.014
942.346
942.832
943.151
943.63
943.939
944.411
944.709
945.093
945.372
945.695
945.997
946.318
946.641
946.947
947.214
947.518
947.804
948.099
948.357
948.646
948.903
949.211
949.44
949.734
949.982
950.255
950.499
950.77
951.01
951.274
951.511
951.769
952.004
952.261
952.493
952.743
952.973
953.223
953.452
953.708
953.934
954.203
954.42
954.699
954.921
955.212
955.416
955.741
955.939
956.256
956.472
956.804
956.999
957.342
957.544
957.897
958.092
958.456
958.65
959.023
959.216
959.593
959.784
960.17
960.359
960.746
960.936
961.331
961.522
961.919
962.112
962.516
962.708
963.109
963.301
963.706
963.897
964.299
964.49
964.893
965.084
965.483
965.673
966.072
966.261
966.654
966.842
967.233
967.42
967.803
967.99
968.369
968.556
968.926
969.112
969.478
969.663
970.02
970.205
970.558
970.743
971.087
971.272
971.611
971.795
972.127
972.312
972.639
972.824
973.144
973.329
973.645
973.831
974.141
974.327
974.634
974.821
975.123
975.311
975.612
975.801
976.097
976.288
976.584
976.776
977.069
977.262
977.555
977.75
978.04
978.237
978.527
978.726
979.015
979.214
979.505
979.705
979.992
980.196
980.484
980.686
980.977
981.18
981.468
981.679
981.965
982.171
982.464
982.719
983.009
983.265
983.556
983.805
984.105
984.352
984.658
984.904
985.206
985.46
985.766
986.021
986.334
986.582
986.908
987.157
987.49
987.739
988.068
988.331
988.664
988.929
989.268
989.529
989.876
990.148
990.499
990.774
991.131
991.399
991.767
992.048
992.419
992.704
993.083
993.372
993.757
994.051
994.446
994.736
995.139
995.438
995.85
996.153
996.572
996.878
997.308
997.616
998.053
998.365
998.814
999.127
999.585
999.9
1000.37
1000.67
1001.18
1001.46
1001.97
1002.29
1002.79
1003.09
1003.64
1003.92
1004.49
1004.77
1005.31
1005.64
1006.18
1006.5
1007.04
1007.32
1007.9
1008.16
1008.7
1009.01
1009.31
1009.57
1009.82
1010.1
1010.34
1010.62
1010.87
1011.14
1011.38
1011.65
1011.89
1012.15
1012.39
1012.65
1012.88
1013.14
1013.38
1013.63
1013.86
1014.11
1014.34
1014.59
1014.83
1015.08
1015.3
1015.57
1015.78
1016.03
1016.26
1016.5
1016.72
1016.97
1017.19
1017.44
1017.65
1017.91
1018.12
1018.38
1018.59
1018.84
1019.06
1019.31
1019.53
1019.78
1019.99
1020.24
1020.46
1020.71
1020.93
1021.18
1021.4
1021.65
1021.87
1022.12
1022.34
1022.6
1022.82
1023.07
1023.29
1023.54
1023.76
1024.02
1024.24
1024.49
1024.71
1024.96
1025.18
1025.44
1025.66
1025.91
1026.13
1026.38
1026.6
1026.86
1027.08
1027.33
1027.55
1027.8
1028.02
1028.27
1028.63
1029
1029.35
1029.86
1030.2
1030.6
1031.07
1031.46
1031.84
1032.35
1032.7
1033.23
1033.58
1034.02
1034.49
1034.88
1035.45
1035.82
1036.23
1036.62
1037.04
1037.41
1037.75
1038.21
1038.57
1039.19
1039.54
1039.97
1040.33
1040.94
1041.31
1041.74
1042.13
1042.82
1043.22
1043.68
1044.12
1044.89
1045.35
1045.85
1046.36
1046.99
1047.51
1048.33
1048.86
1049.42
1049.96
1050.55
1051.18
1051.75
1052.3
1052.9
1053.45
1054.02
1054.55
1055.11
1055.61
1056.15
1056.63
1057.15
1057.62
1058.12
1058.57
1059.06
1059.51
1059.99
1060.42
1060.9
1061.33
1061.8
1062.24
1062.72
1063.17
1063.66
1064.11
1064.62
1065.08
1065.65
1066.11
1066.62
1067.14
1067.67
1068.25
1068.78
1069.27
1069.93
1070.42
1070.95
1071.5
1072.08
1072.72
1073.22
1073.82
1074.32
1074.85
1075.44
1075.98
1076.49
1077.1
1077.6
1078.12
1078.7
1079.21
1079.7
1080.29
1080.77
1081.28
1081.83
1082.33
1082.8
1083.38
1083.84
1084.33
1084.88
1085.37
1085.83
1086.29
1086.63
1087.02
1087.45
1087.84
1088.18
1088.67
1089.01
1089.43
1089.86
1090.28
1090.63
1091.15
1091.5
1091.95
1092.41
1092.77
1093.23
1093.68
1094.14
1094.52
1094.97
1095.45
1095.81
1096.37
1096.74
1097.23
1097.68
1098.16
1098.53
1098.99
1099.47
1099.85
1100.36
1100.74
1101.22
1101.61
1102.09
1102.47
1102.87
1103.25
1103.6
1104.09
1104.43
1104.93
1105.27
1105.77
1106.08
1106.55
1106.88
1107.23
1107.56
1107.92
1108.38
1108.7
1109.08
1109.42
1109.7
1110.06
1110.36
1110.71
1111
1111.42
1111.69
1112.01
1112.28
1112.63
1112.89
1113.22
1113.48
1113.83
1114.08
1114.38
1114.64
1114.94
1115.2
1115.49
1115.76
1116.03
1116.28
1116.57
1116.82
1117.08
1117.34
1117.6
1117.84
1118.12
1118.35
1118.6
1118.83
1119.1
1119.32
1119.57
1119.79
1120.05
1120.26
1120.51
1120.73
1120.98
1121.19
1121.44
1121.65
1121.9
1122.11
1122.37
1122.58
1122.85
1123.06
1123.33
1123.54
1123.81
1124.02
1124.3
1124.51
1124.8
1125
1125.3
1125.5
1125.8
1126
1126.3
1126.51
1126.81
1127.01
1127.32
1127.52
1127.83
1128.03
1128.34
1128.54
1128.85
1129.05
1129.36
1129.56
1129.88
1130.07
1130.39
1130.58
1130.9
1131.09
1131.41
1131.6
1131.92
1132.11
1132.43
1132.62
1132.94
1133.13
1133.44
1133.64
1133.95
1134.14
1134.45
1134.64
1134.94
1135.14
1135.43
1135.62
1135.92
1136.11
1136.39
1136.58
1136.86
1137.05
1137.32
1137.51
1137.77
1137.96
1138.22
1138.41
1138.66
1138.85
1139.1
1139.28
1139.53
1139.72
1139.96
1140.15
1140.39
1140.59
1140.83
1141.02
1141.26
1141.46
1141.69
1141.89
1142.13
1142.33
1142.57
1142.76
1143.01
1143.21
1143.45
1143.65
1143.89
1144.14
1144.37
1144.62
1144.86
1145.1
1145.34
1145.58
1145.83
1146.07
1146.31
1146.56
1146.8
1147.05
1147.3
1147.54
1147.81
1148.05
1148.32
1148.56
1148.85
1149.09
1149.38
1149.62
1149.92
1150.18
1150.48
1150.73
1151.06
1151.3
1151.64
1151.89
1152.24
1152.49
1152.86
1153.11
1153.47
1153.73
1154.12
1154.38
1154.78
1155.04
1155.45
1155.71
1156.14
1156.4
1156.84
1157.11
1157.54
1157.84
1158.28
1158.58
1159.04
1159.31
1159.82
1160.08
1160.59
1160.85
1161.39
1161.65
1162.2
1162.46
1163
1163.3
1163.83
1164.11
1164.7
1164.97
1165.54
1165.84
1166.21
1166.5
1166.74
1167.02
1167.25
1167.56
1167.81
1168.09
1168.33
1168.62
1168.86
1169.13
1169.38
1169.65
1169.89
1170.16
1170.4
1170.67
1170.9
1171.17
1171.4
1171.66
1171.9
1172.16
1172.39
1172.65
1172.89
1173.14
1173.36
1173.63
1173.85
1174.11
1174.34
1174.6
1174.82
1175.08
1175.3
1175.56
1175.78
1176.04
1176.26
1176.52
1176.74
1177
1177.22
1177.48
1177.71
1177.97
1178.19
1178.45
1178.68
1178.94
1179.16
1179.43
1179.66
1179.92
1180.15
1180.41
1180.64
1180.91
1181.14
1181.41
1181.65
1181.91
1182.15
1182.42
1182.65
1182.92
1183.16
1183.43
1183.67
1183.94
1184.17
1184.45
1184.68
1184.96
1185.2
1185.61
1185.97
1186.37
1186.82
1187.23
1187.73
1188.14
1188.64
1189.05
1189.53
1189.94
1190.46
1190.87
1191.39
1191.79
1192.38
1192.78
1193.27
1193.66
1194.19
1194.57
1194.92
1195.38
1195.73
1196.21
1196.57
1197.21
1197.55
1197.97
1198.32
1198.96
1199.31
1199.76
1200.18
1200.89
1201.28
1201.77
1202.19
1202.99
1203.44
1203.97
1204.48
1205.35
1205.85
1206.45
1206.98
1207.61
1208.5
1209.12
1209.65
1210.25
1210.78
1211.4
1211.96
1212.58
1213.12
1213.72
1214.22
1214.8
1215.28
1215.84
1216.31
1216.85
1217.3
1217.82
1218.26
1218.77
1219.2
1219.71
1220.12
1220.64
1221.04
1221.55
1221.96
1222.53
1222.94
1223.45
1223.88
1224.42
1224.89
1225.44
1225.96
1226.51
1226.97
1227.55
1228.03
1228.63
1229.18
1229.7
1230.28
1230.88
1231.37
1232
1232.57
1233.1
1233.61
1234.23
1234.75
1235.29
1235.88
1236.41
1236.91
1237.51
1238
1238.52
1239.08
1239.59
1240.06
1240.65
1241.12
1241.61
1242.16
1242.65
1243.12
1243.69
1244.15
1244.64
1245.19
1245.68
1246.04
1246.52
1246.87
1247.27
1247.7
1248.11
1248.47
1248.97
1249.33
1249.76
1250.21
1250.66
1251.03
1251.57
1251.95
1252.42
1252.89
1253.29
1253.77
1254.24
1254.73
1255.12
1255.62
1256.04
1256.43
1257.02
1257.42
1257.92
1258.39
1258.89
1259.29
1259.8
1260.27
1260.78
1261.17
1261.68
1262.1
1262.53
1262.95
1263.33
1263.87
1264.24
1264.79
1265.15
1265.68
1266.04
1266.52
1266.87
1267.27
1267.63
1268.03
1268.52
1268.9
1269.36
1269.74
1270.15
1270.51
1270.84
1271.21
1271.66
1272.02
1272.34
1272.71
1273.04
1273.38
1273.71
1274.05
1274.34
1274.73
1275
1275.33
1275.61
1275.96
1276.22
1276.55
1276.82
1277.14
1277.4
1277.7
1277.98
1278.27
1278.53
1278.83
1279.08
1279.36
1279.62
1279.9
1280.13
1280.41
1280.65
1280.93
1281.16
1281.42
1281.65
1281.91
1282.14
1282.4
1282.62
1282.87
1283.09
1283.35
1283.56
1283.83
1284.04
1284.31
1284.53
1284.81
1285.02
1285.31
1285.53
1285.82
1286.03
1286.33
1286.54
1286.85
1287.06
1287.37
1287.58
1287.9
1288.11
1288.43
1288.63
1288.96
1289.17
1289.5
1289.7
1290.04
1290.24
1290.57
1290.77
1291.11
1291.31
1291.65
1291.85
1292.19
1292.39
1292.73
1292.93
1293.27
1293.46
1293.8
1294
1294.34
1294.53
1294.88
1295.07
1295.41
1295.6
1295.94
1296.13
1296.46
1296.65
1296.98
1297.16
1297.49
1297.67
1297.99
1298.17
1298.48
1298.66
1298.96
1299.14
1299.43
1299.61
1299.89
1300.07
1300.35
1300.53
1300.79
1300.97
1301.23
1301.41
1301.67
1301.85
1302.1
1302.28
1302.52
1302.7
1302.95
1303.13
1303.36
1303.55
1303.78
1303.97
1304.2
1304.39
1304.62
1304.81
1305.04
1305.23
1305.47
1305.66
1305.9
1306.09
1306.32
1306.53
1306.76
1307
1307.24
1307.46
1307.72
1307.95
1308.21
1308.44
1308.7
1308.94
1309.21
1309.45
1309.73
1309.96
1310.26
1310.49
1310.8
1311.03
1311.35
1311.58
1311.91
1312.15
1312.49
1312.73
1313.09
1313.33
1313.68
1313.93
1314.31
1314.56
1314.94
1315.2
1315.58
1315.86
1316.25
1316.53
1316.93
1317.21
1317.63
1317.91
1318.34
1318.63
1319.07
1319.34
1319.8
1320.09
1320.57
1320.86
1321.35
1321.64
1322.14
1322.41
1322.93
1323.23
1323.76
1324.05
1324.59
1324.88
1325.43
1325.73
1326.3
1326.6
1326.91
1327.19
1327.5
1327.79
1328.04
1328.36
1328.59
1328.87
1329.13
1329.41
1329.65
1329.94
1330.18
1330.46
1330.7
1330.97
1331.21
1331.48
1331.71
1331.98
1332.21
1332.45
1332.68
1332.95
1333.18
1333.44
1333.67
1333.93
1334.16
1334.41
1334.65
1334.9
1335.14
1335.38
1335.61
1335.87
1336.1
1336.35
1336.57
1336.82
1337.05
1337.3
1337.53
1337.78
1338.01
1338.26
1338.49
1338.75
1338.97
1339.23
1339.46
1339.71
1339.94
1340.2
1340.43
1340.69
1340.92
1341.18
1341.41
1341.67
1341.9
1342.17
1342.4
1342.67
1342.9
1343.17
1343.4
1343.67
1343.91
1344.18
1344.41
1344.68
1344.92
1345.19
1345.42
1345.69
1345.93
1346.2
1346.44
1346.71
1346.95
1347.22
1347.6
1347.99
1348.35
1348.88
1349.24
1349.78
1350.15
1350.68
1351.05
1351.58
1351.96
1352.52
1352.89
1353.45
1353.83
1354.47
1354.84
1355.37
1355.73
1356.21
1356.56
1356.95
1357.4
1357.81
1358.35
1358.81
1359.16
1359.6
1360.18
1360.61
1360.98
1361.7
1362.09
1362.58
1363.28
1363.8
1364.26
1364.86
1365.71
1366.3
1366.86
1367.53
1368.45
1369.12
1369.7
1370.37
1371.02
1371.78
1372.39
1373.21
1373.78
1374.44
1375.03
1375.69
1376.25
1376.88
1377.4
1377.98
1378.47
1379.02
1379.49
1380.03
1380.49
1381.02
1381.46
1381.98
1382.41
1382.94
1383.36
1383.9
1384.31
1384.83
1385.31
1385.83
1386.26
1386.8
1387.25
1387.83
1388.29
1388.86
1389.39
1389.96
1390.44
1391.09
1391.57
1392.1
1392.76
1393.28
1393.79
1394.49
1395
1395.53
1396.15
1396.69
1397.23
1397.85
1398.37
1398.91
1399.49
1400.02
1400.52
1401.11
1401.6
1402.11
1402.67
1403.17
1403.64
1404.21
1404.68
1405.17
1405.71
1406.2
1406.66
1407.23
1407.69
1408.18
1408.72
1409.21
1409.58
1410.05
1410.4
1410.8
1411.24
1411.65
1412.01
1412.52
1412.89
1413.33
1413.79
1414.24
1414.63
1415.18
1415.57
1415.99
1416.47
1416.97
1417.37
1417.96
1418.36
1418.87
1419.37
1419.88
1420.3
1420.8
1421.34
1421.75
1422.37
1422.78
1423.32
1423.76
1424.31
1424.71
1425.17
1425.59
1426.05
1426.49
1427.03
1427.46
1428.01
1428.44
1428.89
1429.31
1429.85
1430.27
1430.81
1431.21
1431.75
1432.16
1432.7
1433.09
1433.54
1433.95
1434.31
1434.75
1435.13
1435.52
1435.9
1436.33
1436.69
1437.05
1437.43
1437.79
1438.18
1438.53
1438.86
1439.24
1439.56
1439.92
1440.24
1440.61
1440.91
1441.24
1441.57
1441.89
1442.19
1442.51
1442.82
1443.12
1443.41
1443.71
1444.01
1444.3
1444.57
1444.88
1445.13
1445.42
1445.68
1445.97
1446.21
1446.5
1446.74
1447.01
1447.25
1447.52
1447.75
1448.02
1448.24
1448.5
1448.73
1448.99
1449.21
1449.48
1449.7
1449.97
1450.19
1450.47
1450.69
1450.98
1451.2
1451.49
1451.71
1452.01
1452.23
1452.54
1452.75
1453.07
1453.28
1453.6
1453.81
1454.14
1454.35
1454.69
1454.9
1455.24
1455.44
1455.79
1455.99
1456.34
1456.54
1456.89
1457.09
1457.45
1457.64
1458
1458.2
1458.55
1458.75
1459.11
1459.31
1459.66
1459.86
1460.22
1460.41
1460.76
1460.95
1461.3
1461.49
1461.83
1462.02
1462.36
1462.54
1462.87
1463.05
1463.37
1463.55
1463.86
1464.04
1464.34
1464.52
1464.81
1464.99
1465.27
1465.45
1465.72
1465.89
1466.16
1466.34
1466.59
1466.77
1467.02
1467.2
1467.44
1467.62
1467.86
1468.04
1468.28
1468.46
1468.69
1468.87
1469.11
1469.29
1469.52
1469.7
1469.93
1470.11
1470.35
1470.53
1470.76
1470.95
1471.18
1471.37
1471.61
1471.8
1472.04
1472.27
1472.51
1472.74
1472.98
1473.22
1473.47
1473.7
1473.96
1474.18
1474.46
1474.68
1474.97
1475.2
1475.48
1475.72
1476.01
1476.25
1476.55
1476.79
1477.11
1477.35
1477.67
1477.92
1478.25
1478.51
1478.85
1479.09
1479.46
1479.7
1480.08
1480.33
1480.72
1480.97
1481.38
1481.62
1482.03
1482.31
1482.71
1482.98
1483.4
1483.69
1484.12
1484.41
1484.86
1485.14
1485.61
1485.89
1486.37
1486.63
1487.16
1487.41
1487.96
1488.21
1488.76
1489.01
1489.59
1489.85
1490.3
1490.56
1490.86
1491.12
1491.4
1491.73
1492.01
1492.31
1492.62
1492.91
1493.16
1493.47
1493.71
1493.98
1494.23
1494.54
1494.78
1495.05
1495.3
1495.57
1495.81
1496.09
1496.33
1496.6
1496.83
1497.1
1497.34
1497.6
1497.84
1498.1
1498.33
1498.59
1498.83
1499.08
1499.32
1499.57
1499.82
1500.07
1500.29
1500.55
1500.78
1501.03
1501.27
1501.52
1501.74
1502
1502.23
1502.48
1502.71
1502.96
1503.19
1503.45
1503.68
1503.94
1504.17
1504.43
1504.66
1504.92
1505.15
1505.41
1505.64
1505.91
1506.14
1506.41
1506.65
1506.91
1507.15
1507.42
1507.66
1507.94
1508.18
1508.45
1508.69
1508.97
1509.21
1509.49
1509.74
1510.01
1510.26
1510.54
1510.78
1511.21
1511.58
1511.99
1512.49
1512.9
1513.41
1513.83
1514.35
1514.76
1515.28
1515.71
1516.24
1516.69
1517.31
1517.73
1518.24
1518.67
1519.26
1519.65
1520.01
1520.49
1520.87
1521.28
1521.76
1522.15
1522.74
1523.12
1523.49
1524.14
1524.53
1524.99
1525.65
1526.13
1526.58
1527.38
1527.9
1528.46
1529.03
1529.99
1530.57
1531.25
1531.86
1532.91
1533.52
1534.2
1534.82
1535.56
1536.41
1537.08
1537.68
1538.34
1538.94
1539.62
1540.2
1540.84
1541.37
1541.97
1542.47
1543.03
1543.49
1544.02
1544.46
1544.99
1545.42
1545.94
1546.36
1546.88
1547.29
1547.83
1548.23
1548.74
1549.17
1549.69
1550.16
1550.68
1551.11
1551.64
1552.1
1552.66
1553.16
1553.71
1554.18
1554.81
1555.29
1555.8
1556.44
1556.95
1557.45
1558.13
1558.62
1559.15
1559.82
1560.34
1560.83
1561.43
1561.94
1562.47
1563.05
1563.57
1564.06
1564.65
1565.13
1565.63
1566.18
1566.67
1567.13
1567.7
1568.15
1568.63
1569.16
1569.64
1570.09
1570.64
1571.09
1571.57
1572.1
1572.57
1573.03
1573.62
1573.95
1574.33
1574.76
1575.15
1575.5
1575.98
1576.34
1576.76
1577.21
1577.63
1578.01
1578.54
1578.93
1579.39
1579.86
1580.35
1580.74
1581.23
1581.72
1582.13
1582.72
1583.13
1583.55
1584.16
1584.55
1585.1
1585.59
1586.12
1586.53
1587.13
1587.55
1587.97
1588.52
1588.98
1589.53
1589.96
1590.5
1590.94
1591.49
1591.92
1592.47
1592.9
1593.45
1593.88
1594.37
1594.8
1595.19
1595.75
1596.15
1596.71
1597.09
1597.65
1598.04
1598.57
1598.96
1599.43
1599.8
1600.2
1600.59
1600.97
1601.48
1601.84
1602.25
1602.61
1602.96
1603.41
1603.75
1604.09
1604.43
1604.82
1605.15
1605.48
1605.8
1606.16
1606.47
1606.8
1607.11
1607.44
1607.73
1608.05
1608.33
1608.66
1608.94
1609.25
1609.51
1609.83
1610.08
1610.38
1610.63
1610.92
1611.17
1611.46
1611.7
1611.98
1612.22
1612.49
1612.72
1612.99
1613.21
1613.48
1613.7
1613.96
1614.18
1614.44
1614.67
1614.94
1615.16
1615.44
1615.66
1615.94
1616.16
1616.45
1616.66
1616.97
1617.18
1617.49
1617.7
1618.02
1618.23
1618.56
1618.77
1619.1
1619.31
1619.65
1619.85
1620.2
1620.4
1620.75
1620.95
1621.3
1621.5
1621.87
1622.06
1622.42
1622.62
1622.98
1623.18
1623.54
1623.74
1624.11
1624.3
1624.67
1624.86
1625.23
1625.42
1625.78
1625.97
1626.33
1626.51
1626.87
1627.05
1627.4
1627.58
1627.91
1628.09
1628.42
1628.6
1628.92
1629.09
1629.4
1629.58
1629.88
1630.05
1630.34
1630.52
1630.8
1630.97
1631.25
1631.42
1631.69
1631.87
1632.13
1632.31
1632.57
1632.74
1633
1633.18
1633.43
1633.61
1633.86
1634.04
1634.29
1634.47
1634.72
1634.9
1635.15
1635.33
1635.59
1635.77
1636.03
1636.21
1636.47
1636.66
1636.92
1637.11
1637.38
1637.6
1637.88
1638.09
1638.38
1638.6
1638.89
1639.11
1639.41
1639.64
1639.94
1640.17
1640.48
1640.7
1641.04
1641.26
1641.61
1641.83
1642.18
1642.42
1642.77
1643.01
1643.37
1643.62
1643.99
1644.23
1644.63
1644.87
1645.28
1645.52
1645.95
1646.18
1646.62
1646.87
1647.31
1647.55
1648.02
1648.26
1648.74
1648.99
1649.48
1649.73
1650.24
1650.49
1651
1651.25
1651.79
1652.04
1652.6
1652.85
1653.37
1653.62
1653.89
1654.17
1654.47
1654.78
1655.06
1655.36
1655.65
1655.97
1656.26
1656.58
1656.87
1657.16
1657.49
1657.78
1658.08
1658.37
1658.66
1658.94
1659.19
1659.47
1659.71
1660.03
1660.27
1660.54
1660.8
1661.07
1661.31
1661.59
1661.83
1662.1
1662.34
1662.61
1662.84
1663.11
1663.34
1663.6
1663.83
1664.1
1664.33
1664.59
1664.82
1665.05
1665.28
1665.53
1665.77
1666.02
1666.25
1666.5
1666.73
1666.98
1667.21
1667.46
1667.68
1667.93
1668.16
1668.41
1668.64
1668.9
1669.13
1669.38
1669.61
1669.87
1670.1
1670.36
1670.59
1670.85
1671.08
1671.34
1671.57
1671.84
1672.07
1672.33
1672.57
1672.84
1673.07
1673.34
1673.58
1673.85
1674.08
1674.35
1674.59
1674.86
1675.1
1675.37
1675.61
1675.88
1676.26
1676.65
1677.03
1677.56
1677.93
1678.47
1678.85
1679.39
1679.77
1680.31
1680.75
1681.31
1681.68
1682.32
1682.77
1683.21
1683.71
1684.21
1684.57
1684.96
1685.4
1685.84
1686.19
1686.86
1687.21
1687.59
1688.12
1688.51
1689.17
1689.57
1690.05
1690.77
1691.29
1691.79
1692.63
1693.19
1693.79
1694.73
1695.39
1696.08
1696.81
1697.86
1698.63
1699.32
1700.1
1700.92
1701.67
1702.5
1703.21
1703.9
1704.65
1705.31
1706.01
1706.64
1707.28
1707.85
1708.44
1708.97
1709.52
1710.01
1710.53
1711.01
1711.52
1712.01
1712.51
1712.96
1713.46
1713.93
1714.44
1714.89
1715.38
1715.88
1716.38
1716.84
1717.36
1717.89
1718.42
1718.9
1719.44
1719.99
1720.54
1721.04
1721.66
1722.17
1722.7
1723.3
1723.86
1724.39
1724.99
1725.58
1726.07
1726.64
1727.21
1727.75
1728.25
1728.86
1729.35
1729.86
1730.42
1730.92
1731.4
1731.97
1732.43
1732.91
1733.44
1733.91
1734.36
1734.91
1735.35
1735.82
1736.34
1736.8
1737.24
1737.78
1738.22
1738.69
1739.21
1739.71
1740.04
1740.49
1740.82
1741.2
1741.62
1742.01
1742.36
1742.85
1743.2
1743.63
1744.07
1744.51
1744.89
1745.42
1745.8
1746.29
1746.75
1747.15
1747.65
1748.11
1748.63
1749.03
1749.53
1750.04
1750.46
1751.06
1751.47
1751.9
1752.51
1752.93
1753.47
1753.94
1754.49
1754.9
1755.44
1755.9
1756.44
1756.9
1757.44
1757.91
1758.45
1758.9
1759.43
1759.9
1760.44
1760.88
1761.44
1761.87
1762.37
1762.8
1763.22
1763.77
1764.16
1764.59
1765.14
1765.53
1765.97
1766.39
1766.77
1767.21
1767.58
1768.12
1768.48
1768.91
1769.26
1769.68
1770.03
1770.42
1770.79
1771.16
1771.49
1771.89
1772.21
1772.58
1772.9
1773.26
1773.58
1773.91
1774.23
1774.56
1774.86
1775.21
1775.49
1775.81
1776.1
1776.41
1776.68
1776.99
1777.25
1777.56
1777.81
1778.11
1778.36
1778.65
1778.89
1779.17
1779.41
1779.69
1779.92
1780.19
1780.42
1780.68
1780.91
1781.17
1781.4
1781.66
1781.88
1782.15
1782.37
1782.64
1782.86
1783.14
1783.36
1783.64
1783.86
1784.16
1784.37
1784.67
1784.88
1785.2
1785.4
1785.73
1785.93
1786.26
1786.47
1786.81
1787.01
1787.35
1787.55
1787.91
1788.11
1788.46
1788.66
1789.02
1789.22
1789.58
1789.78
1790.15
1790.34
1790.71
1790.9
1791.28
1791.47
1791.84
1792.03
1792.4
1792.59
1792.95
1793.14
1793.5
1793.68
1794.03
1794.21
1794.56
1794.73
1795.07
1795.24
1795.57
1795.75
1796.06
1796.24
1796.54
1796.72
1797.01
1797.19
1797.48
1797.65
1797.93
1798.1
1798.38
1798.55
1798.82
1799
1799.26
1799.44
1799.7
1799.88
1800.14
1800.31
1800.57
1800.75
1801.01
1801.18
1801.45
1801.62
1801.88
1802.06
1802.32
1802.5
1802.77
1802.95
1803.22
1803.4
1803.67
1803.88
1804.16
1804.38
1804.66
1804.88
1805.17
1805.39
1805.69
1805.91
1806.2
1806.43
1806.74
1806.97
1807.28
1807.51
1807.84
1808.06
1808.41
1808.63
1808.98
1809.22
1809.57
1809.82
1810.17
1810.41
1810.79
1811.04
1811.42
1811.67
1812.06
1812.32
1812.72
1812.97
1813.4
1813.64
1814.09
1814.33
1814.77
1815.05
1815.49
1815.77
1816.22
1816.48
1816.98
1817.23
1817.73
1818
1818.51
1818.78
1819.31
1819.59
1820.12
1820.4
1820.95
1821.21
1821.56
1821.82
1822.13
1822.41
1822.7
1823.02
1823.3
1823.63
1823.91
1824.21
1824.53
1824.83
1825.14
1825.43
1825.73
1826.01
1826.26
1826.58
1826.81
1827.09
1827.34
1827.63
1827.87
1828.16
1828.41
1828.68
1828.93
1829.2
1829.44
1829.71
1829.95
1830.22
1830.45
1830.72
1830.95
1831.22
1831.45
1831.71
1831.95
1832.2
1832.44
1832.69
1832.94
1833.18
1833.41
1833.67
1833.9
1834.15
1834.38
1834.63
1834.86
1835.11
1835.34
1835.59
1835.82
1836.08
1836.31
1836.56
1836.8
1837.05
1837.28
1837.54
1837.77
1838.03
1838.27
1838.53
1838.76
1839.02
1839.26
1839.52
1839.76
1840.03
1840.26
1840.54
1840.77
1841.05
1841.29
1841.56
1841.8
1842.08
1842.32
1842.6
1842.84
1843.12
1843.36
1843.64
1843.89
1844.17
1844.56
1844.96
1845.33
1845.86
1846.24
1846.78
1847.17
1847.71
1848.1
1848.64
1849.1
1849.65
1850.07
1850.62
1851.12
1851.64
1852.15
1852.56
1852.92
1853.41
1853.77
1854.21
1854.65
1855.23
1855.6
1856.02
1856.44
1857.09
1857.47
1857.91
1858.58
1859.07
1859.55
1860.36
1860.85
1861.46
1862.33
1863
1863.6
1864.62
1865.28
1865.98
1866.67
1867.8
1868.51
1869.23
1869.91
1870.7
1871.68
1872.38
1873.02
1873.69
1874.32
1874.98
1875.59
1876.21
1876.77
1877.35
1877.87
1878.41
1878.89
1879.41
1879.89
1880.4
1880.89
1881.39
1881.84
1882.37
1882.84
1883.33
1883.78
1884.34
1884.8
1885.31
1885.78
1886.32
1886.81
1887.36
1887.89
1888.43
1888.97
1889.52
1890.1
1890.63
1891.15
1891.8
1892.32
1892.84
1893.53
1894.03
1894.56
1895.17
1895.71
1896.23
1896.84
1897.35
1897.87
1898.45
1898.96
1899.45
1900.03
1900.51
1901
1901.55
1902.04
1902.5
1903.07
1903.52
1904
1904.53
1905.01
1905.46
1906.02
1906.47
1906.96
1907.5
1907.98
1908.35
1908.81
1909.16
1909.56
1909.99
1910.41
1910.77
1911.28
1911.65
1912.09
1912.56
1913.01
1913.41
1913.97
1914.37
1914.8
1915.29
1915.81
1916.21
1916.84
1917.24
1917.77
1918.3
1918.83
1919.26
1919.8
1920.35
1920.78
1921.44
1921.87
1922.43
1922.94
1923.5
1923.97
1924.54
1925.02
1925.6
1926.09
1926.66
1927.16
1927.73
1928.21
1928.7
1929.17
1929.67
1930.14
1930.72
1931.18
1931.77
1932.23
1932.79
1933.25
1933.78
1934.22
1934.66
1935.12
1935.59
1936.04
1936.44
1937.02
1937.42
1937.88
1938.27
1938.74
1939.12
1939.53
1939.97
1940.37
1940.73
1941.12
1941.63
1942
1942.35
1942.8
1943.14
1943.49
1943.81
1944.19
1944.51
1944.89
1945.19
1945.54
1945.85
1946.18
1946.49
1946.82
1947.11
1947.43
1947.71
1948.03
1948.3
1948.61
1948.87
1949.17
1949.43
1949.72
1949.97
1950.26
1950.5
1950.78
1951.02
1951.29
1951.53
1951.8
1952.03
1952.31
1952.54
1952.82
1953.05
1953.34
1953.56
1953.86
1954.08
1954.38
1954.6
1954.92
1955.14
1955.46
1955.68
1956.01
1956.22
1956.56
1956.77
1957.12
1957.33
1957.69
1957.9
1958.27
1958.47
1958.84
1959.04
1959.42
1959.62
1960
1960.19
1960.58
1960.78
1961.1
1961.3
1961.68
1961.87
1962.26
1962.46
1962.84
1963.03
1963.42
1963.61
1963.99
1964.17
1964.55
1964.73
1965.1
1965.27
1965.63
1965.81
1966.16
1966.33
1966.67
1966.84
1967.17
1967.34
1967.66
1967.83
1968.13
1968.3
1968.6
1968.77
1969.05
1969.22
1969.5
1969.67
1969.95
1970.11
1970.38
1970.55
1970.82
1970.99
1971.25
1971.42
1971.68
1971.85
1972.11
1972.28
1972.54
1972.71
1972.97
1973.14
1973.4
1973.57
1973.83
1974.01
1974.27
1974.46
1974.72
1974.9
1975.17
1975.36
1975.64
1975.85
1976.13
1976.35
1976.64
1976.86
1977.16
1977.37
1977.68
1977.9
1978.22
1978.44
1978.76
1978.99
1979.31
1979.55
1979.88
1980.11
1980.47
1980.69
1981.06
1981.29
1981.66
1981.9
1982.28
1982.53
1982.91
1983.16
1983.56
1983.79
1984.22
1984.46
1984.9
1985.14
1985.6
1985.83
1986.29
1986.53
1987.02
1987.26
1987.76
1988
1988.52
1988.75
1989.27
1989.54
1990.05
1990.33
1990.86
1991.1
1991.51
1991.75
1992.04
1992.28
1992.57
1992.88
1993.16
1993.44
1993.76
1994.05
1994.34
1994.66
1994.94
1995.23
1995.54
1995.82
1996.08
1996.39
1996.63
1996.9
1997.14
1997.44
1997.68
1997.95
1998.21
1998.48
1998.72
1998.99
1999.23
1999.5
1999.74
2000.01
2000.24
2000.51
2000.74
2001.01
2001.24
2001.5
2001.73
2002
2002.23
2002.49
2002.72
2002.97
2003.22
2003.46
2003.69
2003.95
2004.18
2004.43
2004.66
2004.91
2005.15
2005.4
2005.63
2005.88
2006.12
2006.37
2006.61
2006.86
2007.1
2007.36
2007.59
2007.86
2008.09
2008.35
2008.59
2008.86
2009.09
2009.36
2009.6
2009.87
2010.12
2010.39
2010.63
2010.91
2011.16
2011.43
2011.68
2011.96
2012.21
2012.49
2012.74
2013.02
2013.28
2013.56
2013.81
2014.1
2014.35
2014.64
2014.9
2015.19
2015.44
2015.73
2015.99
2016.28
2016.69
2017.09
2017.49
2018.03
2018.42
2018.97
2019.37
2019.93
2020.36
2020.91
2021.33
2021.89
2022.44
2022.86
2023.38
2024.01
2024.39
2024.92
2025.29
2025.77
2026.13
2026.54
2027
2027.41
2027.97
2028.39
2028.76
2029.2
2029.8
2030.24
2030.64
2031.35
2031.83
2032.32
2033.1
2033.66
2034.2
2035.14
2035.74
2036.4
2037.4
2038.13
2038.81
2039.57
2040.66
2041.44
2042.11
2042.87
2043.59
2044.66
2045.31
2046.02
2046.65
2047.35
2047.96
2048.64
2049.21
2049.84
2050.37
2050.96
2051.45
2052.01
2052.5
2053.05
2053.53
2054.08
2054.53
2055.12
2055.56
2056.09
2056.54
2057.11
2057.56
2058.11
2058.62
2059.18
2059.65
2060.22
2060.76
2061.34
2061.82
2062.46
2062.96
2063.49
2064.15
2064.68
2065.2
2065.9
2066.4
2066.94
2067.61
2068.14
2068.65
2069.26
2069.78
2070.32
2070.9
2071.43
2071.92
2072.51
2072.99
2073.5
2074.05
2074.54
2075.01
2075.58
2076.03
2076.51
2077.05
2077.53
2077.98
2078.54
2078.99
2079.47
2080.01
2080.49
2080.96
2081.43
2081.77
2082.16
2082.59
2082.99
2083.35
2083.84
2084.21
2084.64
2085.1
2085.54
2085.92
2086.47
2086.86
2087.33
2087.81
2088.32
2088.72
2089.23
2089.73
2090.17
2090.76
2091.18
2091.65
2092.16
2092.68
2093.13
2093.76
2094.18
2094.76
2095.27
2095.82
2096.28
2096.85
2097.29
2097.9
2098.34
2098.96
2099.4
2100
2100.47
2101.05
2101.49
2102.1
2102.54
2103.11
2103.53
2103.99
2104.57
2105.03
2105.61
2106.06
2106.62
2107.08
2107.6
2108.04
2108.46
2108.93
2109.35
2109.92
2110.32
2110.83
2111.23
2111.65
2112.04
2112.59
2112.97
2113.38
2113.77
2114.18
2114.59
2114.97
2115.32
2115.75
2116.09
2116.45
2116.8
2117.17
2117.5
2117.87
2118.2
2118.54
2118.87
2119.2
2119.51
2119.85
2120.15
2120.47
2120.76
2121.07
2121.37
2121.67
2121.94
2122.24
2122.51
2122.8
2123.06
2123.35
2123.6
2123.88
2124.13
2124.41
2124.64
2124.92
2125.15
2125.42
2125.66
2125.93
2126.16
2126.42
2126.65
2126.93
2127.15
2127.43
2127.65
2127.94
2128.16
2128.46
2128.67
2128.97
2129.19
2129.5
2129.71
2130.03
2130.24
2130.57
2130.78
2131.12
2131.32
2131.67
2131.87
2132.22
2132.42
2132.78
2132.97
2133.34
2133.54
2133.9
2134.09
2134.47
2134.66
2135.03
2135.22
2135.6
2135.78
2136.16
2136.34
2136.72
2136.9
2137.27
2137.45
2137.81
2137.99
2138.35
2138.52
2138.87
2139.04
2139.38
2139.55
2139.88
2140.05
2140.37
2140.54
2140.84
2141.01
2141.31
2141.48
2141.77
2141.94
2142.22
2142.39
2142.66
2142.83
2143.1
2143.27
2143.54
2143.71
2143.97
2144.14
2144.4
2144.57
2144.83
2145
2145.26
2145.43
2145.69
2145.86
2146.12
2146.3
2146.56
2146.73
2147
2147.18
2147.45
2147.66
2147.94
2148.15
2148.43
2148.65
2148.93
2149.15
2149.43
2149.66
2149.95
2150.17
2150.48
2150.7
2151.02
2151.23
2151.56
2151.79
2152.12
2152.35
2152.69
2152.92
2153.28
2153.51
2153.88
2154.11
2154.47
2154.73
2155.1
2155.36
2155.74
2156
2156.39
2156.64
2157.05
2157.32
2157.74
2158
2158.44
2158.7
2159.16
2159.41
2159.88
2160.14
2160.63
2160.89
2161.39
2161.62
2162.17
2162.4
2162.96
2163.2
2163.77
2164.01
2164.49
2164.77
2165.03
2165.32
2165.6
2165.89
2166.21
2166.48
2166.78
2167.1
2167.39
2167.68
2167.99
2168.27
2168.53
2168.84
2169.08
2169.35
2169.59
2169.9
2170.13
2170.41
2170.67
2170.94
2171.18
2171.46
2171.7
2171.97
2172.21
2172.48
2172.72
2172.99
2173.22
2173.49
2173.72
2173.99
2174.22
2174.48
2174.72
2174.95
2175.19
2175.44
2175.68
2175.9
2176.13
2176.36
2176.59
2176.81
2177.05
2177.27
2177.5
2177.72
2177.96
2178.18
2178.41
2178.64
2178.87
2179.1
2179.34
2179.57
2179.81
2180.04
2180.28
2180.51
2180.75
2180.99
2181.23
2181.47
2181.71
2181.96
2182.2
2182.45
2182.7
2182.94
2183.19
2183.44
2183.69
2183.95
2184.2
2184.45
2184.71
2184.96
2185.22
2185.48
2185.74
2186
2186.26
2186.52
2186.78
2187.04
2187.3
2187.57
2187.83
2188.09
2188.36
2188.62
2188.89
2189.15
2189.42
2189.69
2189.95
2190.22
2190.49
2190.75
2191.02
2191.29
2191.55
2191.82
2192.09
2192.35
2192.77
2193.14
2193.57
2194.06
2194.45
2194.97
2195.36
2195.88
2196.27
2196.8
2197.22
2197.73
2198.3
2198.8
2199.18
2199.69
2200.2
2200.7
2201.06
2201.46
2201.81
2202.19
2202.58
2202.97
2203.39
2203.93
2204.34
2204.7
2205.13
2205.71
2206.14
2206.54
2207.23
2207.67
2208.16
2208.9
2209.46
2209.97
2210.89
2211.45
2212.12
2212.82
2213.86
2214.54
2215.28
2216
2217.14
2217.83
2218.6
2219.31
2220.07
2220.8
2221.57
2222.24
2222.97
2223.6
2224.28
2224.87
2225.51
2226.06
2226.69
2227.21
2227.82
2228.32
2228.9
2229.38
2230
2230.47
2231.02
2231.48
2232.06
2232.53
2233.09
2233.63
2234.19
2234.65
2235.3
2235.76
2236.34
2236.91
2237.45
2237.95
2238.63
2239.12
2239.64
2240.24
2240.78
2241.3
2241.92
2242.43
2242.97
2243.56
2244.08
2244.59
2245.19
2245.68
2246.19
2246.75
2247.25
2247.72
2248.3
2248.76
2249.25
2249.78
2250.26
2250.71
2251.27
2251.71
2252.18
2252.7
2253.18
2253.51
2253.94
2254.26
2254.63
2255.02
2255.39
2255.71
2256.17
2256.49
2256.88
2257.28
2257.69
2258.01
2258.51
2258.84
2259.28
2259.7
2260.04
2260.5
2260.91
2261.38
2261.73
2262.16
2262.62
2262.99
2263.54
2263.9
2264.38
2264.82
2265.3
2265.67
2266.18
2266.54
2266.92
2267.41
2267.78
2268.28
2268.68
2269.17
2269.57
2270.08
2270.48
2270.99
2271.37
2271.88
2272.29
2272.8
2273.2
2273.71
2274.1
2274.59
2274.99
2275.5
2275.89
2276.38
2276.8
2277.27
2277.66
2278.16
2278.54
2279.01
2279.42
2279.88
2280.25
2280.74
2281.11
2281.56
2281.95
2282.39
2282.76
2283.22
2283.57
2284.02
2284.37
2284.82
2285.14
2285.6
2285.92
2286.36
2286.69
2287.12
2287.42
2287.86
2288.17
2288.59
2288.9
2289.31
2289.6
2290.01
2290.31
2290.71
2290.99
2291.39
2291.67
2292.06
2292.33
2292.72
2292.99
2293.37
2293.64
2294.01
2294.28
2294.65
2294.91
2295.28
2295.54
2295.9
2296.17
2296.53
2296.78
2297.14
2297.39
2297.75
2298
2298.35
2298.6
2298.95
2299.2
2299.54
2299.79
2300.14
2300.38
2300.71
2300.95
2301.16
2301.4
2301.62
2301.86
2302.07
2302.31
2302.52
2302.76
2302.97
2303.21
2303.41
2303.64
2303.84
2304.08
2304.28
2304.52
2304.71
2304.95
2305.14
2305.39
2305.58
2305.82
2306.02
2306.26
2306.45
2306.7
2306.89
2307.14
2307.33
2307.59
2307.77
2308.03
2308.22
2308.48
2308.66
2308.92
2309.1
2309.36
2309.54
2309.79
2309.97
2310.22
2310.4
2310.65
2310.82
2311.07
2311.24
2311.48
2311.65
2311.88
2312.06
2312.29
2312.46
2312.69
2312.86
2313.08
2313.26
2313.48
2313.65
2313.87
2314.05
2314.27
2314.45
2314.67
2314.85
2315.07
2315.25
2315.47
2315.66
2315.88
2316.07
2316.3
2316.48
2316.72
2316.91
2317.15
2317.36
2317.61
2317.82
2318.08
2318.29
2318.55
2318.78
2319.04
2319.27
2319.54
2319.77
2320.06
2320.29
2320.59
2320.81
2321.13
2321.36
2321.69
2321.92
2322.26
2322.49
2322.84
2323.08
2323.44
2323.69
2324.05
2324.31
2324.69
2324.95
2325.34
2325.61
2326.01
2326.27
2326.69
2326.96
2327.39
2327.65
2328.13
2328.37
2328.87
2329.11
2329.62
2329.86
2330.4
2330.64
2331.19
2331.43
2332
2332.24
2332.82
2333.07
2333.65
2333.9
2334.52
2334.77
2335.12
2335.39
2335.73
2336.01
2336.31
2336.64
2336.95
2337.28
2337.58
2337.88
2338.22
2338.51
2338.78
2339.11
2339.36
2339.64
2339.89
2340.18
2340.45
2340.73
2340.98
2341.27
2341.52
2341.8
2342.05
2342.33
2342.58
2342.85
2343.1
2343.34
2343.58
2343.82
2344.06
2344.3
2344.53
2344.77
2345.01
2345.24
2345.48
2345.71
2345.94
2346.17
2346.41
2346.64
2346.88
2347.1
2347.33
2347.56
2347.79
2348.02
2348.25
2348.47
2348.71
2348.94
2349.18
2349.41
2349.64
2349.87
2350.11
2350.34
2350.58
2350.82
2351.06
2351.29
2351.53
2351.77
2352.01
2352.25
2352.5
2352.74
2352.98
2353.23
2353.48
2353.72
2353.97
2354.22
2354.47
2354.72
2354.97
2355.22
2355.48
2355.73
2355.98
2356.24
2356.49
2356.75
2357
2357.26
2357.52
2357.77
2358.03
2358.29
2358.55
2358.8
2359.06
2359.32
2359.58
2359.84
2360.09
2360.35
2360.61
2360.87
2361.13
2361.38
2361.64
2361.9
2362.15
2362.41
2362.66
2362.92
2363.17
2363.42
2363.67
2363.92
2364.17
2364.42
2364.67
2364.92
2365.17
2365.41
2365.66
2365.9
2366.15
2366.39
2366.63
2366.87
2367.11
2367.35
2367.59
2367.83
2368.06
2368.3
2368.53
2368.91
2369.26
2369.63
2370.12
2370.48
2370.98
2371.35
2371.85
2372.22
2372.73
2373.17
2373.64
2374.02
2374.65
2375.04
2375.51
2375.86
2376.46
2376.84
2377.17
2377.61
2377.94
2378.28
2378.73
2379.08
2379.59
2380.03
2380.37
2380.77
2381.42
2381.81
2382.28
2382.96
2383.48
2383.96
2384.8
2385.35
2386.01
2386.94
2387.66
2388.37
2389.18
2390.28
2391.16
2391.98
2392.87
2394.1
2395
2395.81
2396.71
2397.54
2398.5
2399.3
2400.21
2400.99
2401.87
2402.62
2403.49
2404.2
2405
2405.77
2406.52
2407.17
2407.93
2408.6
2409.31
2410.01
2410.69
2411.27
2412.05
2412.6
2413.23
2413.78
2414.37
2414.99
2415.56
2416.11
2416.74
2417.27
2417.83
2418.43
2418.98
2419.5
2420.12
2420.64
2421.19
2421.78
2422.32
2422.84
2423.45
2423.96
2424.49
2425.08
2425.6
2426.1
2426.7
2427.19
2427.59
2428.03
2428.43
2428.79
2429.26
2429.61
2430
2430.42
2430.82
2431.15
2431.63
2431.95
2432.35
2432.76
2433.16
2433.49
2433.98
2434.31
2434.63
2435.13
2435.44
2435.87
2436.26
2436.6
2436.97
2437.37
2437.68
2438.11
2438.51
2438.94
2439.26
2439.78
2440.09
2440.53
2440.92
2441.31
2441.62
2441.95
2442.38
2442.7
2443.16
2443.48
2443.97
2444.28
2444.76
2445.07
2445.56
2445.88
2446.37
2446.69
2447.18
2447.49
2447.99
2448.31
2448.81
2449.14
2449.61
2449.95
2450.43
2450.78
2451.25
2451.58
2452.08
2452.4
2452.88
2453.25
2453.69
2454.01
2454.34
2454.81
2455.15
2455.63
2455.96
2456.41
2456.81
2457.24
2457.58
2457.98
2458.32
2458.67
2459.14
2459.42
2459.88
2460.2
2460.65
2461
2461.46
2461.73
2462.18
2462.46
2462.93
2463.23
2463.66
2463.94
2464.39
2464.67
2465.12
2465.4
2465.83
2466.13
2466.55
2466.8
2467.26
2467.51
2467.94
2468.2
2468.63
2468.91
2469.33
2469.59
2470.01
2470.27
2470.69
2470.95
2471.36
2471.62
2472.03
2472.28
2472.69
2472.94
2473.35
2473.6
2474
2474.24
2474.64
2474.88
2475.28
2475.52
2475.92
2476.16
2476.55
2476.78
2477.17
2477.4
2477.78
2478.01
2478.27
2478.5
2478.76
2478.99
2479.25
2479.47
2479.73
2479.95
2480.21
2480.42
2480.68
2480.89
2481.14
2481.35
2481.6
2481.81
2482.05
2482.26
2482.5
2482.7
2482.94
2483.14
2483.38
2483.58
2483.81
2484.01
2484.24
2484.44
2484.67
2484.86
2485.09
2485.28
2485.51
2485.7
2485.92
2486.11
2486.34
2486.52
2486.76
2486.94
2487.17
2487.35
2487.59
2487.77
2488
2488.18
2488.42
2488.59
2488.83
2489
2489.24
2489.41
2489.65
2489.82
2490.06
2490.24
2490.47
2490.65
2490.88
2491.06
2491.3
2491.47
2491.71
2491.89
2492.13
2492.32
2492.56
2492.75
2492.99
2493.18
2493.43
2493.64
2493.9
2494.11
2494.37
2494.59
2494.85
2495.08
2495.35
2495.57
2495.85
2496.08
2496.37
2496.61
2496.9
2497.14
2497.45
2497.69
2498.01
2498.24
2498.59
2498.82
2499.18
2499.4
2499.8
2500.01
2500.42
2500.63
2501.06
2501.27
2501.68
2501.93
2502.36
2502.61
2503.03
2503.29
2503.76
2504.01
2504.42
2504.73
2505.17
2505.48
2505.9
2506.2
2506.67
2506.95
2507.48
2507.75
2508.23
2508.56
2509.03
2509.39
2509.9
2510.15
2510.76
2511.04
2511.55
2511.91
2512.45
2512.72
2513.34
2513.62
2513.9
2514.19
2514.47
2514.75
2514.99
2515.27
2515.54
2515.83
2516.07
2516.35
2516.6
2516.88
2517.13
2517.41
2517.66
2517.93
2518.18
2518.45
2518.7
2518.93
2519.18
2519.41
2519.68
2519.9
2520.13
2520.4
2520.62
2520.85
2521.1
2521.33
2521.55
2521.85
2522.08
2522.41
2522.63
2522.95
2523.18
2523.5
2523.72
2524.05
2524.27
2524.6
2524.83
2525.17
2525.4
2525.75
2525.98
2526.33
2526.56
2526.93
2527.16
2527.54
2527.77
2528.16
2528.4
2528.81
2529.04
2529.47
2529.7
2530.14
2530.38
2530.84
2531.08
2531.56
2531.79
2532.29
2532.53
2532.82
2533.06
2533.31
2533.57
2533.83
2534.09
2534.35
2534.62
2534.88
2535.14
2535.41
2535.68
2535.94
2536.21
2536.48
2536.75
2537.02
2537.29
2537.56
2537.83
2538.1
2538.37
2538.64
2538.92
2539.19
2539.46
2539.74
2540.01
2540.28
2540.55
2540.83
2541.1
2541.37
2541.64
2541.91
2542.18
2542.45
2542.72
2542.99
2543.25
2543.52
2543.79
2544.05
2544.32
2544.58
2544.84
2545.1
2545.36
2545.62
2545.87
2546.13
2546.39
2546.64
2546.89
2547.14
2547.39
2547.64
2547.89
2548.14
2548.38
2548.63
2548.87
2549.11
2549.35
2549.59
2549.83
2550.06
2550.3
2550.53
2550.76
2550.99
2551.22
2551.45
2551.68
2551.9
2552.13
2552.35
2552.57
2552.79
2553.01
2553.23
2553.45
2553.67
2553.88
2554.1
2554.31
2554.52
2554.74
2554.95
2555.16
2555.36
2555.57
2555.78
2555.99
2556.19
2556.4
2556.6
2556.81
2557.01
2557.21
2557.41
2557.65
2557.85
2558.08
2558.41
2558.76
2559.09
2559.46
2559.93
2560.3
2560.66
2561.19
2561.54
2562.29
2562.6
2563.08
2563.41
2564.1
2564.49
2564.97
2565.31
2565.96
2566.43
2566.75
2567.21
2567.53
2567.88
2568.33
2568.7
2569.05
2569.69
2570.05
2570.44
2570.97
2571.6
2572.07
2572.55
2573.41
2573.95
2574.62
2575.54
2576.3
2577.03
2578.18
2578.97
2579.94
2580.85
2582.18
2583.12
2584.13
2585.09
2586.49
2587.48
2588.54
2589.54
2590.64
2591.85
2592.87
2593.8
2594.88
2595.83
2596.85
2597.78
2598.77
2599.66
2600.62
2601.46
2602.33
2603.21
2604.02
2604.8
2605.65
2606.39
2607.13
2607.91
2608.62
2609.31
2610.07
2610.73
2611.39
2612.11
2612.76
2613.38
2614.1
2614.7
2615.33
2616
2616.5
2616.96
2617.53
2617.98
2618.47
2618.99
2619.47
2619.9
2620.48
2620.9
2621.38
2621.88
2622.37
2622.78
2623.38
2623.78
2624.27
2624.77
2625.19
2625.6
2626.16
2626.56
2627.04
2627.52
2627.92
2628.39
2628.85
2629.34
2629.7
2630.17
2630.64
2630.99
2631.55
2631.91
2632.28
2632.74
2633.11
2633.59
2633.94
2634.3
2634.66
2635.15
2635.48
2635.96
2636.32
2636.78
2637.14
2637.62
2637.96
2638.45
2638.82
2639.3
2639.67
2640.16
2640.53
2641.01
2641.39
2641.87
2642.24
2642.73
2643.1
2643.58
2643.95
2644.44
2644.8
2645.29
2645.67
2646.15
2646.51
2647.01
2647.37
2647.85
2648.23
2648.71
2649.1
2649.6
2649.96
2650.44
2650.81
2651.31
2651.68
2652.16
2652.53
2653.04
2653.4
2653.93
2654.29
2654.76
2655.13
2655.61
2655.98
2656.46
2656.83
2657.41
2657.76
2658.22
2658.58
2659.04
2659.41
2659.88
2660.27
2660.73
2661.09
2661.57
2661.93
2662.49
2662.83
2663.29
2663.64
2664.09
2664.5
2664.94
2665.29
2665.79
2666.13
2666.59
2666.98
2667.42
2667.76
2668.26
2668.6
2669.03
2669.39
2669.83
2670.21
2670.64
2670.97
2671.44
2671.76
2672.19
2672.54
2672.96
2673.31
2673.72
2674.06
2674.47
2674.81
2675.22
2675.54
2675.95
2676.27
2676.67
2676.99
2677.38
2677.7
2678.08
2678.39
2678.77
2679.08
2679.46
2679.75
2680.13
2680.42
2680.79
2681.07
2681.44
2681.72
2682.08
2682.36
2682.71
2682.98
2683.26
2683.52
2683.74
2684
2684.21
2684.47
2684.68
2684.93
2685.14
2685.39
2685.59
2685.83
2686.03
2686.27
2686.47
2686.71
2686.91
2687.15
2687.34
2687.57
2687.76
2688
2688.19
2688.43
2688.61
2688.85
2689.03
2689.27
2689.45
2689.71
2689.87
2690.13
2690.3
2690.56
2690.71
2690.98
2691.14
2691.41
2691.57
2691.83
2691.98
2692.27
2692.41
2692.67
2692.84
2693.12
2693.27
2693.53
2693.7
2693.96
2694.14
2694.42
2694.59
2694.83
2695.05
2695.31
2695.54
2695.78
2696.06
2696.28
2696.5
2696.83
2697.02
2697.25
2697.56
2697.79
2698.02
2698.4
2698.58
2698.85
2699.08
2699.41
2699.62
2700.08
2700.29
2700.55
2700.78
2701.13
2701.34
2701.78
2701.98
2702.31
2702.77
2703.05
2703.29
2703.58
2703.83
2704.35
2704.55
2704.9
2705.12
2705.55
2705.77
2706.22
2706.44
2706.98
2707.23
2707.57
2707.8
2708.24
2708.47
2708.85
2709.1
2709.48
2709.73
2710.12
2710.38
2710.77
2711.01
2711.37
2711.62
2711.96
2712.21
2712.54
2712.76
2713.07
2713.3
2713.6
2713.83
2714.13
2714.36
2714.65
2714.88
2715.18
2715.41
2715.7
2715.94
2716.23
2716.47
2716.75
2716.99
2717.28
2717.52
2717.8
2718.04
2718.33
2718.57
2718.85
2719.1
2719.38
2719.62
2719.91
2720.15
2720.44
2720.68
2720.96
2721.21
2721.49
2721.73
2722.01
2722.25
2722.53
2722.78
2723.06
2723.3
2723.58
2723.82
2724.11
2724.35
2724.65
2724.89
2725.2
2725.45
2725.77
2726.01
2726.35
2726.6
2726.95
2727.2
2727.57
2727.82
2728.21
2728.46
2728.88
2729.13
2729.57
2729.82
2730.28
2730.53
2731.01
2731.27
2731.77
2732.02
2732.55
2732.81
2733.19
2733.45
2733.71
2733.98
2734.24
2734.52
2734.81
2735.09
2735.38
2735.66
2735.95
2736.24
2736.53
2736.82
2737.11
2737.41
2737.7
2737.99
2738.29
2738.58
2738.88
2739.18
2739.47
2739.77
2740.07
2740.37
2740.66
2740.96
2741.26
2741.56
2741.85
2742.15
2742.45
2742.75
2743.04
2743.34
2743.63
2743.93
2744.22
2744.52
2744.81
2745.1
2745.39
2745.68
2745.97
2746.26
2746.54
2746.83
2747.11
2747.4
2747.68
2747.96
2748.24
2748.52
2748.79
2749.07
2749.34
2749.62
2749.89
2750.15
2750.42
2750.69
2750.95
2751.21
2751.47
2751.73
2751.99
2752.25
2752.5
2752.75
2753.01
2753.25
2753.5
2753.75
2753.99
2754.23
2754.47
2754.71
2754.95
2755.18
2755.42
2755.65
2755.88
2756.11
2756.34
2756.56
2756.79
2757.01
2757.23
2757.45
2757.67
2757.88
2758.1
2758.31
2758.52
2758.74
2758.94
2759.16
2759.36
2759.6
2759.8
2760.03
2760.23
2760.47
2760.66
2760.89
2761.09
2761.31
2761.51
2761.73
2761.92
2762.14
2762.33
2762.55
2762.74
2762.96
2763.14
2763.36
2763.54
2763.76
2763.94
2764.15
2764.33
2764.54
2764.72
2764.93
2765.11
2765.32
2765.49
2765.7
2765.88
2766.08
2766.26
2766.46
2766.63
2766.84
2767.01
2767.21
2767.38
2767.58
2767.75
2767.96
2768.12
2768.33
2768.49
2768.69
2768.98
2769.3
2769.59
2769.93
2770.24
2770.72
2771.03
2771.41
2771.86
2772.46
2772.87
2773.2
2773.62
2774.19
2774.62
2775.09
2775.4
2776.07
2776.52
2776.89
2777.36
2777.72
2778.07
2778.6
2778.98
2779.55
2780.06
2780.49
2781.15
2781.78
2782.31
2783.14
2783.85
2784.59
2785.57
2786.46
2787.32
2788.52
2789.53
2790.46
2791.48
2792.77
2793.83
2794.83
2795.96
2797.31
2798.42
2799.49
2800.54
2801.66
2802.87
2803.92
2805.04
2806.11
2807.2
2808.25
2809.33
2810.33
2811.32
2812.36
2813.32
2814.26
2815.28
2816.19
2817.1
2818.04
2818.92
2819.75
2820.67
2821.46
2822.27
2823.12
2823.77
2824.38
2825.1
2825.68
2826.31
2826.96
2827.58
2828.14
2828.83
2829.37
2829.97
2830.59
2831.19
2831.71
2832.41
2832.91
2833.5
2834.1
2834.67
2835.18
2835.82
2836.31
2836.78
2837.34
2837.89
2838.35
2838.97
2839.42
2839.87
2840.39
2840.92
2841.35
2841.95
2842.37
2842.81
2843.22
2843.68
2844.09
2844.6
2845.02
2845.53
2845.95
2846.46
2846.88
2847.39
2847.8
2848.2
2848.61
2849.12
2849.52
2850.03
2850.42
2850.93
2851.32
2851.83
2852.22
2852.72
2853.1
2853.6
2853.99
2854.48
2854.86
2855.36
2855.74
2856.2
2856.57
2856.93
2857.31
2857.82
2858.18
2858.71
2859.07
2859.61
2859.97
2860.5
2860.86
2861.38
2861.76
2862.28
2862.63
2863.18
2863.53
2864.06
2864.43
2864.97
2865.33
2865.86
2866.25
2866.78
2867.18
2867.71
2868.07
2868.61
2869.06
2869.59
2869.96
2870.49
2870.86
2871.47
2871.84
2872.38
2872.75
2873.3
2873.7
2874.24
2874.72
2875.27
2875.64
2876.19
2876.57
2877.15
2877.53
2878.12
2878.5
2879.07
2879.47
2880.04
2880.44
2881
2881.51
2882.06
2882.44
2882.99
2883.37
2883.93
2884.34
2884.89
2885.3
2885.85
2886.25
2886.79
2887.24
2887.78
2888.14
2888.67
2889.06
2889.59
2890
2890.52
2890.88
2891.45
2891.79
2892.3
2892.67
2893.18
2893.54
2894.04
2894.41
2894.9
2895.23
2895.73
2896.05
2896.56
2896.86
2897.35
2897.66
2898.15
2898.44
2898.92
2899.21
2899.68
2899.96
2900.43
2900.7
2901.15
2901.42
2901.84
2902.09
2902.4
2902.65
2902.96
2903.2
2903.5
2903.73
2904.03
2904.26
2904.54
2904.77
2905.05
2905.27
2905.55
2905.77
2906.04
2906.26
2906.53
2906.74
2907.01
2907.21
2907.48
2907.7
2907.95
2908.15
2908.41
2908.61
2908.87
2909.06
2909.33
2909.51
2909.78
2909.96
2910.23
2910.41
2910.68
2910.84
2911.13
2911.28
2911.57
2911.74
2912
2912.16
2912.49
2912.63
2912.87
2913.13
2913.34
2913.5
2913.85
2913.99
2914.21
2914.46
2914.68
2914.88
2915.12
2915.37
2915.59
2915.78
2916.13
2916.3
2916.55
2916.77
2917.01
2917.38
2917.59
2917.77
2918.04
2918.43
2918.64
2918.85
2919.07
2919.29
2919.69
2919.87
2920.11
2920.48
2920.71
2920.91
2921.25
2921.46
2921.89
2922.11
2922.36
2922.57
2923.14
2923.33
2923.59
2923.82
2924.09
2924.35
2924.69
2925.09
2925.35
2925.59
2925.87
2926.08
2926.39
2926.66
2926.96
2927.2
2927.5
2927.75
2928.05
2928.26
2928.55
2928.76
2929.04
2929.25
2929.53
2929.74
2930.02
2930.23
2930.51
2930.73
2931
2931.22
2931.5
2931.72
2932
2932.22
2932.5
2932.73
2933
2933.24
2933.51
2933.74
2934.02
2934.25
2934.52
2934.76
2935.03
2935.27
2935.54
2935.78
2936.05
2936.29
2936.57
2936.81
2937.08
2937.32
2937.6
2937.83
2938.11
2938.34
2938.62
2938.86
2939.13
2939.37
2939.64
2939.88
2940.15
2940.39
2940.67
2940.9
2941.18
2941.41
2941.69
2941.92
2942.2
2942.44
2942.73
2942.96
2943.26
2943.5
2943.81
2944.05
2944.37
2944.61
2944.96
2945.2
2945.56
2945.8
2946.18
2946.42
2946.82
2947.06
2947.48
2947.72
2948.16
2948.41
2948.86
2949.11
2949.59
2949.84
2950.33
2950.58
2951.1
2951.35
2951.88
2952.13
2952.68
2952.94
2953.24
2953.5
2953.77
2954.05
2954.33
2954.61
2954.89
2955.17
2955.45
2955.73
2956.02
2956.3
2956.59
2956.87
2957.16
2957.45
2957.73
2958.02
2958.31
2958.6
2958.89
2959.18
2959.47
2959.76
2960.05
2960.34
2960.63
2960.92
2961.21
2961.5
2961.79
2962.08
2962.37
2962.66
2962.94
2963.23
2963.52
2963.8
2964.09
2964.37
2964.66
2964.94
2965.22
2965.5
2965.78
2966.06
2966.34
2966.61
2966.89
2967.17
2967.44
2967.71
2967.98
2968.25
2968.52
2968.79
2969.06
2969.32
2969.59
2969.85
2970.11
2970.37
2970.63
2970.89
2971.14
2971.4
2971.65
2971.9
2972.15
2972.4
2972.65
2972.9
2973.14
2973.38
2973.62
2973.86
2974.1
2974.34
2974.58
2974.81
2975.04
2975.28
2975.51
2975.73
2975.96
2976.19
2976.41
2976.64
2976.86
2977.08
2977.3
2977.51
2977.73
2977.95
2978.16
2978.37
2978.58
2978.79
2979
2979.21
2979.42
2979.62
2979.86
2980.06
2980.29
2980.49
2980.72
2980.91
2981.14
2981.33
2981.56
2981.75
2981.97
2982.16
2982.38
2982.57
2982.79
2982.98
2983.19
2983.38
2983.59
2983.77
2983.99
2984.17
2984.38
2984.56
2984.77
2984.94
2985.15
2985.33
2985.53
2985.71
2985.91
2986.08
2986.29
2986.46
2986.66
2986.83
2987.03
2987.2
2987.4
2987.56
2987.76
2987.93
2988.12
2988.29
2988.49
2988.65
2988.97
2989.25
2989.57
2989.87
2990.22
2990.66
2990.99
2991.31
2991.8
2992.22
2992.66
2992.94
2993.59
2993.87
2994.34
2994.64
2995.27
2995.61
2996.11
2996.55
2996.92
2997.25
2997.71
2998.21
2998.57
2999.03
2999.43
3000.04
3000.56
3001.04
3001.79
3002.44
3003.06
3004.03
3004.72
3005.56
3006.37
3007.55
3008.43
3009.37
3010.31
3011.59
3012.54
3013.53
3014.48
3015.53
3016.84
3017.87
3018.85
3019.89
3020.86
3021.87
3022.84
3023.85
3024.79
3025.77
3026.67
3027.61
3028.49
3029.39
3030.23
3031.1
3031.9
3032.74
3033.5
3034.3
3035.04
3035.81
3036.51
3037.24
3037.92
3038.57
3039.31
3039.93
3040.58
3041.27
3041.9
3042.5
3043.08
3043.55
3044.04
3044.58
3045.07
3045.51
3046.08
3046.51
3047
3047.5
3047.98
3048.4
3048.96
3049.36
3049.84
3050.35
3050.82
3051.21
3051.79
3052.16
3052.65
3053.1
3053.58
3053.94
3054.42
3054.87
3055.24
3055.77
3056.13
3056.48
3057.03
3057.36
3057.82
3058.23
3058.59
3058.91
3059.37
3059.71
3060.16
3060.49
3060.94
3061.27
3061.72
3062.05
3062.41
3062.73
3063.19
3063.51
3063.97
3064.29
3064.75
3065.06
3065.53
3065.84
3066.34
3066.65
3067.14
3067.45
3067.94
3068.25
3068.74
3069.05
3069.54
3069.84
3070.33
3070.64
3071.11
3071.42
3071.77
3072.23
3072.55
3073.01
3073.35
3073.79
3074.12
3074.59
3074.91
3075.36
3075.7
3076.15
3076.5
3076.93
3077.28
3077.74
3078.07
3078.52
3078.86
3079.29
3079.66
3080.11
3080.43
3080.87
3081.23
3081.66
3081.99
3082.43
3082.77
3083.24
3083.57
3083.99
3084.33
3084.78
3085.1
3085.57
3085.89
3086.32
3086.73
3087.15
3087.47
3087.89
3088.22
3088.72
3089.04
3089.46
3089.79
3090.23
3090.56
3091.04
3091.36
3091.78
3092.11
3092.56
3092.88
3093.32
3093.64
3094.09
3094.41
3094.84
3095.17
3095.59
3095.94
3096.35
3096.67
3097.11
3097.41
3097.83
3098.15
3098.57
3098.88
3099.31
3099.61
3100.03
3100.33
3100.75
3101.04
3101.46
3101.75
3102.16
3102.45
3102.86
3103.14
3103.55
3103.83
3104.23
3104.51
3104.9
3105.18
3105.57
3105.84
3106.23
3106.5
3106.88
3107.14
3107.52
3107.78
3108.15
3108.42
3108.78
3109.04
3109.4
3109.66
3109.97
3110.23
3110.45
3110.7
3110.92
3111.16
3111.38
3111.62
3111.83
3112.08
3112.29
3112.53
3112.73
3112.97
3113.18
3113.42
3113.62
3113.85
3114.06
3114.29
3114.49
3114.73
3114.92
3115.15
3115.35
3115.58
3115.77
3116
3116.19
3116.42
3116.61
3116.84
3117.02
3117.26
3117.43
3117.67
3117.85
3118.09
3118.26
3118.51
3118.67
3118.93
3119.1
3119.34
3119.51
3119.78
3119.94
3120.17
3120.37
3120.62
3120.83
3121.09
3121.28
3121.56
3121.75
3122.03
3122.23
3122.51
3122.73
3122.96
3123.22
3123.44
3123.74
3123.97
3124.19
3124.53
3124.72
3124.97
3125.3
3125.52
3125.77
3126.18
3126.37
3126.64
3126.85
3127.32
3127.52
3127.76
3128.01
3128.39
3128.63
3128.91
3129.39
3129.68
3129.89
3130.17
3130.4
3130.84
3131.06
3131.37
3131.91
3132.19
3132.41
3132.74
3132.97
3133.32
3133.62
3133.97
3134.22
3134.59
3134.83
3135.16
3135.44
3135.76
3136.03
3136.35
3136.61
3136.93
3137.19
3137.5
3137.76
3138.06
3138.29
3138.59
3138.82
3139.12
3139.36
3139.65
3139.89
3140.19
3140.43
3140.73
3140.98
3141.27
3141.52
3141.82
3142.07
3142.37
3142.62
3142.92
3143.17
3143.47
3143.72
3144.02
3144.27
3144.57
3144.83
3145.12
3145.38
3145.68
3145.94
3146.24
3146.49
3146.79
3147.05
3147.34
3147.6
3147.89
3148.15
3148.44
3148.69
3148.99
3149.24
3149.53
3149.79
3150.08
3150.33
3150.62
3150.87
3151.16
3151.41
3151.7
3151.95
3152.25
3152.5
3152.8
3153.05
3153.36
3153.61
3153.94
3154.19
3154.54
3154.79
3155.15
3155.41
3155.79
3156.04
3156.44
3156.69
3157.11
3157.37
3157.81
3158.07
3158.53
3158.79
3159.27
3159.53
3160.03
3160.29
3160.81
3161.07
3161.62
3161.88
3162.44
3162.7
3163
3163.27
3163.55
3163.83
3164.11
3164.4
3164.68
3164.97
3165.25
3165.53
3165.82
3166.11
3166.39
3166.68
3166.96
3167.25
3167.54
3167.82
3168.11
3168.39
3168.68
3168.97
3169.25
3169.54
3169.82
3170.11
3170.39
3170.67
3170.96
3171.24
3171.52
3171.8
3172.08
3172.35
3172.63
3172.91
3173.18
3173.45
3173.73
3174
3174.27
3174.54
3174.81
3175.07
3175.34
3175.6
3175.86
3176.12
3176.38
3176.64
3176.9
3177.15
3177.4
3177.66
3177.91
3178.15
3178.4
3178.65
3178.89
3179.13
3179.37
3179.61
3179.85
3180.08
3180.32
3180.55
3180.78
3181.01
3181.24
3181.46
3181.69
3181.91
3182.13
3182.35
3182.57
3182.79
3183
3183.22
3183.43
3183.64
3183.85
3184.06
3184.26
3184.47
3184.68
3184.89
3185.09
3185.32
3185.52
3185.75
3185.94
3186.17
3186.36
3186.59
3186.78
3187
3187.19
3187.41
3187.59
3187.81
3188
3188.21
3188.4
3188.61
3188.79
3189
3189.18
3189.39
3189.57
3189.78
3189.95
3190.16
3190.33
3190.54
3190.71
3190.92
3191.09
3191.29
3191.46
3191.66
3191.83
3192.03
3192.2
3192.4
3192.56
3192.76
3192.92
3193.12
3193.29
3193.48
3193.65
3193.84
3194
3194.2
3194.36
3194.68
3194.96
3195.28
3195.57
3195.91
3196.26
3196.62
3197.08
3197.42
3197.8
3198.25
3198.76
3199.22
3199.5
3199.98
3200.46
3200.94
3201.3
3201.83
3202.28
3202.65
3202.98
3203.46
3203.98
3204.35
3204.83
3205.28
3205.9
3206.46
3206.96
3207.77
3208.45
3209.09
3210.03
3210.83
3211.63
3212.48
3213.68
3214.6
3215.51
3216.49
3217.77
3218.7
3219.65
3220.69
3221.67
3223.01
3223.98
3225.04
3225.98
3226.94
3227.92
3228.87
3229.82
3230.73
3231.69
3232.57
3233.43
3234.35
3235.16
3235.98
3236.83
3237.61
3238.35
3239.17
3239.87
3240.59
3241.34
3242.02
3242.67
3243.41
3244.03
3244.67
3245.36
3245.99
3246.46
3247.04
3247.5
3248
3248.53
3249.03
3249.47
3250.04
3250.47
3250.96
3251.46
3251.95
3252.36
3252.92
3253.33
3253.84
3254.31
3254.79
3255.21
3255.76
3256.16
3256.63
3257.1
3257.48
3257.87
3258.41
3258.78
3259.23
3259.68
3260.05
3260.41
3260.93
3261.28
3261.73
3262.08
3262.45
3262.8
3263.13
3263.6
3263.93
3264.4
3264.71
3265.18
3265.5
3265.97
3266.29
3266.66
3266.98
3267.44
3267.76
3268.22
3268.54
3269.01
3269.32
3269.78
3270.1
3270.47
3270.78
3271.12
3271.56
3271.89
3272.34
3272.69
3273.14
3273.49
3273.93
3274.28
3274.72
3275.08
3275.52
3275.87
3276.31
3276.65
3277.1
3277.44
3277.87
3278.23
3278.66
3279
3279.44
3279.79
3280.24
3280.57
3281.01
3281.36
3281.79
3282.14
3282.57
3282.93
3283.36
3283.71
3284.14
3284.47
3284.94
3285.27
3285.7
3286.05
3286.48
3286.85
3287.28
3287.6
3288.04
3288.42
3288.85
3289.17
3289.6
3289.95
3290.38
3290.75
3291.18
3291.5
3291.94
3292.31
3292.74
3293.07
3293.55
3293.87
3294.3
3294.64
3295.08
3295.43
3295.86
3296.21
3296.63
3297
3297.42
3297.74
3298.21
3298.53
3298.95
3299.32
3299.73
3300.05
3300.51
3300.82
3301.24
3301.58
3301.99
3302.33
3302.74
3303.08
3303.48
3303.8
3304.21
3304.54
3304.94
3305.27
3305.66
3305.98
3306.38
3306.7
3307.08
3307.4
3307.78
3308.09
3308.48
3308.78
3309.16
3309.46
3309.84
3310.14
3310.51
3310.8
3311.17
3311.46
3311.83
3312.11
3312.48
3312.76
3313.12
3313.4
3313.74
3314.02
3314.25
3314.52
3314.74
3315.01
3315.22
3315.49
3315.7
3315.96
3316.17
3316.42
3316.63
3316.89
3317.09
3317.34
3317.55
3317.8
3318
3318.26
3318.46
3318.7
3318.91
3319.15
3319.34
3319.6
3319.79
3320.04
3320.23
3320.48
3320.65
3320.92
3321.09
3321.34
3321.52
3321.77
3321.93
3322.2
3322.36
3322.61
3322.79
3323.05
3323.21
3323.46
3323.63
3323.91
3324.08
3324.3
3324.51
3324.74
3324.99
3325.2
3325.38
3325.66
3325.85
3326.07
3326.35
3326.55
3326.82
3327.05
3327.32
3327.55
3327.79
3328.02
3328.33
3328.54
3328.83
3329.05
3329.4
3329.64
3329.84
3330.14
3330.39
3330.67
3330.94
3331.3
3331.53
3331.78
3332.16
3332.43
3332.64
3332.94
3333.29
3333.55
3333.81
3334.15
3334.44
3334.73
3335.17
3335.44
3335.66
3335.99
3336.34
3336.62
3336.89
3337.2
3337.45
3337.77
3338.05
3338.36
3338.61
3338.92
3339.18
3339.49
3339.74
3340.04
3340.3
3340.6
3340.83
3341.12
3341.35
3341.64
3341.88
3342.17
3342.4
3342.69
3342.94
3343.23
3343.47
3343.77
3344.01
3344.31
3344.56
3344.85
3345.11
3345.4
3345.65
3345.95
3346.2
3346.49
3346.75
3347.04
3347.29
3347.59
3347.84
3348.14
3348.4
3348.69
3348.95
3349.24
3349.5
3349.79
3350.04
3350.33
3350.58
3350.88
3351.13
3351.42
3351.67
3351.96
3352.21
3352.5
3352.75
3353.04
3353.29
3353.57
3353.82
3354.11
3354.35
3354.64
3354.89
3355.19
3355.43
3355.74
3355.99
3356.31
3356.56
3356.89
3357.14
3357.49
3357.74
3358.11
3358.36
3358.75
3359
3359.41
3359.67
3360.09
3360.35
3360.8
3361.05
3361.52
3361.78
3362.27
3362.52
3363.03
3363.29
3363.82
3364.08
3364.63
3364.88
3365.25
3365.51
3365.77
3366.03
3366.3
3366.58
3366.86
3367.14
3367.42
3367.7
3367.99
3368.27
3368.55
3368.84
3369.12
3369.4
3369.69
3369.97
3370.26
3370.54
3370.83
3371.11
3371.4
3371.68
3371.97
3372.25
3372.53
3372.82
3373.1
3373.38
3373.66
3373.94
3374.22
3374.5
3374.77
3375.05
3375.33
3375.6
3375.88
3376.15
3376.42
3376.69
3376.96
3377.23
3377.5
3377.76
3378.03
3378.29
3378.55
3378.81
3379.07
3379.33
3379.58
3379.84
3380.09
3380.34
3380.59
3380.84
3381.09
3381.34
3381.58
3381.82
3382.06
3382.3
3382.54
3382.78
3383.01
3383.25
3383.48
3383.71
3383.94
3384.17
3384.39
3384.62
3384.84
3385.06
3385.28
3385.5
3385.72
3385.93
3386.15
3386.36
3386.57
3386.78
3386.99
3387.2
3387.41
3387.61
3387.81
3388.02
3388.22
3388.42
3388.62
3388.82
3389.01
3389.21
3389.4
3389.61
3389.81
3390.03
3390.22
3390.44
3390.63
3390.85
3391.03
3391.25
3391.43
3391.65
3391.83
3392.04
3392.22
3392.43
3392.61
3392.82
3393
3393.2
3393.38
3393.59
3393.76
3393.97
3394.14
3394.34
3394.51
3394.72
3394.88
3395.09
3395.25
3395.45
3395.62
3395.82
3395.99
3396.19
3396.35
3396.55
3396.71
3396.91
0.285435
0.582854
0.857028
1.16549
1.44936
1.78883
2.21175
2.53365
2.83632
3.30518
3.63088
4.06692
4.50491
4.94858
5.20664
5.6685
6.07776
6.54497
6.83372
7.42624
7.71001
8.052
8.47633
8.8036
9.248
9.6839
10.0355
10.5734
11.0625
11.5158
12.1547
12.794
13.3805
14.1624
14.9332
15.599
16.6094
17.3877
18.2269
19.0909
20.2173
21.0797
22.0376
22.9295
24.1284
25.0617
26.0153
26.9202
27.8797
28.8186
29.7483
30.633
31.5295
32.3868
33.2551
34.0748
34.9169
35.7031
36.5166
37.2657
38.0482
38.7642
39.5162
40.2036
40.9262
41.5832
42.2788
42.9095
43.581
44.1908
44.8074
45.3956
46.0306
46.605
47.1579
47.8018
48.3371
48.8937
49.3988
49.8548
50.2652
50.8003
51.1897
51.6418
52.0977
52.5476
52.9207
53.5037
53.8555
54.3544
54.7747
55.1293
55.5167
56.033
56.3522
56.808
57.1993
57.528
57.9565
58.3574
58.7783
59.0656
59.4932
59.7686
60.1025
60.4804
60.7432
61.0341
61.4038
61.8049
62.0805
62.4184
62.745
62.9848
63.3299
63.5864
63.8569
64.1758
64.4309
64.6767
64.9511
65.2185
65.4996
65.7432
66.0357
66.2806
66.5625
66.8164
67.1076
67.3579
67.6539
67.9067
68.2035
68.4602
68.7603
69.0185
69.3196
69.5811
69.8683
70.157
70.4384
70.7114
71.0194
71.2914
71.5858
71.8856
72.1743
72.4557
72.771
73.0537
73.3504
73.6604
73.9547
74.2454
74.5652
74.8558
75.1538
75.4708
75.7676
76.0629
76.3845
76.6797
76.9777
77.2813
77.585
77.8904
78.1905
78.5061
78.803
79.1008
79.4015
79.706
80.0061
80.3119
80.6129
80.9205
81.2222
81.5275
81.8319
82.1392
82.443
82.7535
83.0565
83.362
83.6714
83.975
84.2866
84.5889
84.9154
85.2154
85.5289
85.9057
86.2092
86.591
86.8951
87.2638
87.5809
87.9448
88.2548
88.6295
88.9394
89.3011
89.6243
89.9829
90.2972
90.6669
90.9808
91.3393
91.6672
92.0222
92.3383
92.7088
93.0224
93.3791
93.7066
94.0621
94.3781
94.7433
95.0662
95.4188
95.7439
96.0951
96.4097
96.7746
97.0849
97.4361
97.7636
98.1108
98.4281
98.773
99.0857
99.4429
99.7569
100.094
100.399
100.743
101.047
101.405
101.704
102.039
102.335
102.683
102.975
103.305
103.596
103.953
104.236
104.564
104.845
105.199
105.475
105.795
106.077
106.429
106.702
107.031
107.303
107.642
107.934
108.24
108.51
108.864
109.127
109.437
109.706
110.08
110.337
110.63
110.894
111.285
111.537
111.826
112.083
112.428
112.711
112.996
113.25
113.611
113.856
114.146
114.482
114.816
115.057
115.336
115.585
116.01
116.247
116.522
116.765
117.105
117.431
117.703
117.942
118.278
118.514
118.876
119.108
119.404
119.633
119.917
120.251
120.522
120.758
121.027
121.274
121.635
121.868
122.129
122.361
122.635
122.963
123.224
123.45
123.712
123.952
124.314
124.539
124.801
125.026
125.302
125.632
125.894
126.12
126.385
126.625
126.996
127.224
127.489
127.719
127.997
128.335
128.602
128.832
129.1
129.342
129.72
129.951
130.22
130.453
130.73
131.07
131.334
131.559
131.82
132.045
132.311
132.553
132.832
133.077
133.357
133.6
133.881
134.124
134.405
134.648
134.93
135.174
135.457
135.703
135.987
136.234
136.52
136.768
137.055
137.305
137.593
137.844
138.132
138.382
138.67
138.92
139.207
139.455
139.741
139.989
140.275
140.523
140.809
141.057
141.343
141.591
141.876
142.123
142.406
142.65
142.931
143.173
143.452
143.693
143.972
144.212
144.489
144.728
145.004
145.242
145.516
145.752
146.026
146.26
146.53
146.762
147.031
147.262
147.529
147.759
148.027
148.258
148.525
148.754
149.019
149.245
149.508
149.732
149.995
150.217
150.486
150.708
150.986
151.208
151.5
151.721
152.027
152.247
152.57
152.79
153.129
153.349
153.705
153.925
154.301
154.521
154.919
155.141
155.561
155.786
156.228
156.453
156.913
157.139
157.619
157.845
158.343
158.569
159.087
159.314
159.634
159.863
160.094
160.33
160.573
160.824
161.076
161.329
161.582
161.836
162.09
162.345
162.601
162.858
163.116
163.375
163.636
163.898
164.16
164.422
164.683
164.945
165.206
165.467
165.727
165.988
166.249
166.509
166.77
167.031
167.292
167.553
167.814
168.074
168.334
168.593
168.852
169.11
169.367
169.623
169.879
170.134
170.39
170.646
170.902
171.157
171.412
171.665
171.916
172.167
172.416
172.663
172.91
173.156
173.401
173.645
173.889
174.132
174.374
174.616
174.857
175.097
175.336
175.574
175.811
176.047
176.393
176.722
177.056
177.4
177.771
178.345
178.69
179.043
179.446
179.985
180.339
180.713
181.332
181.663
182.012
182.677
183.005
183.348
183.999
184.325
184.668
185.133
185.471
185.865
186.236
186.618
187.085
187.464
187.803
188.19
188.681
189.066
189.445
189.845
190.385
190.796
191.2
191.628
192.213
192.677
193.094
193.559
194.121
194.603
195.075
195.589
196.273
196.777
197.249
197.756
198.235
198.766
199.272
199.791
200.287
200.798
201.278
201.786
202.246
202.739
203.185
203.668
204.106
204.58
205.008
205.478
205.901
206.368
206.791
207.259
207.683
208.156
208.587
209.07
209.513
210.009
210.461
210.971
211.435
211.963
212.43
213.009
213.453
213.934
214.428
214.96
215.447
215.908
216.468
216.924
217.41
217.946
218.426
218.886
219.45
219.907
220.393
220.932
221.417
221.877
222.441
222.897
223.381
223.918
224.397
224.851
225.413
225.862
226.337
226.867
227.339
227.785
228.337
228.687
229.081
229.507
229.906
230.246
230.74
231.074
231.494
231.907
232.339
232.671
233.103
233.594
233.924
234.505
234.837
235.243
235.663
236.172
236.508
236.982
237.464
237.834
238.271
238.796
239.134
239.59
240.088
240.458
240.832
241.364
241.699
242.098
242.56
242.921
243.282
243.643
244.147
244.509
244.837
245.207
245.712
246.062
246.384
246.735
247.236
247.573
247.89
248.227
248.601
248.937
249.332
249.656
249.992
250.342
250.677
251.025
251.354
251.692
252.023
252.358
252.684
253.013
253.338
253.661
253.984
254.301
254.622
254.934
255.252
255.56
255.875
256.161
256.498
256.774
257.108
257.381
257.691
257.986
258.29
258.569
258.88
259.17
259.483
259.749
260.097
260.36
260.699
260.985
261.334
261.596
261.965
262.234
262.617
262.896
263.287
263.546
263.956
264.223
264.643
264.906
265.342
265.604
266.047
266.308
266.763
267.022
267.481
267.739
268.207
268.464
268.933
269.189
269.664
269.919
270.392
270.645
271.123
271.375
271.848
272.099
272.574
272.824
273.292
273.541
274.01
274.257
274.718
274.966
275.426
275.669
276.12
276.365
276.814
277.056
277.495
277.741
278.176
278.415
278.84
279.078
279.505
279.742
280.15
280.386
280.79
281.033
281.424
281.658
282.042
282.276
282.659
282.891
283.256
283.487
283.842
284.084
284.43
284.659
284.993
285.225
285.565
285.793
286.108
286.337
286.648
286.88
287.184
287.414
287.725
287.954
288.242
288.471
288.777
289.006
289.287
289.517
289.818
290.047
290.325
290.555
290.856
291.084
291.357
291.587
291.891
292.117
292.39
292.618
292.927
293.149
293.424
293.648
293.959
294.178
294.454
294.675
294.989
295.206
295.482
295.701
296.013
296.231
296.513
296.73
297.035
297.277
297.523
297.756
298.074
298.285
298.573
298.789
299.097
299.349
299.63
299.846
300.222
300.429
300.763
300.977
301.328
301.576
301.858
302.077
302.52
302.722
303.001
303.214
303.57
303.897
304.175
304.386
304.735
304.941
305.241
305.467
305.829
306.038
306.39
306.633
306.912
307.14
307.564
307.78
308.083
308.296
308.599
308.833
309.153
309.391
309.701
310.022
310.318
310.534
310.831
311.053
311.406
311.623
311.919
312.156
312.465
312.697
312.996
313.219
313.511
313.723
314.015
314.222
314.511
314.717
315.004
315.212
315.498
315.706
315.992
316.201
316.486
316.694
316.978
317.188
317.473
317.683
317.968
318.18
318.466
318.679
318.935
319.148
319.402
319.616
319.868
320.081
320.332
320.544
320.794
321.006
321.256
321.467
321.716
321.928
322.177
322.388
322.638
322.848
323.095
323.304
323.549
323.756
324.001
324.206
324.45
324.655
324.905
325.11
325.368
325.573
325.84
326.044
326.323
326.526
326.817
327.019
327.326
327.528
327.849
328.052
328.393
328.598
328.957
329.163
329.541
329.746
330.141
330.346
330.76
330.965
331.397
331.602
332.054
332.26
332.578
332.786
332.994
333.204
333.42
333.644
333.873
334.102
334.333
334.563
334.795
335.027
335.26
335.495
335.732
335.97
336.209
336.448
336.687
336.926
337.165
337.403
337.641
337.88
338.118
338.475
338.805
339.145
339.523
340.104
340.456
341.018
341.372
341.967
342.335
342.926
343.379
343.969
344.315
344.911
345.343
345.935
346.281
346.691
347.029
347.443
347.777
348.313
348.648
349.058
349.539
349.954
350.307
350.897
351.277
351.771
352.363
352.895
353.356
354.111
354.648
355.255
355.839
356.731
357.321
357.997
358.621
359.583
360.2
360.889
361.503
362.206
363.086
363.757
364.339
364.986
365.545
366.172
366.713
367.324
367.837
368.413
368.89
369.435
369.887
370.415
370.849
371.362
371.782
372.285
372.698
373.201
373.615
374.12
374.538
375.05
375.474
375.997
376.43
376.968
377.413
377.976
378.415
379.098
379.515
380.026
380.487
381.037
381.549
382.036
382.515
383.073
383.533
384.015
384.545
385.019
385.466
386.01
386.446
386.907
387.418
387.871
388.298
388.825
389.243
389.685
390.18
390.616
391.026
391.54
391.943
392.373
392.857
393.286
393.687
394.194
394.592
395.018
395.405
395.751
396.053
396.499
396.797
397.172
397.554
397.943
398.246
398.642
399.054
399.402
399.914
400.264
400.598
401.159
401.487
401.987
402.398
402.898
403.244
403.771
404.115
404.487
405.073
405.445
405.814
406.429
406.779
407.162
407.778
408.157
408.515
409.07
409.521
409.905
410.441
410.854
411.235
411.706
412.079
412.496
413.05
413.447
413.826
414.25
414.813
415.213
415.613
416.019
416.592
416.99
417.412
417.815
418.418
418.824
419.233
419.647
420.118
420.521
420.943
421.454
421.871
422.266
422.676
423.1
423.522
423.945
424.36
424.783
425.19
425.601
426.025
426.414
426.821
427.231
427.628
428.017
428.418
428.814
429.207
429.575
429.989
430.347
430.735
431.112
431.493
431.841
432.245
432.586
432.959
433.3
433.691
434.022
434.386
434.716
435.091
435.414
435.771
436.097
436.45
436.769
437.122
437.436
437.782
438.09
438.435
438.74
439.088
439.389
439.743
440.039
440.406
440.699
441.07
441.36
441.742
442.028
442.425
442.708
443.112
443.392
443.806
444.084
444.508
444.783
445.216
445.488
445.933
446.202
446.649
446.915
447.371
447.638
448.095
448.355
448.821
449.078
449.545
449.799
450.267
450.517
450.976
451.23
451.697
451.94
452.25
452.493
452.776
453.025
453.484
453.719
454.17
454.402
454.852
455.082
455.52
455.747
456.18
456.406
456.829
457.066
457.475
457.697
458.103
458.339
458.731
458.95
459.338
459.573
459.948
460.163
460.533
460.767
461.123
461.335
461.684
461.917
462.253
462.459
462.791
463.018
463.341
463.536
463.843
464.069
464.373
464.563
464.841
465.08
465.342
465.565
465.818
466.044
466.328
466.513
466.76
467.017
467.253
467.45
467.711
467.945
468.237
468.42
468.656
468.893
469.176
469.36
469.595
469.843
470.134
470.321
470.553
470.798
471.109
471.295
471.526
471.788
472.019
472.324
472.555
472.837
473.06
473.301
473.543
473.916
474.135
474.352
474.583
474.887
475.134
475.358
475.708
475.997
476.216
476.432
476.663
476.986
477.207
477.436
477.799
478.03
478.274
478.501
478.758
479.046
479.29
479.52
479.789
480.034
480.328
480.558
480.812
481.167
481.409
481.641
481.884
482.12
482.393
482.634
483.006
483.241
483.487
483.716
483.96
484.187
484.438
484.668
484.919
485.148
485.398
485.628
485.877
486.075
486.322
486.521
486.767
486.967
487.211
487.411
487.655
487.856
488.101
488.304
488.549
488.753
488.999
489.205
489.453
489.66
489.907
490.115
490.362
490.569
490.816
491.023
491.269
491.477
491.724
491.932
492.179
492.388
492.635
492.844
493.091
493.3
493.546
493.753
493.997
494.203
494.448
494.654
494.903
495.109
495.367
495.573
495.839
496.045
496.323
496.529
496.819
497.024
497.328
497.533
497.851
498.057
498.393
498.6
498.955
499.164
499.54
499.75
500.142
500.352
500.765
500.976
501.406
501.617
502.069
502.281
502.753
502.967
503.46
503.675
503.916
504.15
504.388
504.627
504.866
505.107
505.349
505.592
505.836
506.082
506.33
506.579
506.831
507.085
507.339
507.593
507.848
508.103
508.358
508.613
508.869
509.124
509.381
509.638
509.895
510.153
510.412
510.671
510.93
511.189
511.448
511.707
511.966
512.225
512.483
512.741
512.998
513.256
513.515
513.773
514.033
514.292
514.55
514.807
515.063
515.318
515.572
515.941
516.287
516.639
517.005
517.599
517.963
518.402
519.005
519.387
519.986
520.474
521.067
521.422
522.022
522.488
523.086
523.452
524.138
524.5
525.105
525.519
525.872
526.22
526.666
527.008
527.503
527.915
528.285
528.845
529.227
529.664
530.221
530.681
531.139
